timestamp,tx_id,creatorid,activity_name,function_args,endorsers_id,tx_status,readkeys,writekeys,rangekeys,transaction_type,block number,commit order,0
2022-04-07T17:24:18.094Z,06bcb6164ccedbc088d0c35b5aabf1dd36ca9abfc86d9d23de16f2b6ae2689d5,Org1MSP,Func4,"[14419"",""1441900"",""10539"",""1053900""]""",Org1MSP Org2MSP ,VALID,, 10539 14419,,WT,102,10007,0
2022-04-07T17:24:18.096Z,88dc8524f4356f3b159f8d6dd4983d0936ec71201616253a0ad2747af0fb0ae1,Org1MSP,Func1,"[5"",""3807""]""",Org1MSP Org2MSP ,VALID, 3807 5,,,RT,102,10059,0
2022-04-07T17:24:18.099Z,35657367e6c7fe4dd695dbbc1016c5b9df389570b97352d191e83b8192e5be2c,Org1MSP,Func4,"[10448"",""1044800"",""10019"",""1001900""]""",Org1MSP Org2MSP ,VALID,, 10019 10448,,WT,102,10025,0
2022-04-07T17:24:18.101Z,84702a26cb945f574e3a1a64f467005eb5b3e134b57c1dbb3fe15670b5769179,Org1MSP,Func4,"[12078"",""1207800"",""11200"",""1120000""]""",Org1MSP Org2MSP ,VALID,, 11200 12078,,WT,102,10056,0
2022-04-07T17:24:18.101Z,d74fe9c52189e89324f47e65863216da077fa4f5e0cdb2447d255790e07643af,Org1MSP,Func4,"[10079"",""1007900"",""10001"",""1000100""]""",Org1MSP Org2MSP ,VALID,, 10001 10079,,WT,102,10089,0
2022-04-07T17:24:18.102Z,dfbbd5753fcc90c05ad19653e29527b9ba410e7a1c37c7c681de9fc7a28dde52,Org1MSP,Func4,"[10002"",""1000200"",""10043"",""1004300""]""",Org1MSP Org2MSP ,VALID,, 10002 10043,,WT,102,10093,0
2022-04-07T17:24:18.104Z,2f8b30142c80b0d51c10b4efe1cf03d5351a2818595a0bedf45f65ab99204509,Org1MSP,Func4,"[10010"",""1001000"",""10342"",""1034200""]""",Org1MSP Org2MSP ,VALID,, 10010 10342,,WT,102,10022,0
2022-04-07T17:24:18.104Z,8b39db8926ee037cb883b0bd4486d1eb46d2cdbe0c575bcdfb08bd602b6c3d74,Org1MSP,Func7,"[23"",""100"",""8161"",""100""]""",Org1MSP Org2MSP ,VALID, 23 8161, 23 8161,,UT,102,10062,0
2022-04-07T17:24:18.104Z,a942ed3f85e990f8da3b58de856dbee8799aa07b8355baa3d04c6f6993316690,Org1MSP,Func4,"[10005"",""1000500"",""10004"",""1000400""]""",Org1MSP Org2MSP ,VALID,, 10004 10005,,WT,102,10075,0
2022-04-07T17:24:18.105Z,d101114662bc9e364ae815e94e8b702440b14a39548092cba1ebf6f33668d8d7,Org1MSP,Func4,"[10031"",""1003100"",""10000"",""1000000""]""",Org1MSP Org2MSP ,VALID,, 10000 10031,,WT,102,10085,0
2022-04-07T17:24:18.189Z,9d28fb119d73f5913dab0a23f41958c7eaf51bed16a8324f7445e84c20aaecff,Org1MSP,Func1,"[1"",""5322""]""",Org1MSP Org2MSP ,VALID, 1 5322,,,RT,102,10067,0
2022-04-07T17:24:18.190Z,107e32459d6d7d559aee9d3d20db52c83fdf4c97d406ce5876c79adda5bdb4a6,Org1MSP,Func1,"[945"",""1096""]""",Org1MSP Org2MSP ,VALID, 1096 945,,,RT,102,10013,0
2022-04-07T17:24:18.190Z,8a254d781b0ae8f5a3759b31e067f208d59afb41b4e0637caed8d38a53dc001f,Org1MSP,Func4,"[16222"",""1622200"",""10048"",""1004800""]""",Org1MSP Org2MSP ,VALID,, 10048 16222,,WT,102,10061,0
2022-04-07T17:24:18.191Z,e8cea0a772de2ce4b7d95b65976391fd31f2fcb1efa2a29acc7ef7377872a50f,Org1MSP,Func4,"[10051"",""1005100"",""10001"",""1000100""]""",Org1MSP Org2MSP ,VALID,, 10001 10051,,WT,102,10099,0
2022-04-07T17:24:18.193Z,17efc95e07af6250b1940af4ecfe6069db789004fe2b4267cd7e3ddcfef0a240,Org1MSP,Func4,"[10008"",""1000800"",""10090"",""1009000""]""",Org1MSP Org2MSP ,VALID,, 10008 10090,,WT,102,10015,0
2022-04-07T17:24:18.195Z,111f0459d10461558848f52e5e9a3ae80c2472e57d22a9c325d2be5a5f758be9,Org1MSP,Func4,"[10047"",""1004700"",""10000"",""1000000""]""",Org1MSP Org2MSP ,VALID,, 10000 10047,,WT,102,10014,0
2022-04-07T17:24:18.196Z,4dd928d68b40d5d7fc8d9a02954e99cb3bd4ec540ae296aec03b054e671e19ba,Org1MSP,Func4,"[10008"",""1000800"",""10094"",""1009400""]""",Org1MSP Org2MSP ,VALID,, 10008 10094,,WT,102,10036,0
2022-04-07T17:24:18.197Z,efb804eb31ee1f329a5b335aff1879d1a7196854af290787822f9b6f3a529a87,Org1MSP,Func7,"[11"",""100"",""8"",""100""]""",Org1MSP Org2MSP ,VALID, 11 8, 11 8,,UT,102,10102,0
2022-04-07T17:24:18.198Z,3fbbccb5c4bf2e924224ea0b4368dbdb15a96fa7e83f21c0bbabdc5376c39cc2,Org1MSP,Func7,"[911"",""100"",""410"",""100""]""",Org1MSP Org2MSP ,VALID, 410 911, 410 911,,UT,102,10031,0
2022-04-07T17:24:18.200Z,64084efb2d71ce5689d8eac89b315efd2fec143cc6845d6b56c4016e8a9759d8,Org1MSP,Func4,"[11672"",""1167200"",""10008"",""1000800""]""",Org1MSP Org2MSP ,VALID,, 10008 11672,,WT,102,10045,0
2022-04-07T17:24:18.288Z,db8b8e1fcabf50891b9fbb02b38bc406a96b7b1d4428f8ccfd47f0b0ab98e841,Org1MSP,Func4,"[19368"",""1936800"",""10021"",""1002100""]""",Org1MSP Org2MSP ,VALID,, 10021 19368,,WT,102,10092,0
2022-04-07T17:24:18.289Z,21dfe818ec6f103fd6166e3151d8b7d15bc7023f2f7aeaa51c543cdda65d675e,Org1MSP,Func7,"[551"",""100"",""2054"",""100""]""",Org1MSP Org2MSP ,VALID, 2054 551, 2054 551,,UT,102,10019,0
2022-04-07T17:24:18.289Z,8ffc5ed2f9fc95854fc3f18bb190f9a073a1eb41d7d3ba649e7a9a5b8e1cfcca,Org1MSP,Func4,"[10630"",""1063000"",""10125"",""1012500""]""",Org1MSP Org2MSP ,VALID,, 10125 10630,,WT,102,10064,0
2022-04-07T17:24:18.290Z,c2b48e9153e41868d8d8bcfec1a897d6401d62eb7f6ac8df2ea07d376c6450e1,Org1MSP,Func1,"[25"",""7""]""",Org1MSP Org2MSP ,VALID, 25 7,,,RT,102,10083,0
2022-04-07T17:24:18.293Z,5925be022709a21109be15825bfa4e5453d155474b98d8a79b102199592327a4,Org1MSP,Func4,"[10005"",""1000500"",""10037"",""1003700""]""",Org1MSP Org2MSP ,VALID,, 10005 10037,,WT,102,10040,0
2022-04-07T17:24:18.294Z,2d2471ce7ecff607e5e640138af19c69e899cf400630d29bec26469fac83ef7b,Org1MSP,Func1,"[7466"",""24""]""",Org1MSP Org2MSP ,VALID, 24 7466,,,RT,102,10020,0
2022-04-07T17:24:18.294Z,71ff54bd2fcf6f3063650b455232f80f01dfc1a01bf606b474c555baf9a66afa,Org1MSP,Func4,"[10037"",""1003700"",""10006"",""1000600""]""",Org1MSP Org2MSP ,VALID,, 10006 10037,,WT,102,10050,0
2022-04-07T17:24:18.297Z,69f4ce24a65a0467cfcdc97d04355abf52451b729588799aa771ba1d0b189d74,Org1MSP,Func1,"[162"",""8""]""",Org1MSP Org2MSP ,VALID, 162 8,,,RT,102,10048,0
2022-04-07T17:24:18.297Z,abe036f45644ba35de6bf06155c52b24e3e5f06b433fd4d588e4e9562587d763,Org1MSP,Func4,"[14147"",""1414700"",""10006"",""1000600""]""",Org1MSP Org2MSP ,VALID,, 10006 14147,,WT,102,10077,0
2022-04-07T17:24:18.299Z,8780dce6fc0551a9f242eadf775e1bd35e0552226bd0c0e3b3bef82a080973c8,Org1MSP,Func7,"[1827"",""100"",""714"",""100""]""",Org1MSP Org2MSP ,VALID, 1827 714, 1827 714,,UT,102,10058,0
2022-04-07T17:24:18.389Z,3de8ffc4b039577272b15c53895491fd5286f89030c5863376cc823ffb074955,Org1MSP,Func1,"[2487"",""14""]""",Org1MSP Org2MSP ,VALID, 14 2487,,,RT,102,10030,0
2022-04-07T17:24:18.389Z,9ca1fc087b5f46f8e3e7c3c529a512de498c330fef42cfd7c5a3f8e8e4a8719d,Org1MSP,Func4,"[16955"",""1695500"",""10000"",""1000000""]""",Org1MSP Org2MSP ,VALID,, 10000 16955,,WT,102,10066,0
2022-04-07T17:24:18.389Z,e7c48018f40aa0fc2c062c09554d5fc4eab6689c4dc24c4fbfbce984d87a0e5d,Org1MSP,Func4,"[10049"",""1004900"",""10048"",""1004800""]""",Org1MSP Org2MSP ,VALID,, 10048 10049,,WT,102,10098,0
2022-04-07T17:24:18.393Z,3babe239ecc197e086685fc5ca8004e4b5a990f62f7580220c95bf60eefebdba,Org1MSP,Func1,"[1454"",""1290""]""",Org1MSP Org2MSP ,VALID, 1290 1454,,,RT,102,10029,0
2022-04-07T17:24:18.394Z,a04cf0f3b1d2e782637cd66f2c95f71b52acf7faf88f9d06184d8a36b19e089e,Org1MSP,Func1,"[4582"",""4114""]""",Org1MSP Org2MSP ,VALID, 4114 4582,,,RT,102,10069,0
2022-04-07T17:24:18.396Z,c16479f3ae7e6bc5f1de6d737257700988654fbd2ba808885c502f19f6aee606,Org1MSP,Func1,"[95"",""17""]""",Org1MSP Org2MSP ,VALID, 17 95,,,RT,102,10081,0
2022-04-07T17:24:18.397Z,05797de663c38e5f61dfc3d70ee5ffddaea08e36c619478d6d68448db095eb25,Org1MSP,Func4,"[10239"",""1023900"",""16060"",""1606000""]""",Org1MSP Org2MSP ,VALID,, 10239 16060,,WT,102,10006,0
2022-04-07T17:24:18.399Z,3374a83cf0fd6cf1adba249847e700df04ced7b5663626d1c17cd853f29c4130,Org1MSP,Func4,"[10001"",""1000100"",""10044"",""1004400""]""",Org1MSP Org2MSP ,VALID,, 10001 10044,,WT,102,10023,0
2022-04-07T17:24:18.399Z,993237d3a86354d8dd818003ade7e2566d9dd119764fbfb12cfc967f3272ecb0,Org1MSP,Func7,"[676"",""100"",""340"",""100""]""",Org1MSP Org2MSP ,VALID, 340 676, 340 676,,UT,102,10065,0
2022-04-07T17:24:18.489Z,b6d95aa5084957437a892981b76bf44339d1421b6c25dfa426af1a72df42d08b,Org1MSP,Func4,"[10000"",""1000000"",""10000"",""1000000""]""",Org1MSP Org2MSP ,VALID,, 10000,,WT,102,10079,0
2022-04-07T17:24:18.489Z,c37806d0fa6b55052b984b8fd8860ca6c35badab10aaa18029876aaeab8fb9b3,Org1MSP,Func7,"[3"",""100"",""472"",""100""]""",Org1MSP Org2MSP ,VALID, 3 472, 3 472,,UT,102,10084,0
2022-04-07T17:24:18.490Z,08052758df167331290a45929688c047be6974084b5e00ca2de4f49d2f9f0507,Org1MSP,Func1,"[2045"",""188""]""",Org1MSP Org2MSP ,VALID, 188 2045,,,RT,102,10008,0
2022-04-07T17:24:18.491Z,fce53ec4178b20cb20ea23deb541cf104fdf831e5e27d52f039b8efe6b749327,Org1MSP,Func7,"[1"",""100"",""1"",""100""]""",Org1MSP Org2MSP ,VALID, 1, 1,,UT,102,10103,0
2022-04-07T17:24:18.493Z,770145bc5ae731885e09f75afab70a97366d6aaa56c9165625d2b6d6e8fa7cc5,Org1MSP,Func4,"[13930"",""1393000"",""10491"",""1049100""]""",Org1MSP Org2MSP ,VALID,, 10491 13930,,WT,102,10053,0
2022-04-07T17:24:18.494Z,4610f39ecf8ee2b629b427ce71da413f0090e7e648ae675a863ca5b3eef5f977,Org1MSP,Func4,"[10074"",""1007400"",""10028"",""1002800""]""",Org1MSP Org2MSP ,VALID,, 10028 10074,,WT,102,10034,0
2022-04-07T17:24:18.495Z,9f3940c0b4351c362cb52386fdaeed8ceaa6932e36514c761265adb0015b0111,Org1MSP,Func4,"[10375"",""1037500"",""10004"",""1000400""]""",Org1MSP Org2MSP ,VALID,, 10004 10375,,WT,102,10068,0
2022-04-07T17:24:18.496Z,1dabd2ff22736efae7db1ed50e8fb7164af630f6f62ab42da1d73addf7884a80,Org1MSP,Func4,"[10166"",""1016600"",""10517"",""1051700""]""",Org1MSP Org2MSP ,VALID,, 10166 10517,,WT,102,10017,0
2022-04-07T17:24:18.497Z,41416358c06707c03e5e9b9c429e4980fdeba8fde23a48e89f11be1078e0e70c,Org1MSP,Func4,"[10159"",""1015900"",""10405"",""1040500""]""",Org1MSP Org2MSP ,VALID,, 10159 10405,,WT,102,10032,0
2022-04-07T17:24:18.499Z,2f7412a09938d85df36d8470d52728b21b1596beacaf7e25b868733f04a21fc1,Org1MSP,Func1,"[8"",""138""]""",Org1MSP Org2MSP ,VALID, 138 8,,,RT,102,10021,0
2022-04-07T17:24:18.589Z,74035de2532049f4414617221a86d581c73aeaa619e4b756679e9f711b5fa746,Org1MSP,Func1,"[18"",""5""]""",Org1MSP Org2MSP ,VALID, 18 5,,,RT,102,10052,0
2022-04-07T17:24:18.589Z,ab9c0ade82281bedcf31a6c682c3bf3a1b5f0e8ee0f78064392db9f4724178d2,Org1MSP,Func4,"[12526"",""1252600"",""13532"",""1353200""]""",Org1MSP Org2MSP ,VALID,, 12526 13532,,WT,102,10076,0
2022-04-07T17:24:18.590Z,894d2bee08b449b1d386be12ad7516d58d2f73ab7740e5f67d02af0b95621012,Org1MSP,Func4,"[10000"",""1000000"",""10159"",""1015900""]""",Org1MSP Org2MSP ,VALID,, 10000 10159,,WT,102,10060,0
2022-04-07T17:24:18.593Z,1007158f37740fcb030da2cde0066787bac2d16055c76b5984d8aaf22dd09177,Org1MSP,Func4,"[10014"",""1001400"",""18353"",""1835300""]""",Org1MSP Org2MSP ,VALID,, 10014 18353,,WT,102,10011,0
2022-04-07T17:24:18.593Z,6d3debe8644c2a5abe82d6d458988a24b7ad3122a389bc109ac324ad09163cd7,Org1MSP,Func4,"[10025"",""1002500"",""10272"",""1027200""]""",Org1MSP Org2MSP ,VALID,, 10025 10272,,WT,102,10049,0
2022-04-07T17:24:18.593Z,a43980bc4ea417346c831db0eb057b1f43757d8ca1f3d1bba19508e0b5b7f299,Org1MSP,Func4,"[10001"",""1000100"",""10074"",""1007400""]""",Org1MSP Org2MSP ,VALID,, 10001 10074,,WT,102,10073,0
2022-04-07T17:24:18.597Z,8ca73de65c04b0b4b72ff00ec17ae35faa64045f51d02550174a6e34604c3eb8,Org1MSP,Func1,"[754"",""7075""]""",Org1MSP Org2MSP ,VALID, 7075 754,,,RT,102,10063,0
2022-04-07T17:24:18.597Z,a3eb7f8de35d0e72f3fa8a8102673ad21d8f5ba77f5948de4a4f343184e7ea13,Org1MSP,Func4,"[10000"",""1000000"",""10149"",""1014900""]""",Org1MSP Org2MSP ,VALID,, 10000 10149,,WT,102,10072,0
2022-04-07T17:24:18.599Z,a27e1aea82fd54d3deb88db4fd8d98551cb6adfcc64e5c29226cb398417011a4,Org1MSP,Func4,"[10065"",""1006500"",""10675"",""1067500""]""",Org1MSP Org2MSP ,VALID,, 10065 10675,,WT,102,10071,0
2022-04-07T17:24:18.688Z,85ef4e45dd76d61028f057959e9aad7d41e67f3ea18437724e80967c6d164426,Org1MSP,Func1,"[1581"",""627""]""",Org1MSP Org2MSP ,VALID, 1581 627,,,RT,102,10057,0
2022-04-07T17:24:18.689Z,af59589427aa3f2100c1126b02ae6e897a8ac53a41e30908019f99c90bfe4eaa,Org1MSP,Func1,"[93"",""80""]""",Org1MSP Org2MSP ,VALID, 80 93,,,RT,102,10078,0
2022-04-07T17:24:18.689Z,e1f414b4e0d33db59b009cadec564af63630b8db70092a581f787c3d1582fb56,Org1MSP,Func1,"[1735"",""422""]""",Org1MSP Org2MSP ,VALID, 1735 422,,,RT,102,10096,0
2022-04-07T17:24:18.690Z,0931fdc9d3a40c0a220d409207e3cb92b3bd3ba9b31a56bd6bab24007542bdb5,Org1MSP,Func4,"[10129"",""1012900"",""13381"",""1338100""]""",Org1MSP Org2MSP ,VALID,, 10129 13381,,WT,102,10009,0
2022-04-07T17:24:18.692Z,4fe3075e80fe323537eb0d4c23c3b7b3a622cee465cc12db4a5ccca442dc9877,Org1MSP,Func4,"[10692"",""1069200"",""11632"",""1163200""]""",Org1MSP Org2MSP ,VALID,, 10692 11632,,WT,102,10037,0
2022-04-07T17:24:18.693Z,3a2687f14b48b476f1058cab4f384f8a5758c3d08ac611c5eed5453269eef3df,Org1MSP,Func4,"[10236"",""1023600"",""10103"",""1010300""]""",Org1MSP Org2MSP ,VALID,, 10103 10236,,WT,102,10028,0
2022-04-07T17:24:18.694Z,e003b91fc31deccbca94fe5479ad3cfe646027d62545a3eb2501e58d51e7d34d,Org1MSP,Func4,"[10874"",""1087400"",""10208"",""1020800""]""",Org1MSP Org2MSP ,VALID,, 10208 10874,,WT,102,10094,0
2022-04-07T17:24:18.697Z,66cfc357e14ee98e59b947e8d97c382e3589f67165baa4fbcb1e556846680112,Org1MSP,Func4,"[10593"",""1059300"",""15361"",""1536100""]""",Org1MSP Org2MSP ,VALID,, 10593 15361,,WT,102,10047,0
2022-04-07T17:24:18.697Z,a8ac70a8ac2a17e801ddb04c464e8c6173073226aebfed6ab95620d602176524,Org1MSP,Func4,"[10124"",""1012400"",""10003"",""1000300""]""",Org1MSP Org2MSP ,VALID,, 10003 10124,,WT,102,10074,0
2022-04-07T17:24:18.701Z,212a20c8b151b2120f8dd0dde7f41761ea9e4876de4c95dd3bf688738530a996,Org1MSP,Func4,"[17054"",""1705400"",""10033"",""1003300""]""",Org1MSP Org2MSP ,VALID,, 10033 17054,,WT,102,10018,0
2022-04-07T17:24:18.789Z,196555c5e3293731223b44dffb77723761111df57902124e83a91dd72ab8454f,Org1MSP,Func4,"[12271"",""1227100"",""10178"",""1017800""]""",Org1MSP Org2MSP ,VALID,, 10178 12271,,WT,102,10016,0
2022-04-07T17:24:18.789Z,80ed707f56db09578c14c063ee9c44778e39ca9c15e11f2c4bdcb48cb38d33c0,Org1MSP,Func4,"[10002"",""1000200"",""15687"",""1568700""]""",Org1MSP Org2MSP ,VALID,, 10002 15687,,WT,102,10055,0
2022-04-07T17:24:18.789Z,e1d1614a251312ca950c6b1ee00cc8955b1ba6a1a720f0397b49202ed79ed911,Org1MSP,Func4,"[12204"",""1220400"",""10007"",""1000700""]""",Org1MSP Org2MSP ,VALID,, 10007 12204,,WT,102,10095,0
2022-04-07T17:24:18.790Z,5ec00c6faeb14d9afc0813cf5f7cc740fd95590c4776ec1ffec521e9d3c2f925,Org1MSP,Func4,"[15755"",""1575500"",""10024"",""1002400""]""",Org1MSP Org2MSP ,VALID,, 10024 15755,,WT,102,10044,0
2022-04-07T17:24:18.792Z,44f76b526c2fd6abecc87151913027c9014dc03c267acfd113ce692cd0d56986,Org1MSP,Func1,"[22"",""1326""]""",Org1MSP Org2MSP ,VALID, 1326 22,,,RT,102,10033,0
2022-04-07T17:24:18.794Z,7258939d7d9dd8ce3361e16b10b8025525eeffd8b4bf10c453da1ab16c6fc612,Org1MSP,Func4,"[10000"",""1000000"",""10000"",""1000000""]""",Org1MSP Org2MSP ,VALID,, 10000,,WT,102,10051,0
2022-04-07T17:24:18.796Z,381558df12a718583ddb099715f66d14a7986c5caccff14e5d9ac310078a9302,Org1MSP,Func4,"[10057"",""1005700"",""10793"",""1079300""]""",Org1MSP Org2MSP ,VALID,, 10057 10793,,WT,102,10026,0
2022-04-07T17:24:18.796Z,daf09398a9f0d760b25fd1afc9b32c62c77e31cd73bb76947bb3da2596bcd14a,Org1MSP,Func4,"[10120"",""1012000"",""10034"",""1003400""]""",Org1MSP Org2MSP ,VALID,, 10034 10120,,WT,102,10091,0
2022-04-07T17:24:18.797Z,d73aa06199ad03e48a77ba3a96f650b6ca5b9370fe28923f31b1749a54398998,Org1MSP,Func4,"[10165"",""1016500"",""10109"",""1010900""]""",Org1MSP Org2MSP ,VALID,, 10109 10165,,WT,102,10088,0
2022-04-07T17:24:18.798Z,0cf8b82b8d007016d5018610f307a94de59dbb0b99d2ca99eb98f7bde69a425b,Org1MSP,Func1,"[3011"",""119""]""",Org1MSP Org2MSP ,VALID, 119 3011,,,RT,102,10010,0
2022-04-07T17:24:18.889Z,5279ce969eafcd07f68e90501692c29f497e77ea8fc10a2c535589ced6676703,Org1MSP,Func7,"[264"",""100"",""847"",""100""]""",Org1MSP Org2MSP ,VALID, 264 847, 264 847,,UT,102,10038,0
2022-04-07T17:24:18.889Z,bbb2cd5b47ea7bfb1fef182aa0a77d0f3a35d3e1f493d2b8bd6b88791d121a7b,Org1MSP,Func4,"[10443"",""1044300"",""10000"",""1000000""]""",Org1MSP Org2MSP ,VALID,, 10000 10443,,WT,102,10080,0
2022-04-07T17:24:18.890Z,348ca2c84d99f8b935cc09a02054a0e78d44dd6eba597330a230a00582860709,Org1MSP,Func4,"[10286"",""1028600"",""16501"",""1650100""]""",Org1MSP Org2MSP ,VALID,, 10286 16501,,WT,102,10024,0
2022-04-07T17:24:18.890Z,56b80b1106abd1d170bdbbad9092d9b9127718b88ac0ff84b8a91c7620c417d0,Org1MSP,Func7,"[31"",""100"",""45"",""100""]""",Org1MSP Org2MSP ,VALID, 31 45, 31 45,,UT,102,10039,0
2022-04-07T17:24:18.892Z,f25659349e3013e76ac0831a29cc6f3d6601d8f30a6f0f9f8d97fd24f2c95ef8,Org1MSP,Func4,"[10091"",""1009100"",""10000"",""1000000""]""",Org1MSP Org2MSP ,VALID,, 10000 10091,,WT,102,10101,0
2022-04-07T17:24:18.893Z,ee0e5696b290beccbcb4ecd38f02363fc6ef3d6a0245356fafdb7815243f8cea,Org1MSP,Func7,"[1679"",""100"",""34"",""100""]""",Org1MSP Org2MSP ,VALID, 1679 34, 1679 34,,UT,102,10100,0
2022-04-07T17:24:18.896Z,5a41be7fc69275793b93bdf81133b12c333d0a0bc7bca059947e51f717cc051a,Org1MSP,Func4,"[10008"",""1000800"",""10808"",""1080800""]""",Org1MSP Org2MSP ,VALID,, 10008 10808,,WT,102,10042,0
2022-04-07T17:24:18.897Z,6663330a1344b8a828b7d2c44d6d87b9dab6c20bb8736f5675d3d2b22392e5c2,Org1MSP,Func4,"[10526"",""1052600"",""10002"",""1000200""]""",Org1MSP Org2MSP ,VALID,, 10002 10526,,WT,102,10046,0
2022-04-07T17:24:18.897Z,c2666eb87a784766763337abcf6fcb7b5127034e8aa24629b7b53e9c3c03d4d9,Org1MSP,Func4,"[10160"",""1016000"",""10091"",""1009100""]""",Org1MSP Org2MSP ,VALID,, 10091 10160,,WT,102,10082,0
2022-04-07T17:24:18.898Z,59dbbf0129c72a637f61825ba2c84e4a392a242a2afa46784c8c6078bbed54a5,Org1MSP,Func4,"[10019"",""1001900"",""10003"",""1000300""]""",Org1MSP Org2MSP ,VALID,, 10003 10019,,WT,102,10041,0
2022-04-07T17:24:18.989Z,10601d43db33f03b71d97087998a30b0a104c437c64a247b15c7077d9fed0986,Org1MSP,Func4,"[11492"",""1149200"",""10990"",""1099000""]""",Org1MSP Org2MSP ,VALID,, 10990 11492,,WT,102,10012,0
2022-04-07T17:24:18.990Z,483c44aa5ae91b4aacde29140d717127deb37a53b9e8bd7525db0d0ae54f2e00,Org1MSP,Func7,"[808"",""100"",""193"",""100""]""",Org1MSP Org2MSP ,VALID, 193 808, 193 808,,UT,102,10035,0
2022-04-07T17:24:18.990Z,a19cfd4654e3e218fb9ebff116ee608917ad5e5d5084dab3f64b463b7545345e,Org1MSP,Func4,"[10052"",""1005200"",""10010"",""1001000""]""",Org1MSP Org2MSP ,VALID,, 10010 10052,,WT,102,10070,0
2022-04-07T17:24:18.992Z,397c9bb3692702d067d36028e0670dcd47eb329e9e54f52c4a898616a8d4c753,Org1MSP,Func4,"[10061"",""1006100"",""10001"",""1000100""]""",Org1MSP Org2MSP ,VALID,, 10001 10061,,WT,102,10027,0
2022-04-07T17:24:18.992Z,d6840af0a7b99d0ea55befd3129e19bf77b16ee52e67fb549b7a9da1b0c8f191,Org1MSP,Func4,"[10025"",""1002500"",""10004"",""1000400""]""",Org1MSP Org2MSP ,VALID,, 10004 10025,,WT,102,10087,0
2022-04-07T17:24:18.993Z,d610e48981b0033148ed15fdb7df09b6c9f71b536e913404fe460d3e810e7c0d,Org1MSP,Func7,"[526"",""100"",""593"",""100""]""",Org1MSP Org2MSP ,VALID, 526 593, 526 593,,UT,102,10086,0
2022-04-07T17:24:18.996Z,d8cee9fe3bc0ff57ff885c72d779501916854a48ac6cb5e1407afad7821eed33,Org1MSP,Func4,"[10014"",""1001400"",""10063"",""1006300""]""",Org1MSP Org2MSP ,VALID,, 10014 10063,,WT,102,10090,0
2022-04-07T17:24:18.998Z,5db182e2c7c9cf9a2f02fea802e16f09d709d79a3c009e91cbb45e61163fa8fa,Org1MSP,Func4,"[10001"",""1000100"",""10177"",""1017700""]""",Org1MSP Org2MSP ,VALID,, 10001 10177,,WT,102,10043,0
2022-04-07T17:24:18.999Z,7af8c8e05ddae8472296a451056e236ab845b4268a0c2c6572cc68a0bf23f65d,Org1MSP,Func4,"[10421"",""1042100"",""10154"",""1015400""]""",Org1MSP Org2MSP ,VALID,, 10154 10421,,WT,102,10054,0
2022-04-07T17:24:19.002Z,e355a7562c770fbd5b9a8f615eeac606bad0572e083942c87c8e5cbf41390667,Org1MSP,Func4,"[10076"",""1007600"",""10096"",""1009600""]""",Org1MSP Org2MSP ,VALID,, 10076 10096,,WT,102,10097,0
2022-04-07T17:24:19.089Z,e182636315902715bd9ced06bb53dc85ad4cbedc31bf07bda6416270c657eb90,Org1MSP,Func1,"[143"",""626""]""",Org1MSP Org2MSP ,VALID, 143 626,,,RT,103,10189,0
2022-04-07T17:24:19.092Z,6948867a1c2c1c3074bc5ad9c188a3b827de067d5b62a2bcdabd7b60cb968666,Org1MSP,Func4,"[10006"",""1000600"",""11239"",""1123900""]""",Org1MSP Org2MSP ,VALID,, 10006 11239,,WT,103,10143,0
2022-04-07T17:24:19.093Z,530c77d8f5b82a23e1ea33d758093444ce1968a127d9bd159f639c7489d0a74c,Org1MSP,Func4,"[10000"",""1000000"",""14996"",""1499600""]""",Org1MSP Org2MSP ,VALID,, 10000 14996,,WT,103,10132,0
2022-04-07T17:24:19.094Z,2299e72dc8be5b9382917bf1fc4a6eadf2e2d946010cfbc96310ccb9ced4a76a,Org1MSP,Func4,"[10007"",""1000700"",""10285"",""1028500""]""",Org1MSP Org2MSP ,VALID,, 10007 10285,,WT,103,10117,0
2022-04-07T17:24:19.095Z,7e87f8e5d57c36ba9c7ff1239785f6ff048ef8026049e7d7c603c8ab8879b27b,Org1MSP,Func4,"[10037"",""1003700"",""10007"",""1000700""]""",Org1MSP Org2MSP ,VALID,, 10007 10037,,WT,103,10152,0
2022-04-07T17:24:19.096Z,ea2df35463f885fbc9ac37d06e1afc8580230aa3baa0ef0889ef9f6e372afcba,Org1MSP,Func4,"[10016"",""1001600"",""14220"",""1422000""]""",Org1MSP Org2MSP ,VALID,, 10016 14220,,WT,103,10194,0
2022-04-07T17:24:19.100Z,8913cc079bce4f3b7bd2ba1eb5eff2e024fb9fd5b071dcdae0f50fe931cae49c,Org1MSP,Func7,"[4002"",""100"",""605"",""100""]""",Org1MSP Org2MSP ,VALID, 4002 605, 4002 605,,UT,103,10156,0
2022-04-07T17:24:19.105Z,47d347f83ae60aea93181d265018447b6a0985bc4c8df57a3e029b8f56a077dc,Org1MSP,Func1,"[96"",""1""]""",Org1MSP Org2MSP ,VALID, 1 96,,,RT,103,10127,0
2022-04-07T17:24:19.189Z,875c5f24e59c03a5a59861018858b51398b52a00903a42f9db0d3f3c15a4bb21,Org1MSP,Func1,"[2080"",""512""]""",Org1MSP Org2MSP ,VALID, 2080 512,,,RT,103,10154,0
2022-04-07T17:24:19.190Z,07c9c30be14c4516672d918e69ecc34c0c51e027a99d65bc851137011cba5de6,Org1MSP,Func1,"[79"",""5041""]""",Org1MSP Org2MSP ,VALID, 5041 79,,,RT,103,10107,0
2022-04-07T17:24:19.190Z,6b99e5e12cb66a6c4b0349299bc54fd241171773799670670bd00aaf7a48926f,Org1MSP,Func4,"[10000"",""1000000"",""10508"",""1050800""]""",Org1MSP Org2MSP ,VALID,, 10000 10508,,WT,103,10144,0
2022-04-07T17:24:19.190Z,8a7c80e6b35dc99430f5a816566edf8c21bc6490e9540ec29f025252c1c00e33,Org1MSP,Func1,"[326"",""307""]""",Org1MSP Org2MSP ,VALID, 307 326,,,RT,103,10157,0
2022-04-07T17:24:19.193Z,3efe538d0b39ca3cd2f5204e8fca7fd2e0518cef81f1e155ba2e37fbfde40393,Org1MSP,Func4,"[10000"",""1000000"",""10030"",""1003000""]""",Org1MSP Org2MSP ,VALID,, 10000 10030,,WT,103,10125,0
2022-04-07T17:24:19.193Z,7414d7995a14a2dc0f4a264a39903c4971acfd526276ac45ab9fac3aecaa276c,Org1MSP,Func4,"[10001"",""1000100"",""10045"",""1004500""]""",Org1MSP Org2MSP ,VALID,, 10001 10045,,WT,103,10147,0
2022-04-07T17:24:19.196Z,f4ac4dd30d711deaf081c828a000351ec420010c36c3267e847d0aeeac88c671,Org1MSP,Func1,"[6352"",""1""]""",Org1MSP Org2MSP ,VALID, 1 6352,,,RT,103,10197,0
2022-04-07T17:24:19.197Z,f0326c0230f78c22f99e8807e3e71fba030c015efe4ac741725c34994e5c0034,Org1MSP,Func4,"[10017"",""1001700"",""10003"",""1000300""]""",Org1MSP Org2MSP ,VALID,, 10003 10017,,WT,103,10195,0
2022-04-07T17:24:19.289Z,5e8048527041c69f476451c77a6d0cd3f6fc9b972651a5c7ac462bd868b2f27d,Org1MSP,Func1,"[3"",""773""]""",Org1MSP Org2MSP ,VALID, 3 773,,,RT,103,10140,0
2022-04-07T17:24:19.289Z,9cf95d37a6348c9aab92ad2c53fd7fb8e95201a23e37be070515b31032399153,Org1MSP,Func4,"[10022"",""1002200"",""10057"",""1005700""]""",Org1MSP Org2MSP ,VALID,, 10022 10057,,WT,103,10163,0
2022-04-07T17:24:19.290Z,cbe3ef64e95a04fbac445dde0878845a59b69e4164aff33593ea0ca003c18e91,Org1MSP,Func1,"[2801"",""67""]""",Org1MSP Org2MSP ,VALID, 2801 67,,,RT,103,10181,0
2022-04-07T17:24:19.290Z,da21e963687d813a05d65b6249338dd19b31a835f18a0846f545332265f589f8,Org1MSP,Func1,"[2"",""1974""]""",Org1MSP Org2MSP ,VALID, 1974 2,,,RT,103,10187,0
2022-04-07T17:24:19.292Z,4829fdecb74cff9a6dbd5e0c1af32dd51589fa1f1868a723663b842c620be301,Org1MSP,Func4,"[10001"",""1000100"",""10142"",""1014200""]""",Org1MSP Org2MSP ,VALID,, 10001 10142,,WT,103,10129,0
2022-04-07T17:24:19.292Z,8765d3c66daf7531ecb7526d9072c8c45ceae164fd9113bc98ffaad5a6c3a869,Org1MSP,Func4,"[13804"",""1380400"",""18126"",""1812600""]""",Org1MSP Org2MSP ,VALID,, 13804 18126,,WT,103,10155,0
2022-04-07T17:24:19.293Z,8c90d0a146edc6363b80e08fa2d9d00ffb00600b77b0a4e21d431138b519a98f,Org1MSP,Func4,"[14820"",""1482000"",""10746"",""1074600""]""",Org1MSP Org2MSP ,VALID,, 10746 14820,,WT,103,10160,0
2022-04-07T17:24:19.297Z,56e365d378189ce7946ba9d65088245d470878f60cc5a0fb233cb74afaee4168,Org1MSP,Func4,"[10000"",""1000000"",""10001"",""1000100""]""",Org1MSP Org2MSP ,VALID,, 10000 10001,,WT,103,10137,0
2022-04-07T17:24:19.297Z,70884e9b1711566f9bb7327b3df14078aac5cf74d38e6b63694486d4f90883f2,Org1MSP,Func4,"[10030"",""1003000"",""10006"",""1000600""]""",Org1MSP Org2MSP ,VALID,, 10006 10030,,WT,103,10146,0
2022-04-07T17:24:19.389Z,1d1f3bebabae2cf37150c20774505dca3b50e5350bb0e3c6d028daa4e1db02bb,Org1MSP,Func4,"[10000"",""1000000"",""10286"",""1028600""]""",Org1MSP Org2MSP ,VALID,, 10000 10286,,WT,103,10114,0
2022-04-07T17:24:19.389Z,225cfb97987488ebdf270a9ab7f6449d3a6bc6daa9c2eff7e3403e9c1bed4ad6,Org1MSP,Func4,"[10248"",""1024800"",""10034"",""1003400""]""",Org1MSP Org2MSP ,VALID,, 10034 10248,,WT,103,10116,0
2022-04-07T17:24:19.390Z,53a259820e75f7ac247d1df2987c1dd97ca60b861c84f7ab975ae638dd79d953,Org1MSP,Func1,"[28"",""1""]""",Org1MSP Org2MSP ,VALID, 1 28,,,RT,103,10133,0
2022-04-07T17:24:19.390Z,c7d06fa82a9e53d0688159200c0e678062aa84f062db5e405e70f4e9580b150c,Org1MSP,Func4,"[10036"",""1003600"",""10014"",""1001400""]""",Org1MSP Org2MSP ,VALID,, 10014 10036,,WT,103,10179,0
2022-04-07T17:24:19.392Z,e6a86fad95963489b050a830ac484f5d730a68af7b302df877965aac6504dacd,Org1MSP,Func4,"[10000"",""1000000"",""10093"",""1009300""]""",Org1MSP Org2MSP ,VALID,, 10000 10093,,WT,103,10192,0
2022-04-07T17:24:19.395Z,f35be84bc0f24b6765c1a8abb305024d373e9d793511cdfceb15d368bc1d0056,Org1MSP,Func1,"[2582"",""5572""]""",Org1MSP Org2MSP ,VALID, 2582 5572,,,RT,103,10196,0
2022-04-07T17:24:19.396Z,db2e96bc6c9194e5ba71dfc9e65d95b9f06bf1608863814c3fc0f55eb6d0f62e,Org1MSP,Func4,"[10024"",""1002400"",""11483"",""1148300""]""",Org1MSP Org2MSP ,VALID,, 10024 11483,,WT,103,10188,0
2022-04-07T17:24:19.397Z,036c5a2e28b930ed6540a1fb64269f97a354764d83474cf3208fce94b7c9d06f,Org1MSP,Func4,"[10001"",""1000100"",""10019"",""1001900""]""",Org1MSP Org2MSP ,VALID,, 10001 10019,,WT,103,10106,0
2022-04-07T17:24:19.398Z,6bd2ca46cf196254549a5cafafbae763f6b313c3e5a97d68666d884414889352,Org1MSP,Func4,"[10796"",""1079600"",""12469"",""1246900""]""",Org1MSP Org2MSP ,VALID,, 10796 12469,,WT,103,10145,0
2022-04-07T17:24:19.489Z,9a69ddc91e052780c41c6eb0376ddba6ad1b40432366ac60b6afbd9d3341df33,Org1MSP,Func4,"[10043"",""1004300"",""10041"",""1004100""]""",Org1MSP Org2MSP ,VALID,, 10041 10043,,WT,103,10162,0
2022-04-07T17:24:19.489Z,ba57890a1f51327227c65b14fc700d8b19f7edb4262fb4ecf9e1a73a151d7525,Org1MSP,Func4,"[10010"",""1001000"",""19718"",""1971800""]""",Org1MSP Org2MSP ,VALID,, 10010 19718,,WT,103,10174,0
2022-04-07T17:24:19.491Z,2be933e8d1137f8cca74de8ac2f975acfb84cb2f7cec3e6693e975580cb60408,Org1MSP,Func4,"[10261"",""1026100"",""10043"",""1004300""]""",Org1MSP Org2MSP ,VALID,, 10043 10261,,WT,103,10120,0
2022-04-07T17:24:19.491Z,5697b6892b95b0175f2b916cb483c0a48d17c5f79a7361435749018a56fea570,Org1MSP,Func1,"[3971"",""841""]""",Org1MSP Org2MSP ,VALID, 3971 841,,,RT,103,10136,0
2022-04-07T17:24:19.492Z,e34097f0d69056c4f89275f54cd490f7377c986a3023a71aeea70e7baf962a83,Org1MSP,Func4,"[10050"",""1005000"",""10600"",""1060000""]""",Org1MSP Org2MSP ,VALID,, 10050 10600,,WT,103,10191,0
2022-04-07T17:24:19.492Z,f9b79c7e484ba725a14b5ac4ba402ef52665b40a2412ed6cdcbe8e0517b2c3c5,Org1MSP,Func7,"[2204"",""100"",""576"",""100""]""",Org1MSP Org2MSP ,VALID, 2204 576, 2204 576,,UT,103,10201,0
2022-04-07T17:24:19.494Z,8b45ab61437e1fcad0ba1586d1ea7e7c958f6c0931fcec0d67a1dcd143c011f2,Org1MSP,Func7,"[4450"",""100"",""30"",""100""]""",Org1MSP Org2MSP ,VALID, 30 4450, 30 4450,,UT,103,10158,0
2022-04-07T17:24:19.496Z,c05c32959d0cca7f6cd418186a1c390041dd28bc958b29024c7ca06e8fb2e990,Org1MSP,Func7,"[60"",""100"",""916"",""100""]""",Org1MSP Org2MSP ,VALID, 60 916, 60 916,,UT,103,10175,0
2022-04-07T17:24:19.498Z,1821f06d108242b79403c5b86e7c7db92c9b241e975e5709ba36c6c65380e001,Org1MSP,Func4,"[10001"",""1000100"",""10000"",""1000000""]""",Org1MSP Org2MSP ,VALID,, 10000 10001,,WT,103,10112,0
2022-04-07T17:24:19.498Z,786bbaa7f7c6087016668a05bae4f9867d66ee6031a0ff0518be6e9410db5069,Org1MSP,Func4,"[10477"",""1047700"",""13892"",""1389200""]""",Org1MSP Org2MSP ,VALID,, 10477 13892,,WT,103,10149,0
2022-04-07T17:24:19.589Z,12e39c82c25f35bf885b97437bd3e685420a0e003ee1af0a743627506c2b492d,Org1MSP,Func1,"[52"",""14""]""",Org1MSP Org2MSP ,VALID, 14 52,,,RT,103,10111,0
2022-04-07T17:24:19.590Z,b10f0f7459b9ba49be7c12a87793c88870d7a81ba5c959c5f42ec38893fab04b,Org1MSP,Func1,"[838"",""2430""]""",Org1MSP Org2MSP ,VALID, 2430 838,,,RT,103,10170,0
2022-04-07T17:24:19.592Z,0d490265f21d97f68b8ea0bc35bc74b4ef4cc3248a1907ddbd5729d05fda80d9,Org1MSP,Func4,"[10100"",""1010000"",""10003"",""1000300""]""",Org1MSP Org2MSP ,VALID,, 10003 10100,,WT,103,10110,0
2022-04-07T17:24:19.592Z,e1d392a78954066b9e7a157c14c6fa35c8f5ac592c5f598cba7f50c15a090acf,Org1MSP,Func4,"[10938"",""1093800"",""10053"",""1005300""]""",Org1MSP Org2MSP ,VALID,, 10053 10938,,WT,103,10190,0
2022-04-07T17:24:19.592Z,e7cf21943e402b25a83b5c215cc18efbf81bde08c2576efb4e106633ee5529da,Org1MSP,Func7,"[13"",""100"",""8852"",""100""]""",Org1MSP Org2MSP ,VALID, 13 8852, 13 8852,,UT,103,10193,0
2022-04-07T17:24:19.595Z,02980fa9a9232653f4edce4c1add2379a156f2aee79fb5fdf8bafebd448a1486,Org1MSP,Func7,"[7774"",""100"",""1413"",""100""]""",Org1MSP Org2MSP ,VALID, 1413 7774, 1413 7774,,UT,103,10104,0
2022-04-07T17:24:19.595Z,f521e42fe63484e075e445f79974f47499532e7b083bbd889434a908d43aa1f0,Org1MSP,Func4,"[10069"",""1006900"",""10127"",""1012700""]""",Org1MSP Org2MSP ,VALID,, 10069 10127,,WT,103,10199,0
2022-04-07T17:24:19.596Z,d1f241c53c9e6bd0f9e6c912de8038658ece95bb8cde40aba29ab391d5556411,Org1MSP,Func4,"[10022"",""1002200"",""10097"",""1009700""]""",Org1MSP Org2MSP ,VALID,, 10022 10097,,WT,103,10182,0
2022-04-07T17:24:19.598Z,6799aa30cd61a0a06865f30e56bd47bd4d2e69a5a4ee1286c67c4dfb5d16708f,Org1MSP,Func4,"[10501"",""1050100"",""10000"",""1000000""]""",Org1MSP Org2MSP ,VALID,, 10000 10501,,WT,103,10142,0
2022-04-07T17:24:19.599Z,b889d5b20f3a27d23eec9e5d577604ccb98ae2676219651e70d51566b1bfef03,Org1MSP,Func4,"[16742"",""1674200"",""16915"",""1691500""]""",Org1MSP Org2MSP ,VALID,, 16742 16915,,WT,103,10173,0
2022-04-07T17:24:19.689Z,7786cd565aa3ec828d1079fb3563f3d25a070a0e1e5965bf9ce4223861f10de8,Org1MSP,Func1,"[5"",""17""]""",Org1MSP Org2MSP ,VALID, 17 5,,,RT,103,10148,0
2022-04-07T17:24:19.690Z,5224f1c86115842ec533608a52248a39ba4b9fd703bf01fc6267cc29bfc3d242,Org1MSP,Func4,"[13126"",""1312600"",""10008"",""1000800""]""",Org1MSP Org2MSP ,VALID,, 10008 13126,,WT,103,10131,0
2022-04-07T17:24:19.690Z,d64e5c0b6f31f50dd125fb143d79584989321ebc0381fd77b4e4d89a04faac6d,Org1MSP,Func4,"[10003"",""1000300"",""10001"",""1000100""]""",Org1MSP Org2MSP ,VALID,, 10001 10003,,WT,103,10185,0
2022-04-07T17:24:19.691Z,eb950c4608b357fe5360e43fa1125e77d4f37be0e49c6a7e724cd4ea0a99af47,Org1MSP,Func7,"[2"",""100"",""5"",""100""]""",Org1MSP Org2MSP ,VALID, 2 5, 2 5,,UT,103,10204,0
2022-04-07T17:24:19.692Z,266e2ee8b4508365b0ab3e4ccf4758c51c4da000e64faf7fb1925ddbd314df60,Org1MSP,Func4,"[10003"",""1000300"",""12746"",""1274600""]""",Org1MSP Org2MSP ,VALID,, 10003 12746,,WT,103,10119,0
2022-04-07T17:24:19.694Z,c89c2efcd209c9a8030d1dc138c120c8863b7f816cc65483d4a57bd16058f9cf,Org1MSP,Func7,"[29"",""100"",""38"",""100""]""",Org1MSP Org2MSP ,VALID, 29 38, 29 38,,UT,103,10180,0
2022-04-07T17:24:19.695Z,a9219f60b03cfaedfedfcd80bf075e00f4af22614616dfa3f171dc5f19f561d5,Org1MSP,Func4,"[10984"",""1098400"",""10171"",""1017100""]""",Org1MSP Org2MSP ,VALID,, 10171 10984,,WT,103,10166,0
2022-04-07T17:24:19.696Z,d3b68ba8a1f6d88c68d257f23180ffd03afda9a38f522b120468fd4977b13467,Org1MSP,Func4,"[10001"",""1000100"",""10267"",""1026700""]""",Org1MSP Org2MSP ,VALID,, 10001 10267,,WT,103,10184,0
2022-04-07T17:24:19.698Z,9a3c4d33a8c6cfca8f1bfb8c078b499586b4c87a0d7e36d4217572ae2b215b1a,Org1MSP,Func4,"[16317"",""1631700"",""10000"",""1000000""]""",Org1MSP Org2MSP ,VALID,, 10000 16317,,WT,103,10161,0
2022-04-07T17:24:19.789Z,bcb675bd50bcbb8ba326302346b29e1b2abfb71d1d8e05edf5a05aa57ee139bf,Org1MSP,Func7,"[1"",""100"",""8496"",""100""]""",Org1MSP Org2MSP ,VALID, 1 8496, 1 8496,,UT,103,10205,0
2022-04-07T17:24:19.790Z,c19567104718075c93c588c552dd1a72d5daa253af1b946c3e5b6f8917fe7106,Org1MSP,Func4,"[10001"",""1000100"",""16417"",""1641700""]""",Org1MSP Org2MSP ,VALID,, 10001 16417,,WT,103,10177,0
2022-04-07T17:24:19.791Z,b3dabbcd690fbb6f686af6a2452653206ee17dca5861335eec7b86817e7170e2,Org1MSP,Func4,"[10007"",""1000700"",""10007"",""1000700""]""",Org1MSP Org2MSP ,VALID,, 10007,,WT,103,10172,0
2022-04-07T17:24:19.796Z,63150e1a2b078215fdb688e1c08888e1efd4ff3c4a9c5e02fa9d2cd70964c660,Org1MSP,Func4,"[10039"",""1003900"",""10785"",""1078500""]""",Org1MSP Org2MSP ,VALID,, 10039 10785,,WT,103,10141,0
2022-04-07T17:24:19.796Z,7a553860975350386dfd543f7264a7b33646992904bbbfcdb03cd5c3109594fc,Org1MSP,Func4,"[10099"",""1009900"",""14446"",""1444600""]""",Org1MSP Org2MSP ,VALID,, 10099 14446,,WT,103,10150,0
2022-04-07T17:24:19.797Z,07d3f6f826b71c76fe8c759b2f3f31df5050538989d51bd5ae653933279f657a,Org1MSP,Func4,"[10000"",""1000000"",""10014"",""1001400""]""",Org1MSP Org2MSP ,VALID,, 10000 10014,,WT,103,10108,0
2022-04-07T17:24:19.798Z,5552639c0a560919c8d293cc125e86c12cc114f8baf5347f951e48dc3ca848ca,Org1MSP,Func4,"[10118"",""1011800"",""10000"",""1000000""]""",Org1MSP Org2MSP ,VALID,, 10000 10118,,WT,103,10134,0
2022-04-07T17:24:19.799Z,3c37e46536d42f6293a31b92c623e98e309b7e7cceab30223fe9a5dcaed8ef3a,Org1MSP,Func4,"[10080"",""1008000"",""10594"",""1059400""]""",Org1MSP Org2MSP ,VALID,, 10080 10594,,WT,103,10124,0
2022-04-07T17:24:19.799Z,8c186846f26d6590b86ee37538987d1217957f70298d19dfb72fe7ab35088cc7,Org1MSP,Func4,"[10084"",""1008400"",""10402"",""1040200""]""",Org1MSP Org2MSP ,VALID,, 10084 10402,,WT,103,10159,0
2022-04-07T17:24:19.889Z,2612aaf29b132d1f280f5dd12d8eda481831c2def9378676c74a101871d85c11,Org1MSP,Func4,"[10000"",""1000000"",""10000"",""1000000""]""",Org1MSP Org2MSP ,VALID,, 10000,,WT,103,10118,0
2022-04-07T17:24:19.889Z,920a4f08f9dc0f6e1e533b69048e420018ff60594f48eeeb9943117d6c4f63cc,Org1MSP,Func7,"[16"",""100"",""10"",""100""]""",Org1MSP Org2MSP ,VALID, 10 16, 10 16,,UT,103,10203,0
2022-04-07T17:24:19.890Z,1a3d9a335cc69f8ba89bc18cfec0e9e6af4c1501e1cdc348d9fcbec2d48e8609,Org1MSP,Func4,"[10164"",""1016400"",""10011"",""1001100""]""",Org1MSP Org2MSP ,VALID,, 10011 10164,,WT,103,10113,0
2022-04-07T17:24:19.890Z,b0338172c26949c9a0e736bdaa6ace86f27046b31657d4f315c38e9ca7bf692f,Org1MSP,Func4,"[10006"",""1000600"",""10009"",""1000900""]""",Org1MSP Org2MSP ,VALID,, 10006 10009,,WT,103,10169,0
2022-04-07T17:24:19.891Z,595a5f7517abfd6a1a82d292238e528c6fcf46683cf2d9babc7c051eb92d2cc1,Org1MSP,Func1,"[5"",""1891""]""",Org1MSP Org2MSP ,VALID, 1891 5,,,RT,103,10139,0
2022-04-07T17:24:19.895Z,31f19c8e376a97ac926fbf73705d12cb9b168d7c6269f3a9d70d99aeee8c80ee,Org1MSP,Func1,"[423"",""14""]""",Org1MSP Org2MSP ,VALID, 14 423,,,RT,103,10122,0
2022-04-07T17:24:19.895Z,c193d3046b4311090e9b26ac405ce4880fb62880a08d928b5b1a50a400059d45,Org1MSP,Func4,"[19957"",""1995700"",""10319"",""1031900""]""",Org1MSP Org2MSP ,VALID,, 10319 19957,,WT,103,10176,0
2022-04-07T17:24:19.896Z,2a0c8a5a216d7f1db574eeae2b570e1d614c2d5a812636a409e4eff145e71912,Org1MSP,Func1,"[1306"",""3""]""",Org1MSP Org2MSP ,VALID, 1306 3,,,RT,103,10202,0
2022-04-07T17:24:19.898Z,40c5ff0c68ca8d8bbe61df5aa764aac60f78616536a2cb9eb9d66383c11464cc,Org1MSP,Func4,"[10002"",""1000200"",""12598"",""1259800""]""",Org1MSP Org2MSP ,VALID,, 10002 12598,,WT,103,10126,0
2022-04-07T17:24:19.899Z,47f544cffe0b5ee851cea30718aaf69554d130366a2a932248ec9848fc4f3b80,Org1MSP,Func7,"[81"",""100"",""291"",""100""]""",Org1MSP Org2MSP ,VALID, 291 81, 291 81,,UT,103,10128,0
2022-04-07T17:24:19.989Z,7aa782dd1e6952218beb597b257b44086f5c562f8698642f906f6bf56c2a7a8e,Org1MSP,Func4,"[10720"",""1072000"",""10028"",""1002800""]""",Org1MSP Org2MSP ,VALID,, 10028 10720,,WT,103,10151,0
2022-04-07T17:24:19.989Z,d23958957e9ac8c61ca100b1cb9aae38100194e459f93b2038956c96d6c73373,Org1MSP,Func4,"[10143"",""1014300"",""10002"",""1000200""]""",Org1MSP Org2MSP ,VALID,, 10002 10143,,WT,103,10183,0
2022-04-07T17:24:19.990Z,a5b74c06472391810b6e09c70a376780366982193b3faac05787719500ac17cf,Org1MSP,Func4,"[14155"",""1415500"",""11057"",""1105700""]""",Org1MSP Org2MSP ,VALID,, 11057 14155,,WT,103,10164,0
2022-04-07T17:24:19.991Z,02a8f3ce3cb2df0e6d2ee0a013d14f9234848931559dc3d1414de3538d8055dd,Org1MSP,Func7,"[8"",""100"",""1055"",""100""]""",Org1MSP Org2MSP ,VALID, 1055 8, 1055 8,,UT,103,10105,0
2022-04-07T17:24:19.992Z,a6aae056b8b637e48f22102f62442989d2d0778610798886f3fbd66fe3757885,Org1MSP,Func1,"[815"",""16""]""",Org1MSP Org2MSP ,VALID, 16 815,,,RT,103,10165,0
2022-04-07T17:24:19.993Z,b311fa96d3718d6639aa946f0d89d8da0052b635ce84777977c9046a68b7eaa0,Org1MSP,Func4,"[10012"",""1001200"",""10006"",""1000600""]""",Org1MSP Org2MSP ,VALID,, 10006 10012,,WT,103,10171,0
2022-04-07T17:24:19.995Z,57a43e88d88eb1bb1c4121612406ecc2c30ffbd72ad59d35787962d7b80e37cf,Org1MSP,Func4,"[10004"",""1000400"",""10419"",""1041900""]""",Org1MSP Org2MSP ,VALID,, 10004 10419,,WT,103,10138,0
2022-04-07T17:24:19.996Z,aac72c16e1e7adb83a458de7217d829035b247816f7afaf518ea08dc15a45f8d,Org1MSP,Func1,"[95"",""632""]""",Org1MSP Org2MSP ,VALID, 632 95,,,RT,103,10167,0
2022-04-07T17:24:19.997Z,2e2223c72fcec477df4dee5a9dd67c6087c2acbb73cb192dab2b6ea6cb44295b,Org1MSP,Func1,"[33"",""4179""]""",Org1MSP Org2MSP ,VALID, 33 4179,,,RT,103,10121,0
2022-04-07T17:24:19.998Z,3c0313de1728c7d2315100caa44a6cdc9bb5e53b3af50c7290e2e3bfa847755a,Org1MSP,Func4,"[10008"",""1000800"",""10024"",""1002400""]""",Org1MSP Org2MSP ,VALID,, 10008 10024,,WT,103,10123,0
2022-04-07T17:24:20.089Z,4ae920bf288bd20473dedb7b01b2abf590928237bd201b469e7a7e5eff24b3f9,Org1MSP,Func4,"[10000"",""1000000"",""10000"",""1000000""]""",Org1MSP Org2MSP ,VALID,, 10000,,WT,103,10130,0
2022-04-07T17:24:20.089Z,556452bedcb2dcb7b9cb7eb7b1fd906f99b135bcc9520ca01f4f536917f993df,Org1MSP,Func4,"[10025"",""1002500"",""10010"",""1001000""]""",Org1MSP Org2MSP ,VALID,, 10010 10025,,WT,103,10135,0
2022-04-07T17:24:20.091Z,f8e7e935798110ace713a3c63e4193c468619b6d6d7ad1b788f2ceebe168afad,Org1MSP,Func4,"[11151"",""1115100"",""10005"",""1000500""]""",Org1MSP Org2MSP ,VALID,, 10005 11151,,WT,103,10200,0
2022-04-07T17:24:20.092Z,07e9cd8b2860900f1816d297504f2b32529507c582ce77d248183c750873f789,Org1MSP,Func7,"[25"",""100"",""637"",""100""]""",Org1MSP Org2MSP ,VALID, 25 637, 25 637,,UT,103,10109,0
2022-04-07T17:24:20.094Z,8176613cc90919db17c6daa64cf8e1cfee71737ecf95229bf18b2a10924f8faf,Org1MSP,Func4,"[10042"",""1004200"",""10000"",""1000000""]""",Org1MSP Org2MSP ,VALID,, 10000 10042,,WT,103,10153,0
2022-04-07T17:24:20.095Z,c27ecb01667d3cd7bbe2fc763fa637a733f18eb8ef21d2af57fcaf059ef5d6ea,Org1MSP,Func4,"[10000"",""1000000"",""10000"",""1000000""]""",Org1MSP Org2MSP ,VALID,, 10000,,WT,103,10178,0
2022-04-07T17:24:20.096Z,203cf1262f7ede40f48de97d9208656889b28a5d91a1e162078cc084190f5ee7,Org1MSP,Func4,"[10151"",""1015100"",""10000"",""1000000""]""",Org1MSP Org2MSP ,VALID,, 10000 10151,,WT,103,10115,0
2022-04-07T17:24:20.100Z,f4b8896286003d717c71eab79720140e0eaab0fe7a20aa7b19a47fe5755815f4,Org1MSP,Func4,"[10095"",""1009500"",""10920"",""1092000""]""",Org1MSP Org2MSP ,VALID,, 10095 10920,,WT,103,10198,0
2022-04-07T17:24:20.101Z,ab1c48bebfc5f879958bafce22d843355908de0325ac8bf7bf5c69b3b765332c,Org1MSP,Func4,"[10005"",""1000500"",""10000"",""1000000""]""",Org1MSP Org2MSP ,VALID,, 10000 10005,,WT,103,10168,0
2022-04-07T17:24:20.104Z,d83eb1da6479e3e22584c53bb40c0e5a14f65848ffd34f5c21631b0e7f9e4763,Org1MSP,Func4,"[10041"",""1004100"",""10000"",""1000000""]""",Org1MSP Org2MSP ,VALID,, 10000 10041,,WT,103,10186,0
2022-04-07T17:24:20.188Z,513c5844003ed72ed635ead56b61fa49e838a6f38d33cb0ca2ea9241b685351b,Org1MSP,Func4,"[10000"",""1000000"",""10005"",""1000500""]""",Org1MSP Org2MSP ,VALID,, 10000 10005,,WT,104,10227,0
2022-04-07T17:24:20.189Z,f370c7b22a9c64d5ec826c8f74a613490737ca8b6a6255b408c54d983c7a0fda,Org1MSP,Func7,"[340"",""100"",""7982"",""100""]""",Org1MSP Org2MSP ,VALID, 340 7982, 340 7982,,UT,104,10284,0
2022-04-07T17:24:20.190Z,9ca19ea692acd14ee5e0bbaf314fa411fc329b8164cb473293d75c8164bb0fcd,Org1MSP,Func1,"[4136"",""1""]""",Org1MSP Org2MSP ,VALID, 1 4136,,,RT,104,10254,0
2022-04-07T17:24:20.190Z,e1d62a7f2aace46dc64cd8f09350636a4ef8277ce4215a188c56a7d54d7b44cb,Org1MSP,Func1,"[19"",""316""]""",Org1MSP Org2MSP ,VALID, 19 316,,,RT,104,10281,0
2022-04-07T17:24:20.195Z,2c762b8e7f1c9b14142ace411b5794c3dc76855fc215aeee783f2f2306ed0e36,Org1MSP,Func4,"[10002"",""1000200"",""14302"",""1430200""]""",Org1MSP Org2MSP ,VALID,, 10002 14302,,WT,104,10221,0
2022-04-07T17:24:20.198Z,7d5d00771d51774f81ce66391ab7934e99570b40ae58f95c0437c51b90f047f3,Org1MSP,Func1,"[2"",""1814""]""",Org1MSP Org2MSP ,VALID, 1814 2,,,RT,104,10243,0
2022-04-07T17:24:20.198Z,84d12baf05d4a1008ecb385244816eb0e0956c3c6b1f96f10e25f6bdc7964d32,Org1MSP,Func4,"[10150"",""1015000"",""10005"",""1000500""]""",Org1MSP Org2MSP ,VALID,, 10005 10150,,WT,104,10247,0
2022-04-07T17:24:20.198Z,baa381941407401d8605e3b2c1d93c2aa625b810d9c11788b3c5808d2aee1f19,Org1MSP,Func7,"[14"",""100"",""12"",""100""]""",Org1MSP Org2MSP ,VALID, 12 14, 12 14,,UT,104,10266,0
2022-04-07T17:24:20.289Z,225e4cb7c5ba57101e6b7796772ad1d288f8b91536b8a400293a21ad8cfbda65,Org1MSP,Func4,"[14614"",""1461400"",""12322"",""1232200""]""",Org1MSP Org2MSP ,VALID,, 12322 14614,,WT,104,10216,0
2022-04-07T17:24:20.289Z,5d99f19a852a2ba26706d30239a692672ea5d605862331aac2ed29e66e73d3e1,Org1MSP,Func4,"[10759"",""1075900"",""10175"",""1017500""]""",Org1MSP Org2MSP ,VALID,, 10175 10759,,WT,104,10233,0
2022-04-07T17:24:20.289Z,fe20da59f61e1bfe2d33a115e02a86bf6cef8d0d59f56210b70ec84951c6eb7f,Org1MSP,Func1,"[38"",""192""]""",Org1MSP Org2MSP ,VALID, 192 38,,,RT,104,10286,0
2022-04-07T17:24:20.290Z,29725f20a1605f6e1d33e39681671a2deedd8036be6bed83f496e7e9bd423b7e,Org1MSP,Func4,"[10057"",""1005700"",""10000"",""1000000""]""",Org1MSP Org2MSP ,VALID,, 10000 10057,,WT,104,10220,0
2022-04-07T17:24:20.292Z,8488d41c832d7175fffcd98a5ba59cff3b5d1d8bad6e5fff8d27b751f7ad3fe7,Org1MSP,Func1,"[985"",""30""]""",Org1MSP Org2MSP ,VALID, 30 985,,,RT,104,10246,0
2022-04-07T17:24:20.293Z,64f5b546b3813c172d40feaefa5894ed8bbe970ad3613823e90c051c6ee6e608,Org1MSP,Func4,"[10168"",""1016800"",""19936"",""1993600""]""",Org1MSP Org2MSP ,VALID,, 10168 19936,,WT,104,10237,0
2022-04-07T17:24:20.294Z,e3631f7fc9b186541f6a7b1972eeb81e53c5884385db3a994b6001245b6dc54c,Org1MSP,Func1,"[5421"",""1""]""",Org1MSP Org2MSP ,VALID, 1 5421,,,RT,104,10282,0
2022-04-07T17:24:20.297Z,24cabfb5f861133bdd33748ad19fcd81e74132668461662cd66818c419e31398,Org1MSP,Func1,"[189"",""3537""]""",Org1MSP Org2MSP ,VALID, 189 3537,,,RT,104,10217,0
2022-04-07T17:24:20.297Z,c6b7912020627fb8b9fc73178b16db05360c494fdef809c1436663bb7fb6d457,Org1MSP,Func4,"[10837"",""1083700"",""10581"",""1058100""]""",Org1MSP Org2MSP ,VALID,, 10581 10837,,WT,104,10272,0
2022-04-07T17:24:20.299Z,460adf1155f21c816e09c13e73a0c2999620014f414c00b53b52510bad23ff74,Org1MSP,Func4,"[10057"",""1005700"",""10004"",""1000400""]""",Org1MSP Org2MSP ,VALID,, 10004 10057,,WT,104,10226,0
2022-04-07T17:24:20.389Z,27b7a0e0d3c30683a7e800d848b2c5c7b5e3dd39c3e30fc7704b98b23415cc5d,Org1MSP,Func4,"[10003"",""1000300"",""10013"",""1001300""]""",Org1MSP Org2MSP ,VALID,, 10003 10013,,WT,104,10218,0
2022-04-07T17:24:20.389Z,535e37c02559d8986066614a3c541314c0c89fff99de98bc5eee5786162dee3d,Org1MSP,Func1,"[199"",""3""]""",Org1MSP Org2MSP ,VALID, 199 3,,,RT,104,10229,0
2022-04-07T17:24:20.389Z,989162b6dad09868a41bb83d218a00091b6f2686eefe6bb9bb79dbe86a78a6db,Org1MSP,Func4,"[10000"",""1000000"",""15083"",""1508300""]""",Org1MSP Org2MSP ,VALID,, 10000 15083,,WT,104,10251,0
2022-04-07T17:24:20.389Z,fe36abf931e3d811d5bd0bcefb4ade0f1d194babb4d19190ba54a431b2499925,Org1MSP,Func4,"[11342"",""1134200"",""17675"",""1767500""]""",Org1MSP Org2MSP ,VALID,, 11342 17675,,WT,104,10287,0
2022-04-07T17:24:20.394Z,8817f29b0177adaebcd8ae3ff77649862b058c042f1df8246dfed3af726d80d0,Org1MSP,Func7,"[166"",""100"",""156"",""100""]""",Org1MSP Org2MSP ,VALID, 156 166, 156 166,,UT,104,10249,0
2022-04-07T17:24:20.396Z,f41b25ce5e43f1679e6c1eb4e8e85ab6d27e97224ead8c9cd91ca24b02a278bd,Org1MSP,Func7,"[82"",""100"",""3"",""100""]""",Org1MSP Org2MSP ,VALID, 3 82, 3 82,,UT,104,10295,0
2022-04-07T17:24:20.398Z,3fb7fb60d04475d846742f523a72bf8a42b6beb99ccb11fb07c693840fe185c2,Org1MSP,Func4,"[10633"",""1063300"",""10009"",""1000900""]""",Org1MSP Org2MSP ,VALID,, 10009 10633,,WT,104,10225,0
2022-04-07T17:24:20.398Z,b77742f93f7cd3eb1efe6cd0ac4b5882c5ad1bebb30f3b9f22f66e525b415898,Org1MSP,Func4,"[10001"",""1000100"",""10401"",""1040100""]""",Org1MSP Org2MSP ,VALID,, 10001 10401,,WT,104,10264,0
2022-04-07T17:24:20.489Z,33973f1dc4cb8c2f66ebdbe12396d1524115bae9a0ca274978fc5a0c3d0343c2,Org1MSP,Func7,"[4112"",""100"",""288"",""100""]""",Org1MSP Org2MSP ,VALID, 288 4112, 288 4112,,UT,104,10222,0
2022-04-07T17:24:20.489Z,bec638a9a0068480d54c194f4c5c3a7255d133d29d4d83c4b27e27c73f2774e0,Org1MSP,Func4,"[10039"",""1003900"",""10459"",""1045900""]""",Org1MSP Org2MSP ,VALID,, 10039 10459,,WT,104,10268,0
2022-04-07T17:24:20.490Z,0af17831f3c8c3c4871758e243c0be4e0a1ccecfb90198d88becbc64311659f5,Org1MSP,Func4,"[11879"",""1187900"",""10015"",""1001500""]""",Org1MSP Org2MSP ,VALID,, 10015 11879,,WT,104,10209,0
2022-04-07T17:24:20.492Z,9b84ffc72ca114f76cfeb930c6c5519ecb4a7122f538a5c0b139d046e4d574df,Org1MSP,Func7,"[55"",""100"",""35"",""100""]""",Org1MSP Org2MSP ,VALID, 35 55, 35 55,,UT,104,10252,0
2022-04-07T17:24:20.493Z,0d2d6c5e58e24cb95f268e74b25ac9e76c1780fd56c06beba447398d6ece2c8d,Org1MSP,Func4,"[10000"",""1000000"",""10458"",""1045800""]""",Org1MSP Org2MSP ,VALID,, 10000 10458,,WT,104,10210,0
2022-04-07T17:24:20.493Z,d1fe1fe99827a2499528a850b1c865851b941d8b06fa3d1c8ebc5242a39f832c,Org1MSP,Func7,"[3929"",""100"",""1556"",""100""]""",Org1MSP Org2MSP ,VALID, 1556 3929, 1556 3929,,UT,104,10275,0
2022-04-07T17:24:20.494Z,a85f403a7c850817197f877891ab32432f2efed54ffa3559dd53b310f1d4fc3d,Org1MSP,Func4,"[10228"",""1022800"",""10002"",""1000200""]""",Org1MSP Org2MSP ,VALID,, 10002 10228,,WT,104,10260,0
2022-04-07T17:24:20.496Z,6616667124ebdcbf56bab8c9eafcf3644f981460558dd1f18602248d5b3f96ab,Org1MSP,Func4,"[11073"",""1107300"",""10016"",""1001600""]""",Org1MSP Org2MSP ,VALID,, 10016 11073,,WT,104,10238,0
2022-04-07T17:24:20.497Z,b513ca1023d7223b5c05e2f5840d97f5b468e91bfb964d5494ccb111aae22063,Org1MSP,Func1,"[5001"",""1""]""",Org1MSP Org2MSP ,VALID, 1 5001,,,RT,104,10291,0
2022-04-07T17:24:20.498Z,090f4534778afe0166e90e39d71affe3fabf1160a5e45f25869de4afc335783a,Org1MSP,Func4,"[11961"",""1196100"",""10066"",""1006600""]""",Org1MSP Org2MSP ,VALID,, 10066 11961,,WT,104,10207,0
2022-04-07T17:24:20.588Z,61a2c6a1d490f06e919bce51e4238a4f0978a419b76271869fa9ebfaa3cb03b7,Org1MSP,Func4,"[10085"",""1008500"",""10015"",""1001500""]""",Org1MSP Org2MSP ,VALID,, 10015 10085,,WT,104,10234,0
2022-04-07T17:24:20.590Z,07205be65b54eb014a8e6b4d3c25e7ac25c59644e3e7a14aa79915a97fd1e99f,Org1MSP,Func1,"[9"",""342""]""",Org1MSP Org2MSP ,VALID, 342 9,,,RT,104,10206,0
2022-04-07T17:24:20.590Z,e1c0da58f32940f676ee6cc5bab1e645c9ad414b16551b40a7ddf897138365ff,Org1MSP,Func4,"[10002"",""1000200"",""10804"",""1080400""]""",Org1MSP Org2MSP ,VALID,, 10002 10804,,WT,104,10280,0
2022-04-07T17:24:20.591Z,9c0378ef59ea245bd895395b93489c23c865695f078e3696b440fb367ab0af6c,Org1MSP,Func4,"[10575"",""1057500"",""10066"",""1006600""]""",Org1MSP Org2MSP ,VALID,, 10066 10575,,WT,104,10253,0
2022-04-07T17:24:20.592Z,1cbef75ae5200e12dc5b99e8d08440bf9e4f0c9ced00a865f7227df5bc834848,Org1MSP,Func4,"[10005"",""1000500"",""12049"",""1204900""]""",Org1MSP Org2MSP ,VALID,, 10005 12049,,WT,104,10213,0
2022-04-07T17:24:20.593Z,092c508b519b6daf36e460cfc8ca1309cc30417ecd8f34e998408c2d073d353b,Org1MSP,Func4,"[10006"",""1000600"",""12123"",""1212300""]""",Org1MSP Org2MSP ,VALID,, 10006 12123,,WT,104,10208,0
2022-04-07T17:24:20.596Z,53cbb5d8e5f43c678ed7b0350d04551bba3fcaf39abe6b6b804229a3848f4b46,Org1MSP,Func7,"[163"",""100"",""6"",""100""]""",Org1MSP Org2MSP ,VALID, 163 6, 163 6,,UT,104,10230,0
2022-04-07T17:24:20.596Z,880312e64bd9e435953af9a0856987edf0c1f59b4202f0cbdcea0d350ecbfb30,Org1MSP,Func4,"[10000"",""1000000"",""11347"",""1134700""]""",Org1MSP Org2MSP ,VALID,, 10000 11347,,WT,104,10248,0
2022-04-07T17:24:20.597Z,3e349c994417e19b55f7d41cf59a86405bc05b2740156deb2efbf53cf2b64e31,Org1MSP,Func4,"[10485"",""1048500"",""15414"",""1541400""]""",Org1MSP Org2MSP ,VALID,, 10485 15414,,WT,104,10224,0
2022-04-07T17:24:20.598Z,a116aba2ff3877237d1985884cc053e6831d002ba55d279175f300c8490b8e8e,Org1MSP,Func4,"[12912"",""1291200"",""10055"",""1005500""]""",Org1MSP Org2MSP ,VALID,, 10055 12912,,WT,104,10255,0
2022-04-07T17:24:20.689Z,61d6041691d00028f295e2e7b604cb18c18bb1136b7348cdf063023559a76779,Org1MSP,Func4,"[10002"",""1000200"",""10368"",""1036800""]""",Org1MSP Org2MSP ,VALID,, 10002 10368,,WT,104,10235,0
2022-04-07T17:24:20.690Z,7953120d62f38e722508884efc14d828707e60c5c65be5d2675dbccfe1015710,Org1MSP,Func4,"[15456"",""1545600"",""10033"",""1003300""]""",Org1MSP Org2MSP ,VALID,, 10033 15456,,WT,104,10242,0
2022-04-07T17:24:20.690Z,81b9f193b9b7676c09dbb59f328e6253708186a2ebbe67e72eb2185056e178e2,Org1MSP,Func4,"[10082"",""1008200"",""12503"",""1250300""]""",Org1MSP Org2MSP ,VALID,, 10082 12503,,WT,104,10244,0
2022-04-07T17:24:20.690Z,8f337950a1ba224d54de9a580faffd58c63d9c659824b4f7e9e3c61bcebae1d4,Org1MSP,Func4,"[10000"",""1000000"",""10391"",""1039100""]""",Org1MSP Org2MSP ,VALID,, 10000 10391,,WT,104,10250,0
2022-04-07T17:24:20.693Z,762660d17e983ea3ab5302c7f64c541339a889061ae774a0776f6fab9cf85a4c,Org1MSP,Func1,"[3"",""1""]""",Org1MSP Org2MSP ,VALID, 1 3,,,RT,104,10293,0
2022-04-07T17:24:20.694Z,5a0f1be0cff8e85559d350a67b22a9b659f395defd6904bfa620d34af2e7307d,Org1MSP,Func7,"[6743"",""100"",""846"",""100""]""",Org1MSP Org2MSP ,VALID, 6743 846, 6743 846,,UT,104,10232,0
2022-04-07T17:24:20.698Z,1fdcc61435dd207cb7d2137fdb0035c7470db4ec3ba185e55575f461b68b2001,Org1MSP,Func4,"[11031"",""1103100"",""10731"",""1073100""]""",Org1MSP Org2MSP ,VALID,, 10731 11031,,WT,104,10215,0
2022-04-07T17:24:20.698Z,ebfeafda113b3cff0ba147dc030c4918b7072e5ee47023be19b776236fcf28e4,Org1MSP,Func4,"[10000"",""1000000"",""10086"",""1008600""]""",Org1MSP Org2MSP ,VALID,, 10000 10086,,WT,104,10283,0
2022-04-07T17:24:20.789Z,acc33b331105dcc4b50c68380d12f9d2926c03aeb2053955f6b6c2d2bb03c4bf,Org1MSP,Func1,"[1130"",""16""]""",Org1MSP Org2MSP ,VALID, 1130 16,,,RT,104,10262,0
2022-04-07T17:24:20.789Z,bf495cf72a323486c4d2a9e4614476074940cdd7162559e3d2bb79668a3135b5,Org1MSP,Func4,"[14222"",""1422200"",""10212"",""1021200""]""",Org1MSP Org2MSP ,VALID,, 10212 14222,,WT,104,10269,0
2022-04-07T17:24:20.789Z,4ee7cecdbcc9c7ebc93abb06f43e38ec1676de535b253d5b9d48cadaf65e8998,Org1MSP,Func7,"[1"",""100"",""1341"",""100""]""",Org1MSP Org2MSP ,VALID, 1 1341, 1 1341,,UT,104,10296,0
2022-04-07T17:24:20.790Z,292979facbf154c344893c9e2cb7017c9cd332e51b3af1a5ac769e7c8989d0a1,Org1MSP,Func4,"[10000"",""1000000"",""12633"",""1263300""]""",Org1MSP Org2MSP ,VALID,, 10000 12633,,WT,104,10219,0
2022-04-07T17:24:20.793Z,c5bbb7c616824f64f9026d2e271816e008dff0e971db3753a0c609ad646cc4aa,Org1MSP,Func4,"[10000"",""1000000"",""10003"",""1000300""]""",Org1MSP Org2MSP ,VALID,, 10000 10003,,WT,104,10271,0
2022-04-07T17:24:20.795Z,e015f1c9f810cdf256d90a66b50a1b0f937495ec10b1bb3f8e239ff3f30a89bb,Org1MSP,Func1,"[4"",""1405""]""",Org1MSP Org2MSP ,VALID, 1405 4,,,RT,104,10278,0
2022-04-07T17:24:20.796Z,df2790d00c99cdc368d5fe88dacb71d8f989ee16daa52f88b0a2d416e01060d2,Org1MSP,Func4,"[12774"",""1277400"",""10260"",""1026000""]""",Org1MSP Org2MSP ,VALID,, 10260 12774,,WT,104,10277,0
2022-04-07T17:24:20.797Z,a7a50e6d24831782c7c8dbe6f7182946ada12d0492feb7f88828d32b520af341,Org1MSP,Func4,"[10134"",""1013400"",""10296"",""1029600""]""",Org1MSP Org2MSP ,VALID,, 10134 10296,,WT,104,10259,0
2022-04-07T17:24:20.798Z,c23b75d607455e314f50a620ee76c4f27eca492096a7cdacc2de45c2afebbc76,Org1MSP,Func1,"[6730"",""1013""]""",Org1MSP Org2MSP ,VALID, 1013 6730,,,RT,104,10270,0
2022-04-07T17:24:20.889Z,6c5cd0238273fefafe3f0a1473b3497df77889043ad0c7d772c085cfe50c6c47,Org1MSP,Func4,"[10500"",""1050000"",""10339"",""1033900""]""",Org1MSP Org2MSP ,VALID,, 10339 10500,,WT,104,10239,0
2022-04-07T17:24:20.889Z,ea3cef99ec8e8e62c6b4994fec0398942f705f833356f2ea63f1371ebc6126ef,Org1MSP,Func1,"[1"",""31""]""",Org1MSP Org2MSP ,VALID, 1 31,,,RT,104,10292,0
2022-04-07T17:24:20.890Z,cb54f0674c7bde34c9369c302449033ef570aa6f0fa83b408d0cf608f3a40acf,Org1MSP,Func4,"[10006"",""1000600"",""10022"",""1002200""]""",Org1MSP Org2MSP ,VALID,, 10006 10022,,WT,104,10273,0
2022-04-07T17:24:20.892Z,0834c6cc870a397ba3287307ae9bbe289feb421a4ee2ef2fc2d322f537156152,Org1MSP,Func1,"[5"",""23""]""",Org1MSP Org2MSP ,VALID, 23 5,,,RT,104,10288,0
2022-04-07T17:24:20.894Z,ab456e7e8effce66d6ff3fc152a6723e25a4ae4a51d996bceb23643046e580c3,Org1MSP,Func7,"[24"",""100"",""1445"",""100""]""",Org1MSP Org2MSP ,VALID, 1445 24, 1445 24,,UT,104,10261,0
2022-04-07T17:24:20.894Z,f8684d105e8dcfc309f2abcb22564a570b6480d646e87386eb50edb815726d35,Org1MSP,Func4,"[10001"",""1000100"",""10114"",""1011400""]""",Org1MSP Org2MSP ,VALID,, 10001 10114,,WT,104,10285,0
2022-04-07T17:24:20.896Z,6280bdf364eb5d3a8ee49dc3b1184541b475d1a23727602c52fb5698b24be434,Org1MSP,Func1,"[8"",""10""]""",Org1MSP Org2MSP ,VALID, 10 8,,,RT,104,10236,0
2022-04-07T17:24:20.897Z,1de4f11ba00a52825c494bf9e0bff11e72c136a2049af13cacc937221cb923c3,Org1MSP,Func1,"[3403"",""3""]""",Org1MSP Org2MSP ,VALID, 3 3403,,,RT,104,10214,0
2022-04-07T17:24:20.899Z,0c34329affa02ab9dbdf5d8b2a4c58ba2be44265350f2ecb38d035aad0e4e237,Org1MSP,Func1,"[2"",""83""]""",Org1MSP Org2MSP ,VALID, 2 83,,,RT,104,10289,0
2022-04-07T17:24:20.989Z,74f14df7a4fd71dffd67890b1fe0b1d901295e98226379eb74be2f1f2d85b275,Org1MSP,Func7,"[112"",""100"",""7772"",""100""]""",Org1MSP Org2MSP ,VALID, 112 7772, 112 7772,,UT,104,10241,0
2022-04-07T17:24:20.990Z,a6f26712681ea033a2335c13967c400fe02c94acb66d9525ebbfd89d4f33d52c,Org1MSP,Func4,"[10003"",""1000300"",""18846"",""1884600""]""",Org1MSP Org2MSP ,VALID,, 10003 18846,,WT,104,10258,0
2022-04-07T17:24:20.992Z,a68523f944664d25642f757a93fde94106ae4a6fb9ad311e0d41b6e852ce5260,Org1MSP,Func4,"[10043"",""1004300"",""12056"",""1205600""]""",Org1MSP Org2MSP ,VALID,, 10043 12056,,WT,104,10257,0
2022-04-07T17:24:20.995Z,d0ca4e3582cf3058f5feba3124eeccc871665561ec78d5f18a13ee855c4349e6,Org1MSP,Func1,"[971"",""5003""]""",Org1MSP Org2MSP ,VALID, 5003 971,,,RT,104,10274,0
2022-04-07T17:24:20.996Z,38b1af05811060dc17bf5bade77c257205898a99489c0361556b1be4cbe8b921,Org1MSP,Func4,"[10128"",""1012800"",""10219"",""1021900""]""",Org1MSP Org2MSP ,VALID,, 10128 10219,,WT,104,10223,0
2022-04-07T17:24:20.996Z,d9d2963545236a5e724ef9bb0f66038bb2db137afdbc563c609c03139cf46fb7,Org1MSP,Func1,"[7376"",""195""]""",Org1MSP Org2MSP ,VALID, 195 7376,,,RT,104,10276,0
2022-04-07T17:24:20.997Z,0db2e4d6a3a75052e76cc13e3d6852a67f26b51dd03e53383c4d28ba42a49646,Org1MSP,Func4,"[10522"",""1052200"",""10001"",""1000100""]""",Org1MSP Org2MSP ,VALID,, 10001 10522,,WT,104,10211,0
2022-04-07T17:24:21.021Z,e0bf397b2107a5675c616671dd4c8530d0cda522465094345838d6160fab02c9,Org1MSP,Func4,"[10198"",""1019800"",""10029"",""1002900""]""",Org1MSP Org2MSP ,VALID,, 10029 10198,,WT,104,10279,0
2022-04-07T17:24:21.089Z,0e20379be80081cc2ab09b7cee6785ab35fa928a5046aab14ebef1116a2ac3a0,Org1MSP,Func4,"[10005"",""1000500"",""10003"",""1000300""]""",Org1MSP Org2MSP ,VALID,, 10003 10005,,WT,104,10212,0
2022-04-07T17:24:21.090Z,583c4e2eb717ed0b84bfefd257b1ee880866858b68e970502c80da4c9687858e,Org1MSP,Func1,"[7"",""3652""]""",Org1MSP Org2MSP ,VALID, 3652 7,,,RT,104,10231,0
2022-04-07T17:24:21.091Z,a4038d90c37c484949ae8a57b9783c7670f43ac03cb8a6866e41df4537b3d884,Org1MSP,Func4,"[10000"",""1000000"",""11115"",""1111500""]""",Org1MSP Org2MSP ,VALID,, 10000 11115,,WT,104,10256,0
2022-04-07T17:24:21.093Z,82c857ebacbbd07153c830a3943539c353a744e9688b10a08f60f9aa6cc1c256,Org1MSP,Func4,"[10001"",""1000100"",""15372"",""1537200""]""",Org1MSP Org2MSP ,VALID,, 10001 15372,,WT,104,10245,0
2022-04-07T17:24:21.095Z,b0dd14b21b95b3d5cc1f985938da4ee4f3b7276034b488adad051d6245ce76fa,Org1MSP,Func4,"[10008"",""1000800"",""12902"",""1290200""]""",Org1MSP Org2MSP ,VALID,, 10008 12902,,WT,104,10263,0
2022-04-07T17:24:21.096Z,719ca85ae8df49ea54e7e63d55e00754921a6c00ac59245e71e19cd5a2906837,Org1MSP,Func7,"[4"",""100"",""11"",""100""]""",Org1MSP Org2MSP ,VALID, 11 4, 11 4,,UT,104,10290,0
2022-04-07T17:24:21.097Z,51d56fd14b1a877f3128b56a2d2c88441c680332e93299f840a4c95f105b7661,Org1MSP,Func4,"[10309"",""1030900"",""10364"",""1036400""]""",Org1MSP Org2MSP ,VALID,, 10309 10364,,WT,104,10228,0
2022-04-07T17:24:21.097Z,b47ee824b3fd13e9b46fecd4539e797fbc17ca0bf2d26081fd45b5db51f1337a,Org1MSP,Func1,"[1"",""371""]""",Org1MSP Org2MSP ,VALID, 1 371,,,RT,104,10294,0
2022-04-07T17:24:21.099Z,b780da144dd22f1de70a1dffd97d7406d0aabafec3c789884285e8bc150a43ed,Org1MSP,Func1,"[449"",""3""]""",Org1MSP Org2MSP ,VALID, 3 449,,,RT,104,10265,0
2022-04-07T17:24:21.189Z,bc9ed9e839bc0ca23f6aad60cb6ed51d572531d1a0a0225dff438b392fa6bed0,Org1MSP,Func4,"[10000"",""1000000"",""10029"",""1002900""]""",Org1MSP Org2MSP ,VALID,, 10000 10029,,WT,104,10267,0
2022-04-07T17:24:21.190Z,706c30077a116441fd43d8650ab775e66f3c5657fda38d15bd44a4346f1dd4a7,Org1MSP,Func4,"[10002"",""1000200"",""10001"",""1000100""]""",Org1MSP Org2MSP ,VALID,, 10001 10002,,WT,104,10240,0
2022-04-07T17:24:21.190Z,b8519bfde90adf9a18a0aadc3d37b60c47bf64552a7dfcb278d59d677907321b,Org1MSP,Func4,"[10612"",""1061200"",""18649"",""1864900""]""",Org1MSP Org2MSP ,VALID,, 10612 18649,,WT,105,10361,0
2022-04-07T17:24:21.192Z,3234b5397405fcd29721e646f2c70fc433ba1f70dba596e27dc7a00c9aa2ad2e,Org1MSP,Func4,"[10001"",""1000100"",""10026"",""1002600""]""",Org1MSP Org2MSP ,VALID,, 10001 10026,,WT,105,10314,0
2022-04-07T17:24:21.193Z,80040d615f91752a2c4b1cba0006d5f1b4cb089f9838e089079d9312385ef7d5,Org1MSP,Func7,"[8302"",""100"",""4253"",""100""]""",Org1MSP Org2MSP ,VALID, 4253 8302, 4253 8302,,UT,105,10344,0
2022-04-07T17:24:21.194Z,d0c98bfa8d370a0b06d74a784e77b906808fafe4a884ab6bde7d9e28631cc184,Org1MSP,Func7,"[78"",""100"",""1389"",""100""]""",Org1MSP Org2MSP ,VALID, 1389 78, 1389 78,,UT,105,10372,0
2022-04-07T17:24:21.196Z,418a13476f9dd1fd1e5e469f8834e553a708be92bd7167add2ea28cbcf7b2a1a,Org1MSP,Func4,"[11097"",""1109700"",""10001"",""1000100""]""",Org1MSP Org2MSP ,VALID,, 10001 11097,,WT,105,10320,0
2022-04-07T17:24:21.197Z,60047c443514285e8263c00a0883ee52dfca44a476e1f8d52da7b312473054f1,Org1MSP,Func1,"[3"",""1""]""",Org1MSP Org2MSP ,VALID, 1 3,,,RT,105,10335,0
2022-04-07T17:24:21.198Z,08528e821e76e2cb4bf62cc72914eb4d8e3038d537f46c72574e9e6089cd15ae,Org1MSP,Func4,"[10014"",""1001400"",""10136"",""1013600""]""",Org1MSP Org2MSP ,VALID,, 10014 10136,,WT,105,10303,0
2022-04-07T17:24:21.289Z,366e680532cf0355088e51a01466b36f426b71ccb7bad8df9278b25d0fabbad1,Org1MSP,Func4,"[17805"",""1780500"",""10864"",""1086400""]""",Org1MSP Org2MSP ,VALID,, 10864 17805,,WT,105,10316,0
2022-04-07T17:24:21.289Z,5fc63e29fa8088729e86634013e1dd8b367a363f2d825971950e2bc837620552,Org1MSP,Func4,"[10007"",""1000700"",""12223"",""1222300""]""",Org1MSP Org2MSP ,VALID,, 10007 12223,,WT,105,10334,0
2022-04-07T17:24:21.290Z,30cd8d9ca75a425911aeff1b337dc9945295b8cb81b69d8a332d88f98ce2f096,Org1MSP,Func1,"[4"",""1""]""",Org1MSP Org2MSP ,VALID, 1 4,,,RT,105,10313,0
2022-04-07T17:24:21.290Z,6c74d403d2471ed85d9e04e3610c85a5eb8e54a096d9d0f8a3ed70413c939c59,Org1MSP,Func4,"[10074"",""1007400"",""10184"",""1018400""]""",Org1MSP Org2MSP ,VALID,, 10074 10184,,WT,105,10339,0
2022-04-07T17:24:21.292Z,3965ec584852fd4f17e40b8e988050bc580b126c406cb125fd632d0a23b535c3,Org1MSP,Func1,"[323"",""131""]""",Org1MSP Org2MSP ,VALID, 131 323,,,RT,105,10317,0
2022-04-07T17:24:21.294Z,be277fde65e83878c7fcd9a7c287f352dd47fc596ed9f57781933e6c8de45d87,Org1MSP,Func4,"[10000"",""1000000"",""10002"",""1000200""]""",Org1MSP Org2MSP ,VALID,, 10000 10002,,WT,105,10365,0
2022-04-07T17:24:21.295Z,a0a44b4451dd51456e6c9a2d574014f221d7149296c9ee4764453da24e6adcf3,Org1MSP,Func4,"[10140"",""1014000"",""10014"",""1001400""]""",Org1MSP Org2MSP ,VALID,, 10014 10140,,WT,105,10356,0
2022-04-07T17:24:21.296Z,4f7e84e50c7a905ebf6f7384eef64276350fafdf49d18323d938cb8483984e15,Org1MSP,Func7,"[1921"",""100"",""9"",""100""]""",Org1MSP Org2MSP ,VALID, 1921 9, 1921 9,,UT,105,10326,0
2022-04-07T17:24:21.299Z,c7656625444c0e2840fd0eaddec4af18d70db372260c9fc6bca19deaa1c124a2,Org1MSP,Func4,"[10057"",""1005700"",""11098"",""1109800""]""",Org1MSP Org2MSP ,VALID,, 10057 11098,,WT,105,10368,0
2022-04-07T17:24:21.389Z,804fcd6c0551be8a012574e6b1b6fb365c70b27a9bd4e7437315ac9d045f7008,Org1MSP,Func1,"[6"",""15""]""",Org1MSP Org2MSP ,VALID, 15 6,,,RT,105,10345,0
2022-04-07T17:24:21.390Z,3017b8b2880384a16b215330457c33e5a9ac733a3aef1d5ac6b78f6d2934873f,Org1MSP,Func7,"[2"",""100"",""182"",""100""]""",Org1MSP Org2MSP ,VALID, 182 2, 182 2,,UT,105,10382,0
2022-04-07T17:24:21.392Z,16fbc0eb3a148e408f9bc0dce2c0972db7c5d4beba577a577844439cf26886c2,Org1MSP,Func1,"[27"",""2""]""",Org1MSP Org2MSP ,VALID, 2 27,,,RT,105,10308,0
2022-04-07T17:24:21.392Z,25436dc6ee9a909c022ccb5f7580d4fdffb5c5627419023d7ffe6852a8eb0969,Org1MSP,Func4,"[13956"",""1395600"",""14983"",""1498300""]""",Org1MSP Org2MSP ,VALID,, 13956 14983,,WT,105,10310,0
2022-04-07T17:24:21.394Z,557942eb6789be5417e3060b28f46d751b16aae3356e1959b12e022ebf701a95,Org1MSP,Func1,"[57"",""127""]""",Org1MSP Org2MSP ,VALID, 127 57,,,RT,105,10330,0
2022-04-07T17:24:21.396Z,41c84934ca05912edac01b2aa6d82f2b6fd0f03a9bb10bb3ec9c85a3d5590a89,Org1MSP,Func4,"[10008"",""1000800"",""10894"",""1089400""]""",Org1MSP Org2MSP ,VALID,, 10008 10894,,WT,105,10321,0
2022-04-07T17:24:21.397Z,0563e8fdd33155c4aac70f85d589ed7fa0d34332fb26577b09600ea89ec59841,Org1MSP,Func4,"[10056"",""1005600"",""10047"",""1004700""]""",Org1MSP Org2MSP ,VALID,, 10047 10056,,WT,105,10301,0
2022-04-07T17:24:21.398Z,0d7074351a133edca9c92331d16bce7fc3757924c420211976fe9de87877674a,Org1MSP,Func4,"[18378"",""1837800"",""12079"",""1207900""]""",Org1MSP Org2MSP ,VALID,, 12079 18378,,WT,105,10304,0
2022-04-07T17:24:21.489Z,8a7c790526a173d2ecfa70626a04fc0620a922e95f1c2d003cad8c5fcb5484a7,Org1MSP,Func4,"[10063"",""1006300"",""17194"",""1719400""]""",Org1MSP Org2MSP ,VALID,, 10063 17194,,WT,105,10348,0
2022-04-07T17:24:21.490Z,974897f2b7b5fa281c8e8d081cf70eeb75e5df43f4ab33c1ffb5628c6e34c8fb,Org1MSP,Func4,"[10000"",""1000000"",""10284"",""1028400""]""",Org1MSP Org2MSP ,VALID,, 10000 10284,,WT,105,10353,0
2022-04-07T17:24:21.491Z,124ee0d4f5d3c8ce98c185b38acb3ffbff9b17bff375136d84ed93dfa0890fcf,Org1MSP,Func4,"[10008"",""1000800"",""10000"",""1000000""]""",Org1MSP Org2MSP ,VALID,, 10000 10008,,WT,105,10306,0
2022-04-07T17:24:21.491Z,681913bf7a307946b512a1bcccf4f9ad375e927a59deb5eff1ba7acb376bb172,Org1MSP,Func4,"[10001"",""1000100"",""10524"",""1052400""]""",Org1MSP Org2MSP ,VALID,, 10001 10524,,WT,105,10337,0
2022-04-07T17:24:21.492Z,98f00243a7169d8a814c5f654dd5da46982be00b5bbc38da907bd66ef6c50ea3,Org1MSP,Func4,"[10014"",""1001400"",""10005"",""1000500""]""",Org1MSP Org2MSP ,VALID,, 10005 10014,,WT,105,10354,0
2022-04-07T17:24:21.493Z,5c33c9589f4b6a49a9d2ab8023ddd0e5bc7ee83f669dc3f16cce3698a1ed0fd1,Org1MSP,Func1,"[68"",""6192""]""",Org1MSP Org2MSP ,VALID, 6192 68,,,RT,105,10333,0
2022-04-07T17:24:21.495Z,f8ec5eac50e65dbacb7720920dd30c5b13a4bf257e96fdfd6d6084057f0a1ad3,Org1MSP,Func1,"[7600"",""553""]""",Org1MSP Org2MSP ,VALID, 553 7600,,,RT,105,10379,0
2022-04-07T17:24:21.497Z,7efcf19afe5451732a95be556a931c3ed76997aac89c724ecff1f683b9e81dba,Org1MSP,Func7,"[69"",""100"",""3200"",""100""]""",Org1MSP Org2MSP ,VALID, 3200 69, 3200 69,,UT,105,10343,0
2022-04-07T17:24:21.497Z,df849962b734bd3c09a549bfb55096988a3f5779221f82adfbe3ac95e5b54aeb,Org1MSP,Func4,"[10023"",""1002300"",""10017"",""1001700""]""",Org1MSP Org2MSP ,VALID,, 10017 10023,,WT,105,10376,0
2022-04-07T17:24:21.499Z,32c800ace498fce7850460c71d5fede5245f1af9ba137e9325be93791954b05e,Org1MSP,Func4,"[10117"",""1011700"",""10000"",""1000000""]""",Org1MSP Org2MSP ,VALID,, 10000 10117,,WT,105,10315,0
2022-04-07T17:24:21.589Z,9e3048d30e921f0b27032ccf645806bfb14881e71c69ebf42b5d7c61d5729fda,Org1MSP,Func7,"[1005"",""100"",""7"",""100""]""",Org1MSP Org2MSP ,VALID, 1005 7, 1005 7,,UT,105,10390,0
2022-04-07T17:24:21.591Z,8d890dc40774e58718f3de18744c7e72f14e62cecc80073689310861c74e2d69,Org1MSP,Func4,"[10000"",""1000000"",""10106"",""1010600""]""",Org1MSP Org2MSP ,VALID,, 10000 10106,,WT,105,10351,0
2022-04-07T17:24:21.592Z,817047c258c4a95f4115b50c1bac65e0cef204c1274fd3ed945dbd06a98da3cf,Org1MSP,Func1,"[14"",""7""]""",Org1MSP Org2MSP ,VALID, 14 7,,,RT,105,10346,0
2022-04-07T17:24:21.595Z,1024b4b5a60451c4e937ff322d100da39f970962e1ee424fc16dc9b428d46ff9,Org1MSP,Func4,"[10230"",""1023000"",""13722"",""1372200""]""",Org1MSP Org2MSP ,VALID,, 10230 13722,,WT,105,10305,0
2022-04-07T17:24:21.595Z,b2353e1896a7fd6a486fb9edc0c35b6a0089d04d98b2cc7f5053954eb454db74,Org1MSP,Func1,"[3005"",""3""]""",Org1MSP Org2MSP ,VALID, 3 3005,,,RT,105,10360,0
2022-04-07T17:24:21.596Z,b910738fecb33d37fd0b2971f34b8a70b33703c60498540e44348e89e7fad0a0,Org1MSP,Func4,"[10096"",""1009600"",""10277"",""1027700""]""",Org1MSP Org2MSP ,VALID,, 10096 10277,,WT,105,10362,0
2022-04-07T17:24:21.597Z,4104aadfe19d6fccd340bafebde06feed93ae055249d3ce85c10e0ae513ad244,Org1MSP,Func7,"[969"",""100"",""864"",""100""]""",Org1MSP Org2MSP ,VALID, 864 969, 864 969,,UT,105,10319,0
2022-04-07T17:24:21.598Z,1a37f56b1de4dc2369d0782dea789e358a3121ae579edafd736a0cd31cee38fa,Org1MSP,Func4,"[10058"",""1005800"",""10012"",""1001200""]""",Org1MSP Org2MSP ,VALID,, 10012 10058,,WT,105,10309,0
2022-04-07T17:24:21.599Z,257486bf550ec09ba87dc819157bd1b2bddf5096285faf8b474bd0b8a8f7f361,Org1MSP,Func4,"[10000"",""1000000"",""10333"",""1033300""]""",Org1MSP Org2MSP ,VALID,, 10000 10333,,WT,105,10311,0
2022-04-07T17:24:21.689Z,75eed96be668776cdd02a3a84817a1b71b6ec2f5598491c14162361a5ff1c4c2,Org1MSP,Func4,"[10105"",""1010500"",""10186"",""1018600""]""",Org1MSP Org2MSP ,VALID,, 10105 10186,,WT,105,10340,0
2022-04-07T17:24:21.689Z,8895491355d431b0994136c264fc30e310daccbdb4a86eb5f31b09a86c329368,Org1MSP,Func4,"[10012"",""1001200"",""10149"",""1014900""]""",Org1MSP Org2MSP ,VALID,, 10012 10149,,WT,105,10347,0
2022-04-07T17:24:21.690Z,caf35b0f14d78578e71342a841b3901ac1e93fa6f48f8408678a2411747222a2,Org1MSP,Func4,"[10000"",""1000000"",""14083"",""1408300""]""",Org1MSP Org2MSP ,VALID,, 10000 14083,,WT,105,10369,0
2022-04-07T17:24:21.691Z,02e6e9ffe19f387ce7666829f65c591126ec1ffa4073452ed7ab4eb527f1e3c4,Org1MSP,Func4,"[10001"",""1000100"",""13645"",""1364500""]""",Org1MSP Org2MSP ,VALID,, 10001 13645,,WT,105,10298,0
2022-04-07T17:24:21.693Z,d609df792efa5ebd54cbe9a7185ca8c2fe05fb760980ec5597dc89c86a9873d6,Org1MSP,Func1,"[22"",""1864""]""",Org1MSP Org2MSP ,VALID, 1864 22,,,RT,105,10375,0
2022-04-07T17:24:21.695Z,cace627bc5f33d39281a63b82a8d343a46982886ce785acbd711ff1ebee45e19,Org1MSP,Func7,"[1"",""100"",""327"",""100""]""",Org1MSP Org2MSP ,VALID, 1 327, 1 327,,UT,105,10391,0
2022-04-07T17:24:21.697Z,4a7aae3f959a9b795dda7787eebe10938cbebaa226a682546b2db6766e6e2ca7,Org1MSP,Func4,"[15912"",""1591200"",""10113"",""1011300""]""",Org1MSP Org2MSP ,VALID,, 10113 15912,,WT,105,10325,0
2022-04-07T17:24:21.697Z,5b9ebe9272e45553e71003d14b5b1ff47a1721b8cc39d3a6547908c09fb5215b,Org1MSP,Func4,"[12033"",""1203300"",""10017"",""1001700""]""",Org1MSP Org2MSP ,VALID,, 10017 12033,,WT,105,10332,0
2022-04-07T17:24:21.699Z,53293ef0ba17c4cf68b16cab113223002788b5be281100546359ecb7dc7f4cbb,Org1MSP,Func1,"[71"",""1361""]""",Org1MSP Org2MSP ,VALID, 1361 71,,,RT,105,10328,0
2022-04-07T17:24:21.789Z,053a458f5add322974b280fc952695315e3a42fefa82707545e4be417f9a893c,Org1MSP,Func7,"[97"",""100"",""2833"",""100""]""",Org1MSP Org2MSP ,VALID, 2833 97, 2833 97,,UT,105,10300,0
2022-04-07T17:24:21.789Z,cd84aae0035fd14ed1098756d3145d6de67de7089a795ff109a67eaa549198c7,Org1MSP,Func4,"[10020"",""1002000"",""10208"",""1020800""]""",Org1MSP Org2MSP ,VALID,, 10020 10208,,WT,105,10370,0
2022-04-07T17:24:21.789Z,3ea306ed8086302313e8be9cb5e894e7e1065889364eec5620b3d327360ec089,Org1MSP,Func1,"[836"",""1""]""",Org1MSP Org2MSP ,VALID, 1 836,,,RT,105,10383,0
2022-04-07T17:24:21.793Z,65b04806fc285d44e2a5033d2cd3a87eebde57b19fc095d7b541b6ed7e83b7d4,Org1MSP,Func1,"[6"",""122""]""",Org1MSP Org2MSP ,VALID, 122 6,,,RT,105,10387,0
2022-04-07T17:24:21.795Z,8b434ef330b8c4073f8aa8cc2d00446c7051964a97cdbd089422b71b705d5e22,Org1MSP,Func4,"[12527"",""1252700"",""10091"",""1009100""]""",Org1MSP Org2MSP ,VALID,, 10091 12527,,WT,105,10349,0
2022-04-07T17:24:21.796Z,55e1864558924c885fcdb76402fda0e2e306934fd326f4233c2982df66c4a6fc,Org1MSP,Func4,"[11453"",""1145300"",""10000"",""1000000""]""",Org1MSP Org2MSP ,VALID,, 10000 11453,,WT,105,10331,0
2022-04-07T17:24:21.796Z,7ac7573554a592766e6bdf5f252c61772b7accfa44a2fa46a3257d3595dd1b6c,Org1MSP,Func4,"[10207"",""1020700"",""10005"",""1000500""]""",Org1MSP Org2MSP ,VALID,, 10005 10207,,WT,105,10342,0
2022-04-07T17:24:21.797Z,cefa9da1e777de92a750c69142caa0e22103ad28ee0cee70d53c3181030d4677,Org1MSP,Func4,"[10001"",""1000100"",""10130"",""1013000""]""",Org1MSP Org2MSP ,VALID,, 10001 10130,,WT,105,10371,0
2022-04-07T17:24:21.799Z,6bcc6107342011755fe560ce972f93823ccf6d2facdf8b8a1ed599e0e7498307,Org1MSP,Func4,"[10000"",""1000000"",""10206"",""1020600""]""",Org1MSP Org2MSP ,VALID,, 10000 10206,,WT,105,10338,0
2022-04-07T17:24:21.889Z,47f776b8b699ca15db43a02765e1662d7a271003a0d682d074184917b9366828,Org1MSP,Func1,"[1358"",""114""]""",Org1MSP Org2MSP ,VALID, 114 1358,,,RT,105,10323,0
2022-04-07T17:24:21.889Z,052cf7548566c53f2fa46ba6594d84fe2e2de778bf595fd6453d42be0c09ff29,Org1MSP,Func7,"[3"",""100"",""2241"",""100""]""",Org1MSP Org2MSP ,VALID, 2241 3, 2241 3,,UT,105,10392,0
2022-04-07T17:24:21.891Z,49ae08f4e1e87e3dc1f78ee62937d592c1d1be52dd1dd2a4b128417d57341fe8,Org1MSP,Func7,"[171"",""100"",""1813"",""100""]""",Org1MSP Org2MSP ,VALID, 171 1813, 171 1813,,UT,105,10324,0
2022-04-07T17:24:21.892Z,f63b9c390f9fd745f9ae7fecd89dd5ed6511058fcf1e4cbc15fc569c2f0fded0,Org1MSP,Func1,"[52"",""6""]""",Org1MSP Org2MSP ,VALID, 52 6,,,RT,105,10386,0
2022-04-07T17:24:21.893Z,c1b2de5a12eef769f7ab774a5c996a489ce76821451d6984f059992b9c506f94,Org1MSP,Func1,"[1128"",""1""]""",Org1MSP Org2MSP ,VALID, 1 1128,,,RT,105,10384,0
2022-04-07T17:24:21.895Z,8bb9ae39c9adaf111e9e183024a00e7f6ed0b5ee68b386dcacfd2a603927088a,Org1MSP,Func4,"[10008"",""1000800"",""18897"",""1889700""]""",Org1MSP Org2MSP ,VALID,, 10008 18897,,WT,105,10350,0
2022-04-07T17:24:21.896Z,990d636d07cefa1885aa9bd66aff4c1bc75ce93a1703f2c553cab6b564a9036c,Org1MSP,Func1,"[39"",""13""]""",Org1MSP Org2MSP ,VALID, 13 39,,,RT,105,10355,0
2022-04-07T17:24:21.897Z,f77c3cdf69ffdded6cf331bf9d0a84dbc0ade051137ad9fddec675dfcd0ae2f4,Org1MSP,Func4,"[12296"",""1229600"",""10044"",""1004400""]""",Org1MSP Org2MSP ,VALID,, 10044 12296,,WT,105,10378,0
2022-04-07T17:24:21.899Z,05b2fcab89439dbeac005cb368da0031b5d5cbbf4b9bdcf0b242931d1f02dcf8,Org1MSP,Func4,"[10080"",""1008000"",""10036"",""1003600""]""",Org1MSP Org2MSP ,VALID,, 10036 10080,,WT,105,10302,0
2022-04-07T17:24:21.989Z,fdf123ea7aa56759a581c13ac8d0f5c90c1ee360dd88be4d197b38051244fcb4,Org1MSP,Func1,"[2023"",""5""]""",Org1MSP Org2MSP ,VALID, 2023 5,,,RT,105,10381,0
2022-04-07T17:24:21.989Z,b693ff73fc429eaf67bb60822651f7e3551c25c9584df6cb3e8c18ed14840525,Org1MSP,Func1,"[3"",""1485""]""",Org1MSP Org2MSP ,VALID, 1485 3,,,RT,105,10388,0
2022-04-07T17:24:21.990Z,a65081bb9da6ae2e86871c893359c3ce821d703909605d0e8b3da3a5c3fe810b,Org1MSP,Func4,"[10015"",""1001500"",""10008"",""1000800""]""",Org1MSP Org2MSP ,VALID,, 10008 10015,,WT,105,10357,0
2022-04-07T17:24:21.993Z,53ec8ee09bd12be17cdf4edb5d515e57ef2a8efad414a83f31df9a43fd92f260,Org1MSP,Func4,"[12203"",""1220300"",""10009"",""1000900""]""",Org1MSP Org2MSP ,VALID,, 10009 12203,,WT,105,10329,0
2022-04-07T17:24:21.995Z,d55b9ad029c9f3691ce11f8c7cbcc8af0e3450aa7a64edfe337b4f15ad33c21b,Org1MSP,Func4,"[10031"",""1003100"",""10282"",""1028200""]""",Org1MSP Org2MSP ,VALID,, 10031 10282,,WT,105,10374,0
2022-04-07T17:24:21.997Z,9191a608b550b5d90fba91b21583f6716ebce6b6190bae1c35b2ab85feb9ba54,Org1MSP,Func7,"[3225"",""100"",""328"",""100""]""",Org1MSP Org2MSP ,VALID, 3225 328, 3225 328,,UT,105,10352,0
2022-04-07T17:24:21.997Z,f99dcc62f1e0db53e7131d803848b0a0cfcbc1e9e876e644a5a87687d8bf543b,Org1MSP,Func4,"[10054"",""1005400"",""14268"",""1426800""]""",Org1MSP Org2MSP ,VALID,, 10054 14268,,WT,105,10380,0
2022-04-07T17:24:21.999Z,baee465071c887d7c8adccf41afc12d6561ce4852bac56f46ebcbaeaee11a459,Org1MSP,Func4,"[10690"",""1069000"",""10008"",""1000800""]""",Org1MSP Org2MSP ,VALID,, 10008 10690,,WT,105,10364,0
2022-04-07T17:24:22.001Z,02f23fb76abef9c202768c78f71d47b76064bb40c5c0cba00a5f3c956feeda58,Org1MSP,Func1,"[3"",""11""]""",Org1MSP Org2MSP ,VALID, 11 3,,,RT,105,10389,0
2022-04-07T17:24:22.006Z,3ccd8458aa450a59e37a040008596c06017b786369a2714a709888a47383869e,Org1MSP,Func4,"[10138"",""1013800"",""12543"",""1254300""]""",Org1MSP Org2MSP ,VALID,, 10138 12543,,WT,105,10318,0
2022-04-07T17:24:22.089Z,012d5f0b023d19d241631c2f53a77b3f2d193532ec111105193f2b9c98ec8cb1,Org1MSP,Func4,"[10001"",""1000100"",""10000"",""1000000""]""",Org1MSP Org2MSP ,VALID,, 10000 10001,,WT,105,10297,0
2022-04-07T17:24:22.089Z,14d0147be2d02fafc7dac954c2ed8d2acf6041a656dcbb9cfdfa169527b1224e,Org1MSP,Func4,"[10000"",""1000000"",""10000"",""1000000""]""",Org1MSP Org2MSP ,VALID,, 10000,,WT,105,10307,0
2022-04-07T17:24:22.090Z,c119f69b17db16bf872f32b1945bcca6d642ac186f2229cc39d6d903a278033d,Org1MSP,Func4,"[10001"",""1000100"",""10000"",""1000000""]""",Org1MSP Org2MSP ,VALID,, 10000 10001,,WT,105,10366,0
2022-04-07T17:24:22.092Z,ac0a71858f0e7d8daf8007c3c4d278574963752f6cc04941f13498d0ed4cc84d,Org1MSP,Func4,"[10150"",""1015000"",""10033"",""1003300""]""",Org1MSP Org2MSP ,VALID,, 10033 10150,,WT,105,10359,0
2022-04-07T17:24:22.092Z,e1ba8a8a85861e69e366434abb90def89fdd10894a1ab8f96f9d9df590663e40,Org1MSP,Func1,"[7"",""1415""]""",Org1MSP Org2MSP ,VALID, 1415 7,,,RT,105,10377,0
2022-04-07T17:24:22.093Z,670038860990b314b6ee5230b93fddbac0e297de6a8e8450d0add9b0ed637992,Org1MSP,Func4,"[10001"",""1000100"",""10085"",""1008500""]""",Org1MSP Org2MSP ,VALID,, 10001 10085,,WT,105,10336,0
2022-04-07T17:24:22.097Z,7789bfa2b26fe05c621512a79e59e5d346222c0248336e4c0764f402b4996eb6,Org1MSP,Func4,"[14026"",""1402600"",""17623"",""1762300""]""",Org1MSP Org2MSP ,VALID,, 14026 17623,,WT,105,10341,0
2022-04-07T17:24:22.097Z,d1e04b51d4f405d3e9c6303240f32d3dfc013012df7910fcdab9d31aa39268a0,Org1MSP,Func4,"[10006"",""1000600"",""10000"",""1000000""]""",Org1MSP Org2MSP ,VALID,, 10000 10006,,WT,105,10373,0
2022-04-07T17:24:22.099Z,51f15415ae12c0e1d810ae8c5cb5aab8df252aad9efa4268d9b1ee2e83af2e63,Org1MSP,Func4,"[10002"",""1000200"",""12461"",""1246100""]""",Org1MSP Org2MSP ,VALID,, 10002 12461,,WT,105,10327,0
2022-04-07T17:24:22.100Z,c881fb3f0072708c661d7e07aac29ada8d5eb733c3d91091efdaf071001fded6,Org1MSP,Func1,"[1"",""4""]""",Org1MSP Org2MSP ,VALID, 1 4,,,RT,105,10385,0
2022-04-07T17:24:22.189Z,2b546ee28fc0d42800c16e29163497d173142c1e70b4e2a1e25399c66f5df563,Org1MSP,Func4,"[10977"",""1097700"",""10000"",""1000000""]""",Org1MSP Org2MSP ,VALID,, 10000 10977,,WT,105,10312,0
2022-04-07T17:24:22.189Z,f1538bb4b5124685c455760b7e7179059d36b68a183b94b1f7e82849d6c644e6,Org1MSP,Func4,"[10037"",""1003700"",""10179"",""1017900""]""",Org1MSP Org2MSP ,VALID,, 10037 10179,,WT,106,10473,0
2022-04-07T17:24:22.190Z,43d0656ff836c63f1ad671b09c0c584673aa62d1834877bfda86e0e5d468d507,Org1MSP,Func4,"[10028"",""1002800"",""10120"",""1012000""]""",Org1MSP Org2MSP ,VALID,, 10028 10120,,WT,105,10322,0
2022-04-07T17:24:22.190Z,c45657697111d401f4d2fa7214922e698d4c58cb95d50c827265b679b9c0dd48,Org1MSP,Func4,"[10001"",""1000100"",""10002"",""1000200""]""",Org1MSP Org2MSP ,VALID,, 10001 10002,,WT,105,10367,0
2022-04-07T17:24:22.192Z,b953acd41f26f7cf1c34051143e6965bbfc9a082aa4fe3e2e71340d1590a798f,Org1MSP,Func4,"[10303"",""1030300"",""11672"",""1167200""]""",Org1MSP Org2MSP ,VALID,, 10303 11672,,WT,105,10363,0
2022-04-07T17:24:22.193Z,a73b72b3fcf2e7ebddaa1ef5aea1929bf53cb635c05838e7b53605ed6d86edaa,Org1MSP,Func1,"[2593"",""2666""]""",Org1MSP Org2MSP ,VALID, 2593 2666,,,RT,105,10358,0
2022-04-07T17:24:22.194Z,a9cd990c00fac077c61cd9d6196552dddc284cb8ba5f992899e2ff56c5657b1e,Org1MSP,Func4,"[10670"",""1067000"",""10000"",""1000000""]""",Org1MSP Org2MSP ,VALID,, 10000 10670,,WT,106,10449,0
2022-04-07T17:24:22.197Z,03fcd8f6c308c5fd95ec08463d991b1f0c2c5b29297a47df1f7135890a081c52,Org1MSP,Func4,"[10950"",""1095000"",""13357"",""1335700""]""",Org1MSP Org2MSP ,VALID,, 10950 13357,,WT,105,10299,0
2022-04-07T17:24:22.197Z,3558954ed3a301878735b45db4a077421381a70ce26ce9614f2fdd9e8eb4a62d,Org1MSP,Func4,"[10000"",""1000000"",""10190"",""1019000""]""",Org1MSP Org2MSP ,VALID,, 10000 10190,,WT,106,10407,0
2022-04-07T17:24:22.198Z,f7b86069e1f51d8541ec3734e392d0ee7d658bc2080aa576fa6309fe6c3ba33c,Org1MSP,Func4,"[10003"",""1000300"",""10072"",""1007200""]""",Org1MSP Org2MSP ,VALID,, 10003 10072,,WT,106,10477,0
2022-04-07T17:24:22.289Z,cdb2aa58b5120ba7a6c58b06c6406376e2b88fb4ffdaeabfea15a515d0b70c0b,Org1MSP,Func4,"[10000"",""1000000"",""10629"",""1062900""]""",Org1MSP Org2MSP ,VALID,, 10000 10629,,WT,106,10462,0
2022-04-07T17:24:22.290Z,6c8e83feca795daaef108fe065b8a826f5b3e36e75145d100cefa182f0e80590,Org1MSP,Func7,"[4"",""100"",""4348"",""100""]""",Org1MSP Org2MSP ,VALID, 4 4348, 4 4348,,UT,106,10483,0
2022-04-07T17:24:22.291Z,9d03584cc93f769a0a16022678a65c212ef62902bd73711578735956a7dc27c1,Org1MSP,Func4,"[10191"",""1019100"",""10003"",""1000300""]""",Org1MSP Org2MSP ,VALID,, 10003 10191,,WT,106,10445,0
2022-04-07T17:24:22.292Z,c656bb6c2d7277a40975ad928b86ba44c9589fdd056a142f7a1654b15191c227,Org1MSP,Func1,"[8088"",""3""]""",Org1MSP Org2MSP ,VALID, 3 8088,,,RT,106,10458,0
2022-04-07T17:24:22.295Z,71f86efd349395e6a32885f17ae164ad147799dc2dd4236fca2d26acc5c8be71,Org1MSP,Func1,"[5"",""15""]""",Org1MSP Org2MSP ,VALID, 15 5,,,RT,106,10427,0
2022-04-07T17:24:22.296Z,eccd7781db771ae6a7f96359d8ebfa959d4dfb2bf5d93d7d67a4cc7fb22a5c29,Org1MSP,Func1,"[17"",""2""]""",Org1MSP Org2MSP ,VALID, 17 2,,,RT,106,10472,0
2022-04-07T17:24:22.297Z,bd83a8c666d207d1f12bfeac1c5096791decff3919d74728ba759fae27d10733,Org1MSP,Func7,"[23"",""100"",""8"",""100""]""",Org1MSP Org2MSP ,VALID, 23 8, 23 8,,UT,106,10453,0
2022-04-07T17:24:22.297Z,d8c9ec378b2de7e265bb8dddf3298124c3aa06a1e614c47700657faff7867f84,Org1MSP,Func4,"[10138"",""1013800"",""10002"",""1000200""]""",Org1MSP Org2MSP ,VALID,, 10002 10138,,WT,106,10465,0
2022-04-07T17:24:22.298Z,18e778648d1599effebc872f74dea1b226d069bec6f1206b7b57f4f7118f5656,Org1MSP,Func1,"[1"",""9""]""",Org1MSP Org2MSP ,VALID, 1 9,,,RT,106,10397,0
2022-04-07T17:24:22.298Z,bdc6e785ede0712d78cce859eb4a37ec990c0c956cd3d28bf1b52691fe77ca0f,Org1MSP,Func4,"[10260"",""1026000"",""10042"",""1004200""]""",Org1MSP Org2MSP ,VALID,, 10042 10260,,WT,106,10454,0
2022-04-07T17:24:22.389Z,80fe23177cdae7388fcd79da051fd19108a5794daa54fa41ec8fbad4f9699fd6,Org1MSP,Func4,"[10003"",""1000300"",""16776"",""1677600""]""",Org1MSP Org2MSP ,VALID,, 10003 16776,,WT,106,10433,0
2022-04-07T17:24:22.389Z,d80f7202b742f59fd81b16b4439ad0685071b087529717423c7f28184db98244,Org1MSP,Func1,"[3"",""320""]""",Org1MSP Org2MSP ,VALID, 3 320,,,RT,106,10464,0
2022-04-07T17:24:22.390Z,3ee162aed2234b38af76370a237b8ec7ecc34a0640afa8c47bddf68bd0f49203,Org1MSP,Func4,"[10463"",""1046300"",""14187"",""1418700""]""",Org1MSP Org2MSP ,VALID,, 10463 14187,,WT,106,10412,0
2022-04-07T17:24:22.390Z,8f2d348032588800e6e79418a3286df529d307677f6182353fea4b3619c6b73c,Org1MSP,Func4,"[10004"",""1000400"",""12375"",""1237500""]""",Org1MSP Org2MSP ,VALID,, 10004 12375,,WT,106,10438,0
2022-04-07T17:24:22.394Z,336e1698fcd994dd15daf74f2f6ed772c73729cc12362b75a4944f351bf87c5a,Org1MSP,Func4,"[10007"",""1000700"",""10169"",""1016900""]""",Org1MSP Org2MSP ,VALID,, 10007 10169,,WT,106,10405,0
2022-04-07T17:24:22.394Z,47e8c6c9c448c74437a5785d00bd77c91efd21bd920483005389941aafb1a550,Org1MSP,Func4,"[10001"",""1000100"",""12971"",""1297100""]""",Org1MSP Org2MSP ,VALID,, 10001 12971,,WT,106,10415,0
2022-04-07T17:24:22.396Z,f4a328ee88672b549afcf5f4c7e9b0622b398bef3759ff9fd8674a84fbac452c,Org1MSP,Func4,"[19745"",""1974500"",""10089"",""1008900""]""",Org1MSP Org2MSP ,VALID,, 10089 19745,,WT,106,10476,0
2022-04-07T17:24:22.397Z,9bd33b2f14fe8bd4f856aa5df379ddcc8851c46462647e3baa00747cf5e979d4,Org1MSP,Func4,"[12779"",""1277900"",""10002"",""1000200""]""",Org1MSP Org2MSP ,VALID,, 10002 12779,,WT,106,10441,0
2022-04-07T17:24:22.400Z,f2c7f05dfb04335c73f920de0d3273f5adfa40165af4d3320ec3c0676c612e80,Org1MSP,Func7,"[1502"",""100"",""31"",""100""]""",Org1MSP Org2MSP ,VALID, 1502 31, 1502 31,,UT,106,10475,0
2022-04-07T17:24:22.489Z,35402aab77211ac8b3d2a2df57f363048e9abb0970b31a19b6d20c64c8dd394f,Org1MSP,Func4,"[10013"",""1001300"",""10006"",""1000600""]""",Org1MSP Org2MSP ,VALID,, 10006 10013,,WT,106,10406,0
2022-04-07T17:24:22.489Z,4e6ca25b211e51c998d6b0a4ad7bc2eea819ae9fbdb0506c2654d0806d860c75,Org1MSP,Func1,"[9025"",""175""]""",Org1MSP Org2MSP ,VALID, 175 9025,,,RT,106,10417,0
2022-04-07T17:24:22.492Z,39cf60dfaf96b571e5515965f3872bef16f71add32b53810298f11857361d67f,Org1MSP,Func1,"[3"",""22""]""",Org1MSP Org2MSP ,VALID, 22 3,,,RT,106,10408,0
2022-04-07T17:24:22.492Z,cbbe8ec447bbb7a71536672e6fa85528d38ab8e4797153dd057a7f19d15d8840,Org1MSP,Func4,"[11534"",""1153400"",""10898"",""1089800""]""",Org1MSP Org2MSP ,VALID,, 10898 11534,,WT,106,10461,0
2022-04-07T17:24:22.493Z,85bfae3ff1e9bbb4f5432bd837112a988d011f1e8f73945a8542d7a4b6880055,Org1MSP,Func1,"[14"",""32""]""",Org1MSP Org2MSP ,VALID, 14 32,,,RT,106,10434,0
2022-04-07T17:24:22.494Z,f99e0143ab526c611335c464cebb9990bcc85adc8474fb776676b6a6c01cd21c,Org1MSP,Func4,"[10011"",""1001100"",""10001"",""1000100""]""",Org1MSP Org2MSP ,VALID,, 10001 10011,,WT,106,10479,0
2022-04-07T17:24:22.497Z,22c3857d0e07cdabfbb319c39908779a2756b5451aa4fdb2d37fbc8a6476f798,Org1MSP,Func4,"[15206"",""1520600"",""10001"",""1000100""]""",Org1MSP Org2MSP ,VALID,, 10001 15206,,WT,106,10402,0
2022-04-07T17:24:22.497Z,afa1d10cd87400acfef3e77e051c84016f7bc707835c3bdc8437a245958a6ecd,Org1MSP,Func4,"[10000"",""1000000"",""15042"",""1504200""]""",Org1MSP Org2MSP ,VALID,, 10000 15042,,WT,106,10450,0
2022-04-07T17:24:22.500Z,8c5d5ff328383526e420b2502bb3a2dd8d367e33cf22f20ed5febf8add7c504c,Org1MSP,Func1,"[65"",""29""]""",Org1MSP Org2MSP ,VALID, 29 65,,,RT,106,10437,0
2022-04-07T17:24:22.589Z,4d5c1738f8da0884e44884199937dd88c03a73fd52a83a5fb35008ce3593fc37,Org1MSP,Func1,"[26"",""1""]""",Org1MSP Org2MSP ,VALID, 1 26,,,RT,106,10416,0
2022-04-07T17:24:22.589Z,7870d636376d5929a263060d2c5ac8eaa05411d1410bd9e94b9ee58ffdf8ea2a,Org1MSP,Func1,"[2763"",""33""]""",Org1MSP Org2MSP ,VALID, 2763 33,,,RT,106,10429,0
2022-04-07T17:24:22.590Z,3cbe8d0b414b7f61c0073ddb66ae220e123f4f00940e6b57511589d248456fd4,Org1MSP,Func7,"[528"",""100"",""1380"",""100""]""",Org1MSP Org2MSP ,VALID, 1380 528, 1380 528,,UT,106,10411,0
2022-04-07T17:24:22.590Z,a981579afc174da9335e49d04445858c499fdabfdcb5303687ac7e2492e111c4,Org1MSP,Func4,"[10001"",""1000100"",""10796"",""1079600""]""",Org1MSP Org2MSP ,VALID,, 10001 10796,,WT,106,10448,0
2022-04-07T17:24:22.593Z,9be9321fc048984f7402858d0b4380b2ef921d2ce6a92797241795bc60becce0,Org1MSP,Func4,"[10008"",""1000800"",""10008"",""1000800""]""",Org1MSP Org2MSP ,VALID,, 10008,,WT,106,10442,0
2022-04-07T17:24:22.593Z,a4c5e69b3f0c50e1718148cbc8161ac815d0635e76aee434b5be1e9f0f26c4a8,Org1MSP,Func7,"[1867"",""100"",""11"",""100""]""",Org1MSP Org2MSP ,VALID, 11 1867, 11 1867,,UT,106,10446,0
2022-04-07T17:24:22.594Z,faa2eb3aa5772613846d8322bc835edf9c7a25136a4c239c93caa29e5137c897,Org1MSP,Func4,"[10338"",""1033800"",""14318"",""1431800""]""",Org1MSP Org2MSP ,VALID,, 10338 14318,,WT,106,10480,0
2022-04-07T17:24:22.596Z,92d376eaf214d6a2ddf513e8db2c9056456831aaca8ce84b721a88d2401ab90b,Org1MSP,Func4,"[10004"",""1000400"",""10097"",""1009700""]""",Org1MSP Org2MSP ,VALID,, 10004 10097,,WT,106,10439,0
2022-04-07T17:24:22.598Z,6015d466f05cc3cce1aa36be3b56b08743c152e2ecc6e8c940f21350195ae74f,Org1MSP,Func7,"[543"",""100"",""28"",""100""]""",Org1MSP Org2MSP ,VALID, 28 543, 28 543,,UT,106,10422,0
2022-04-07T17:24:22.690Z,6823b3b72e84586db2dfcf4214fd74e2fdc1871876f6c83da031e78dc599fad1,Org1MSP,Func4,"[10765"",""1076500"",""10015"",""1001500""]""",Org1MSP Org2MSP ,VALID,, 10015 10765,,WT,106,10426,0
2022-04-07T17:24:22.690Z,761b34e09319d2675a55e44378d225b24a3ead471b21478fec76813c5c068026,Org1MSP,Func4,"[10029"",""1002900"",""10017"",""1001700""]""",Org1MSP Org2MSP ,VALID,, 10017 10029,,WT,106,10428,0
2022-04-07T17:24:22.690Z,c564b129794ea90d8654b8f7415f311f02da1e22c2e1551efb7988f880b3e65a,Org1MSP,Func4,"[10005"",""1000500"",""10085"",""1008500""]""",Org1MSP Org2MSP ,VALID,, 10005 10085,,WT,106,10457,0
2022-04-07T17:24:22.690Z,d3fd86b4afc3e1ffeb4a2ad50e0278033e856b9fb7d35649dce372271ced8858,Org1MSP,Func1,"[32"",""1""]""",Org1MSP Org2MSP ,VALID, 1 32,,,RT,106,10463,0
2022-04-07T17:24:22.692Z,e0657bd118eb61e42adbb0fc4f44455dc86ba84b5de01d1787415f14dbc20141,Org1MSP,Func4,"[10000"",""1000000"",""10031"",""1003100""]""",Org1MSP Org2MSP ,VALID,, 10000 10031,,WT,106,10468,0
2022-04-07T17:24:22.694Z,50252d97d682fc70fc162769e6f4032b7738c736b244ed0dbc6143d13d56810b,Org1MSP,Func1,"[9"",""1""]""",Org1MSP Org2MSP ,VALID, 1 9,,,RT,106,10418,0
2022-04-07T17:24:22.697Z,17afbc8107528c7850a4fbf01213bba7cab5853dfe0351c5a47ceab89383d1bb,Org1MSP,Func1,"[5644"",""42""]""",Org1MSP Org2MSP ,VALID, 42 5644,,,RT,106,10396,0
2022-04-07T17:24:22.699Z,c3b60895e18faf1adb6255e67e9682fda30b2c5b32700e06779efac49d8b4862,Org1MSP,Func1,"[65"",""9403""]""",Org1MSP Org2MSP ,VALID, 65 9403,,,RT,106,10456,0
2022-04-07T17:24:22.700Z,569a09c0bdfe7e38e1fa6330350053b13efaecc8f1e452fdf2b835e9c2bc7f9c,Org1MSP,Func7,"[83"",""100"",""105"",""100""]""",Org1MSP Org2MSP ,VALID, 105 83, 105 83,,UT,106,10420,0
2022-04-07T17:24:22.701Z,e9e309b1aad08d6d14662eea5cf151bedcb866da063a42ce23d9256a3cf42a24,Org1MSP,Func4,"[10009"",""1000900"",""10035"",""1003500""]""",Org1MSP Org2MSP ,VALID,, 10009 10035,,WT,106,10470,0
2022-04-07T17:24:22.788Z,5aac21f0ae14c76902c47a5aa12463aede082a6af6301c1c93b7f06f32edc6f0,Org1MSP,Func4,"[10129"",""1012900"",""12384"",""1238400""]""",Org1MSP Org2MSP ,VALID,, 10129 12384,,WT,106,10421,0
2022-04-07T17:24:22.789Z,9c91452b28a352e87994bff69199e286f408944e3f4e8509f959d4702291da56,Org1MSP,Func4,"[10000"",""1000000"",""10001"",""1000100""]""",Org1MSP Org2MSP ,VALID,, 10000 10001,,WT,106,10444,0
2022-04-07T17:24:22.789Z,de334bd87afed2c96b0bcd7f885b77f266d1eab546fc47d2d507c39d0b5ee0b7,Org1MSP,Func7,"[2778"",""100"",""3275"",""100""]""",Org1MSP Org2MSP ,VALID, 2778 3275, 2778 3275,,UT,106,10467,0
2022-04-07T17:24:22.792Z,caf8db3adeee881c358e03338220dc75fcefc6b620ebe45374e2ad37508866b0,Org1MSP,Func4,"[10267"",""1026700"",""15568"",""1556800""]""",Org1MSP Org2MSP ,VALID,, 10267 15568,,WT,106,10460,0
2022-04-07T17:24:22.792Z,eb3263da6a198333603118fc0f62055d7389d2bc192eadf9694c675cf5170407,Org1MSP,Func7,"[473"",""100"",""1"",""100""]""",Org1MSP Org2MSP ,VALID, 1 473, 1 473,,UT,106,10487,0
2022-04-07T17:24:22.794Z,300a0358edb00de4cbf8ede8f871e645578ad73f2f50fc333d5c1ff2ef1138d1,Org1MSP,Func4,"[10006"",""1000600"",""10000"",""1000000""]""",Org1MSP Org2MSP ,VALID,, 10000 10006,,WT,106,10404,0
2022-04-07T17:24:22.795Z,654219860d41541712d2f5fd597308bbd4585cde952ba60c0b229a2871e7df1f,Org1MSP,Func4,"[10087"",""1008700"",""11759"",""1175900""]""",Org1MSP Org2MSP ,VALID,, 10087 11759,,WT,106,10424,0
2022-04-07T17:24:22.796Z,63e07aa435682b45dbea54c6218eb922a31395213f731f108dd60928c22a7317,Org1MSP,Func4,"[10141"",""1014100"",""11656"",""1165600""]""",Org1MSP Org2MSP ,VALID,, 10141 11656,,WT,106,10423,0
2022-04-07T17:24:22.798Z,88ea8bc03a9901690fc9b925139d247679812b8cd77b0fa49f6818b0d85f46b2,Org1MSP,Func4,"[12722"",""1272200"",""10000"",""1000000""]""",Org1MSP Org2MSP ,VALID,, 10000 12722,,WT,106,10435,0
2022-04-07T17:24:22.798Z,f89d19e077deda93aa18ba401de360f20a7c896ab452a2e7b17083cca18da7f2,Org1MSP,Func4,"[10080"",""1008000"",""10000"",""1000000""]""",Org1MSP Org2MSP ,VALID,, 10000 10080,,WT,106,10478,0
2022-04-07T17:24:22.889Z,436db6b9e474bcd459ad8d41caea372d9e700adb46d2734c79482e511bde7095,Org1MSP,Func4,"[10017"",""1001700"",""10005"",""1000500""]""",Org1MSP Org2MSP ,VALID,, 10005 10017,,WT,106,10414,0
2022-04-07T17:24:22.889Z,c26077c99f4a5552e3635b102ed2045e3f145399cba6c35411c1c39520b060bd,Org1MSP,Func1,"[6589"",""6""]""",Org1MSP Org2MSP ,VALID, 6 6589,,,RT,106,10455,0
2022-04-07T17:24:22.889Z,de15bd1f84673e2dd7697eaa5faeb05b28ec5f6543f5df83ca2f62dcc8d0ff33,Org1MSP,Func1,"[9787"",""110""]""",Org1MSP Org2MSP ,VALID, 110 9787,,,RT,106,10466,0
2022-04-07T17:24:22.889Z,eb9335a6dd684bcbe3b158139ae0e44b95c472a0ca142ab28be509fe7bdc307a,Org1MSP,Func4,"[10344"",""1034400"",""10016"",""1001600""]""",Org1MSP Org2MSP ,VALID,, 10016 10344,,WT,106,10471,0
2022-04-07T17:24:22.894Z,1cd82a03a44cc982c29cab810a137e14483b7e857d1c15a3b306035acb0ebf0a,Org1MSP,Func1,"[2312"",""190""]""",Org1MSP Org2MSP ,VALID, 190 2312,,,RT,106,10399,0
2022-04-07T17:24:22.895Z,65d05a718f63bd274a4192c37290be791702852790f1b068a0c765f1dcc2ec2a,Org1MSP,Func4,"[10005"",""1000500"",""10235"",""1023500""]""",Org1MSP Org2MSP ,VALID,, 10005 10235,,WT,106,10425,0
2022-04-07T17:24:22.895Z,7b8c7b82ba2b8d1fd93e94207b5390238b6179833db11936f0a4ba80443701f2,Org1MSP,Func4,"[10399"",""1039900"",""10022"",""1002200""]""",Org1MSP Org2MSP ,VALID,, 10022 10399,,WT,106,10432,0
2022-04-07T17:24:22.896Z,1bd4408c82e2d3f05a7bfd8a0bb08cff71a4411edf90b3fd8d93cfee82da6227,Org1MSP,Func4,"[10244"",""1024400"",""10003"",""1000300""]""",Org1MSP Org2MSP ,VALID,, 10003 10244,,WT,106,10398,0
2022-04-07T17:24:22.898Z,1e8e78c1b8d26d3592f6ce6795fd5b7feb8fa60314d0ba236b475a9a80abe937,Org1MSP,Func4,"[14349"",""1434900"",""10000"",""1000000""]""",Org1MSP Org2MSP ,VALID,, 10000 14349,,WT,106,10400,0
2022-04-07T17:24:22.898Z,c672ba2d0abb4c81178a92da24bc01f8f6ee123fabbd80ae9757d78c7f1eab3d,Org1MSP,Func4,"[10632"",""1063200"",""10383"",""1038300""]""",Org1MSP Org2MSP ,VALID,, 10383 10632,,WT,106,10459,0
2022-04-07T17:24:22.989Z,1433e543a51a0dc33993e1c90f12b81a76840059deb56a6c9754e0c13137d7df,Org1MSP,Func4,"[11684"",""1168400"",""10025"",""1002500""]""",Org1MSP Org2MSP ,VALID,, 10025 11684,,WT,106,10393,0
2022-04-07T17:24:22.990Z,8b05aae4461f5543cef56417eb3193bf8f376436e6f7c1cafa1c5e721dc6b675,Org1MSP,Func4,"[10000"",""1000000"",""10723"",""1072300""]""",Org1MSP Org2MSP ,VALID,, 10000 10723,,WT,106,10436,0
2022-04-07T17:24:22.990Z,a9574a7d69567aec36f586bdaf68c7bbe3c6bd7559f6912b2f2e52b44001fa27,Org1MSP,Func1,"[5"",""73""]""",Org1MSP Org2MSP ,VALID, 5 73,,,RT,106,10447,0
2022-04-07T17:24:22.990Z,e599b748e9c281746d1d1b137fc7f96da4fb37c5d5b3185df5ca79de7985af9a,Org1MSP,Func4,"[10005"",""1000500"",""11247"",""1124700""]""",Org1MSP Org2MSP ,VALID,, 10005 11247,,WT,106,10469,0
2022-04-07T17:24:22.992Z,22b99c4f42256835a5fd8e6c19c62e54e90e0335f7d08b270ce5b6bfdbfa2cb3,Org1MSP,Func7,"[1018"",""100"",""6684"",""100""]""",Org1MSP Org2MSP ,VALID, 1018 6684, 1018 6684,,UT,106,10401,0
2022-04-07T17:24:22.993Z,d5a3600ba7e8bf3ed817c57d165dd7cc4eae3f02b097ac133dbe5ab85b4ccccb,Org1MSP,Func7,"[29"",""100"",""113"",""100""]""",Org1MSP Org2MSP ,VALID, 113 29, 113 29,,UT,106,10482,0
2022-04-07T17:24:22.996Z,794e5aad4b37b968a4d91b9ff18c1b02bd79398b8d8f64010a72af8854141187,Org1MSP,Func4,"[10000"",""1000000"",""16236"",""1623600""]""",Org1MSP Org2MSP ,VALID,, 10000 16236,,WT,106,10431,0
2022-04-07T17:24:22.997Z,1455e7cf4f8a569f0db743c5236e2b0327c328d61281921428d80af7069108e1,Org1MSP,Func4,"[10000"",""1000000"",""13575"",""1357500""]""",Org1MSP Org2MSP ,VALID,, 10000 13575,,WT,106,10394,0
2022-04-07T17:24:22.999Z,1787d987fde21fda6602edd7b153dde05c26dac62fbad23a0d2107d0f83baf1e,Org1MSP,Func4,"[10013"",""1001300"",""11008"",""1100800""]""",Org1MSP Org2MSP ,VALID,, 10013 11008,,WT,106,10395,0
2022-04-07T17:24:22.999Z,51da3ca73a7a5307a0889e05fbce3d20d997d89cc12e3661ca49ea326f97cc1f,Org1MSP,Func4,"[10000"",""1000000"",""10420"",""1042000""]""",Org1MSP Org2MSP ,VALID,, 10000 10420,,WT,106,10419,0
2022-04-07T17:24:23.089Z,79153b0731425c0c31c07d2d5a4da64310c520ea8c753e420ec1aeb4ae94699a,Org1MSP,Func4,"[10644"",""1064400"",""10732"",""1073200""]""",Org1MSP Org2MSP ,VALID,, 10644 10732,,WT,106,10430,0
2022-04-07T17:24:23.089Z,b803d54109c0625fd6634fd7ca00788a55465887a5e7f009a835b84248db449c,Org1MSP,Func1,"[40"",""7169""]""",Org1MSP Org2MSP ,VALID, 40 7169,,,RT,106,10452,0
2022-04-07T17:24:23.090Z,971b45612385b1456763be38636fd97b0a293c40d436588044a9404fb9880048,Org1MSP,Func4,"[15119"",""1511900"",""15457"",""1545700""]""",Org1MSP Org2MSP ,VALID,, 15119 15457,,WT,106,10440,0
2022-04-07T17:24:23.090Z,f2ab7802559b1750aa6430a16f9f01e808abd5108a2d30988978f96361efd4be,Org1MSP,Func4,"[10000"",""1000000"",""14861"",""1486100""]""",Org1MSP Org2MSP ,VALID,, 10000 14861,,WT,106,10474,0
2022-04-07T17:24:23.092Z,a120e6b246612090160906aed863382e1d25d49558a1624c4e4ee07e632f0f42,Org1MSP,Func1,"[1"",""1""]""",Org1MSP Org2MSP ,VALID, 1,,,RT,106,10486,0
2022-04-07T17:24:23.098Z,f9beb2acb11651f94653780dfabdae63e8c2e134c28022c66374c2bc2252b436,Org1MSP,Func7,"[6"",""100"",""2993"",""100""]""",Org1MSP Org2MSP ,VALID, 2993 6, 2993 6,,UT,106,10485,0
2022-04-07T17:24:23.100Z,9c20089ab211d710986d95743cace54c54711d5f9358f93a1b5f13f32d5e9df6,Org1MSP,Func1,"[4"",""87""]""",Org1MSP Org2MSP ,VALID, 4 87,,,RT,106,10443,0
2022-04-07T17:24:23.189Z,e355c5783b3b2154f9f05b17a2f05157a5c97f462aea5d7edf01ab429a7d02fd,Org1MSP,Func7,"[3"",""100"",""1066"",""100""]""",Org1MSP Org2MSP ,VALID, 1066 3, 1066 3,,UT,107,10581,0
2022-04-07T17:24:23.190Z,40ccb3431b07546f1c836561e9c049151ce66dcef7c3bbc55109bd535967188a,Org1MSP,Func1,"[147"",""5""]""",Org1MSP Org2MSP ,VALID, 147 5,,,RT,106,10413,0
2022-04-07T17:24:23.191Z,2da61676c5b6273c10573a68d1f1e707b4586478e18043ce3327ac746320a184,Org1MSP,Func4,"[12319"",""1231900"",""10001"",""1000100""]""",Org1MSP Org2MSP ,VALID,, 10001 12319,,WT,106,10403,0
2022-04-07T17:24:23.192Z,39ebade031037f6fd9c186758d83666da391839a208d186909cf1483e5eec831,Org1MSP,Func4,"[14576"",""1457600"",""14399"",""1439900""]""",Org1MSP Org2MSP ,VALID,, 14399 14576,,WT,106,10409,0
2022-04-07T17:24:23.192Z,c919df4f7c2f66a89f2c09dc1617cee98d9d640bcae5ee1e78f3c30ffd211942,Org1MSP,Func7,"[530"",""100"",""5"",""100""]""",Org1MSP Org2MSP ,VALID, 5 530, 5 530,,UT,106,10484,0
2022-04-07T17:24:23.196Z,3bc62f73d2beaa789457bf26e9fa212380481a90a03ae2901e25e1f58e74f634,Org1MSP,Func4,"[10000"",""1000000"",""10001"",""1000100""]""",Org1MSP Org2MSP ,VALID,, 10000 10001,,WT,106,10410,0
2022-04-07T17:24:23.197Z,e1a76b162c98a02dc048b955f48cbd2bfa554f6ae7ba33e85c8859c4b43e84c4,Org1MSP,Func7,"[26"",""100"",""84"",""100""]""",Org1MSP Org2MSP ,VALID, 26 84, 26 84,,UT,106,10481,0
2022-04-07T17:24:23.199Z,b72d470d6942b94df9c8d4f32244069b83cd4bdf84d5d7fd435ce0458dd3c28b,Org1MSP,Func4,"[10273"",""1027300"",""10048"",""1004800""]""",Org1MSP Org2MSP ,VALID,, 10048 10273,,WT,106,10451,0
2022-04-07T17:24:23.200Z,06b8372823e759362267559b2dd4a618d0d719d77ffbbf08d11b92daedaa3ac4,Org1MSP,Func1,"[5"",""277""]""",Org1MSP Org2MSP ,VALID, 277 5,,,RT,107,10489,0
2022-04-07T17:24:23.289Z,19f60042cbcadfc433b7c1f00cb848cbce25f5dcfc9d09011cdf96b4ab92550b,Org1MSP,Func1,"[406"",""767""]""",Org1MSP Org2MSP ,VALID, 406 767,,,RT,107,10498,0
2022-04-07T17:24:23.289Z,b201a07b2cd4f0294391f219420f473bed705197af5a69d8d915140e665bd755,Org1MSP,Func4,"[16391"",""1639100"",""10051"",""1005100""]""",Org1MSP Org2MSP ,VALID,, 10051 16391,,WT,107,10549,0
2022-04-07T17:24:23.289Z,b3c19fb7a7211dbc7827d1bf747994778be3fde0dc0dd99ac8940deba2543c42,Org1MSP,Func4,"[10156"",""1015600"",""13222"",""1322200""]""",Org1MSP Org2MSP ,VALID,, 10156 13222,,WT,107,10552,0
2022-04-07T17:24:23.290Z,b67af7d07eb6b5912ca6ce2823f81cd54bd146953e3ca73ae1e5a67081c03a19,Org1MSP,Func4,"[19374"",""1937400"",""11871"",""1187100""]""",Org1MSP Org2MSP ,VALID,, 11871 19374,,WT,107,10553,0
2022-04-07T17:24:23.292Z,afc2bd13d8e0347cb6b028a7994cfb77aecca7a24611e8424ddf456a9834f4b2,Org1MSP,Func1,"[103"",""39""]""",Org1MSP Org2MSP ,VALID, 103 39,,,RT,107,10547,0
2022-04-07T17:24:23.295Z,64af33b210f1783fe758adfaec61a181e3cbab65f8d077d8810a5b33f30ce5ef,Org1MSP,Func4,"[10000"",""1000000"",""10021"",""1002100""]""",Org1MSP Org2MSP ,VALID,, 10000 10021,,WT,107,10522,0
2022-04-07T17:24:23.296Z,14e7bf68baf05e193cb876f691f8c2c3ff24ce9fe46842fa70e5cdf9df4c53e5,Org1MSP,Func1,"[11"",""3""]""",Org1MSP Org2MSP ,VALID, 11 3,,,RT,107,10496,0
2022-04-07T17:24:23.298Z,26ff6036de347242430912d340dee0247348c7676825f819c7a34b066a4d3127,Org1MSP,Func1,"[607"",""565""]""",Org1MSP Org2MSP ,VALID, 565 607,,,RT,107,10502,0
2022-04-07T17:24:23.299Z,0e9e215428d7ff36761d41bcc4d42516302f73aa789d3803d839779b386dc070,Org1MSP,Func4,"[11844"",""1184400"",""10000"",""1000000""]""",Org1MSP Org2MSP ,VALID,, 10000 11844,,WT,107,10492,0
2022-04-07T17:24:23.301Z,bb68dee7806b03b8f483858968c46d3143f9f9e8c3959effc68ddfdce22f2d5f,Org1MSP,Func1,"[12"",""218""]""",Org1MSP Org2MSP ,VALID, 12 218,,,RT,107,10554,0
2022-04-07T17:24:23.389Z,4556ce5bff1da2e9371165c0dcfa18b94f65989d685243a7ed04ab65956986d2,Org1MSP,Func7,"[471"",""100"",""1370"",""100""]""",Org1MSP Org2MSP ,VALID, 1370 471, 1370 471,,UT,107,10510,0
2022-04-07T17:24:23.389Z,a1bc72cba94f7a5ff1e8e111e9fd2fab204ad17cda853e1e39d180f1bb0a17ee,Org1MSP,Func4,"[10796"",""1079600"",""10103"",""1010300""]""",Org1MSP Org2MSP ,VALID,, 10103 10796,,WT,107,10544,0
2022-04-07T17:24:23.391Z,a66a2dc1538c6e5bb250b05ac0fed216bf46c1d6f8ba0b6c18d88b4e2b237973,Org1MSP,Func4,"[10003"",""1000300"",""10000"",""1000000""]""",Org1MSP Org2MSP ,VALID,, 10000 10003,,WT,107,10545,0
2022-04-07T17:24:23.391Z,b292e4d69fabfad1f18669bb9a039d6471e0dc9845e6e791c871e3bd4cf7263b,Org1MSP,Func4,"[10610"",""1061000"",""11924"",""1192400""]""",Org1MSP Org2MSP ,VALID,, 10610 11924,,WT,107,10551,0
2022-04-07T17:24:23.392Z,532b03efab8ad6bf2b9323199db5b1a0dc39cbb31c89d156d977e1af1389b106,Org1MSP,Func4,"[10015"",""1001500"",""13336"",""1333600""]""",Org1MSP Org2MSP ,VALID,, 10015 13336,,WT,107,10515,0
2022-04-07T17:24:23.392Z,55a1f21d0bbde5825db8780806632925dc4a31098b1c2bc1febd9a838d1a63ec,Org1MSP,Func7,"[272"",""100"",""124"",""100""]""",Org1MSP Org2MSP ,VALID, 124 272, 124 272,,UT,107,10516,0
2022-04-07T17:24:23.393Z,94f18072c5c4250061f28480fbfe0031a202a4c39147c41d04d81037785095e4,Org1MSP,Func4,"[17102"",""1710200"",""10255"",""1025500""]""",Org1MSP Org2MSP ,VALID,, 10255 17102,,WT,107,10541,0
2022-04-07T17:24:23.396Z,cca96e2ae9eca52729375f2f9bbc5b4e1ee1e902905592012823b5e147463912,Org1MSP,Func1,"[1161"",""9""]""",Org1MSP Org2MSP ,VALID, 1161 9,,,RT,107,10562,0
2022-04-07T17:24:23.397Z,79b7cf94b19c01e3d216697dd84751e49178cc633bce90f56f92c923a5ba1225,Org1MSP,Func4,"[10002"",""1000200"",""13348"",""1334800""]""",Org1MSP Org2MSP ,VALID,, 10002 13348,,WT,107,10529,0
2022-04-07T17:24:23.400Z,ac39c589fc852b3a87196a327f97298cd4eb6c6d566c1a9915194acb506e78ab,Org1MSP,Func4,"[10018"",""1001800"",""10002"",""1000200""]""",Org1MSP Org2MSP ,VALID,, 10002 10018,,WT,107,10546,0
2022-04-07T17:24:23.490Z,64b19c673fdc9987b9db33c6a325b2a334bf82a197dd2f38a5d65ae3148f0a65,Org1MSP,Func4,"[11186"",""1118600"",""10000"",""1000000""]""",Org1MSP Org2MSP ,VALID,, 10000 11186,,WT,107,10523,0
2022-04-07T17:24:23.491Z,da2d5c43ca339a36615ba477bc3fa4ffe0cbbd477f64b87a9f5ba6cca4a989f8,Org1MSP,Func4,"[10015"",""1001500"",""10943"",""1094300""]""",Org1MSP Org2MSP ,VALID,, 10015 10943,,WT,107,10567,0
2022-04-07T17:24:23.491Z,dde57792396740da94f7229ccff4baef46710bcd35904c296cfc50a4a883cb31,Org1MSP,Func4,"[10000"",""1000000"",""10510"",""1051000""]""",Org1MSP Org2MSP ,VALID,, 10000 10510,,WT,107,10568,0
2022-04-07T17:24:23.494Z,7a934b426e0bf47cf510313a65b0954adbeaa8fcb48bebae37b65f083020a5bf,Org1MSP,Func7,"[12"",""100"",""970"",""100""]""",Org1MSP Org2MSP ,VALID, 12 970, 12 970,,UT,107,10582,0
2022-04-07T17:24:23.495Z,b0fd518231a4fa1aef4a7f7bc037badd2778bef6e20c93738c07dc62efc56a85,Org1MSP,Func7,"[1025"",""100"",""301"",""100""]""",Org1MSP Org2MSP ,VALID, 1025 301, 1025 301,,UT,107,10548,0
2022-04-07T17:24:23.496Z,0ff603211cc212376df3492345f90f68638ae7c4276c4809f8efec4f16935412,Org1MSP,Func4,"[10010"",""1001000"",""10152"",""1015200""]""",Org1MSP Org2MSP ,VALID,, 10010 10152,,WT,107,10493,0
2022-04-07T17:24:23.497Z,117b5c5d83c6c4047e61e725e5658262055048ed68cd6da37aabfe5cc33bbb4e,Org1MSP,Func4,"[10119"",""1011900"",""12776"",""1277600""]""",Org1MSP Org2MSP ,VALID,, 10119 12776,,WT,107,10494,0
2022-04-07T17:24:23.497Z,9803be1015f394ede88b1ebcf480d5141d5e3f8b0578cc33118d04629d1615e8,Org1MSP,Func4,"[10010"",""1001000"",""10106"",""1010600""]""",Org1MSP Org2MSP ,VALID,, 10010 10106,,WT,107,10542,0
2022-04-07T17:24:23.500Z,d2a2023a35918d8bb0ad2e61b2cd1af3fc32438ae69435ef1b4bb55622dc9571,Org1MSP,Func4,"[15294"",""1529400"",""10022"",""1002200""]""",Org1MSP Org2MSP ,VALID,, 10022 15294,,WT,107,10565,0
2022-04-07T17:24:23.589Z,ed8a1a3e6565b8319ed24a4c2a4e9dde848db47e4158ac2a173ecd96cd8457cd,Org1MSP,Func7,"[7025"",""100"",""309"",""100""]""",Org1MSP Org2MSP ,VALID, 309 7025, 309 7025,,UT,107,10571,0
2022-04-07T17:24:23.590Z,607890575258b92803257ab4e6075c694786b72beefc8e1386d243dea1dfcdb1,Org1MSP,Func4,"[10009"",""1000900"",""19504"",""1950400""]""",Org1MSP Org2MSP ,VALID,, 10009 19504,,WT,107,10519,0
2022-04-07T17:24:23.590Z,8d8b52af319b89e1ac8a1521471ddbbc408538ccc1541b83c9ce7093eaa04ad2,Org1MSP,Func4,"[12537"",""1253700"",""10000"",""1000000""]""",Org1MSP Org2MSP ,VALID,, 10000 12537,,WT,107,10537,0
2022-04-07T17:24:23.592Z,90d8e6788c775629fe5b278c41c0b06544ad390ed817c82df345c0f852a07e1f,Org1MSP,Func7,"[2950"",""100"",""4"",""100""]""",Org1MSP Org2MSP ,VALID, 2950 4, 2950 4,,UT,107,10540,0
2022-04-07T17:24:23.593Z,6981e50c04b09fb29cf20f471f96f4733d92a77948302d4a74e2c590f0addbdf,Org1MSP,Func1,"[2"",""13""]""",Org1MSP Org2MSP ,VALID, 13 2,,,RT,107,10524,0
2022-04-07T17:24:23.594Z,cd19821ff291b95c137ed71873265e7d89f19a426554fd5913bbb99490fc4213,Org1MSP,Func4,"[10000"",""1000000"",""10155"",""1015500""]""",Org1MSP Org2MSP ,VALID,, 10000 10155,,WT,107,10563,0
2022-04-07T17:24:23.597Z,efd1b4182875eb884c9ca2ba5f4204a994db84041b15ccafe867d78613ac2f1b,Org1MSP,Func1,"[145"",""3022""]""",Org1MSP Org2MSP ,VALID, 145 3022,,,RT,107,10572,0
2022-04-07T17:24:23.597Z,f3d321dc998b8e21deaecf566f0e7a51d03b61249e54feb1f90b7972a33ec10f,Org1MSP,Func4,"[10004"",""1000400"",""18093"",""1809300""]""",Org1MSP Org2MSP ,VALID,, 10004 18093,,WT,107,10574,0
2022-04-07T17:24:23.598Z,bcacc0c9f745be7edce7995e7c0580f839770a6ed8e94260e5daba6f799ae5a0,Org1MSP,Func1,"[619"",""560""]""",Org1MSP Org2MSP ,VALID, 560 619,,,RT,107,10556,0
2022-04-07T17:24:23.689Z,1c330ceae85433862bb66372f560c18c8b3a7f9cdbec9f8ff47f47f95c71f0de,Org1MSP,Func4,"[10025"",""1002500"",""18491"",""1849100""]""",Org1MSP Org2MSP ,VALID,, 10025 18491,,WT,107,10499,0
2022-04-07T17:24:23.690Z,c79ee7d3e27844043ce69e25b64305edfa1f1d56e09842f21dad9194ec84e025,Org1MSP,Func4,"[10002"",""1000200"",""10012"",""1001200""]""",Org1MSP Org2MSP ,VALID,, 10002 10012,,WT,107,10560,0
2022-04-07T17:24:23.691Z,6c430aa6b9471495cd747382cae4f340f37e828fdd63e65f736ec5c433a79082,Org1MSP,Func4,"[10034"",""1003400"",""10010"",""1001000""]""",Org1MSP Org2MSP ,VALID,, 10010 10034,,WT,107,10525,0
2022-04-07T17:24:23.692Z,472ec9448cfffcf7c1b62ff06f7d507840984ee4a499306d95a2b4e20fc34d07,Org1MSP,Func1,"[2204"",""131""]""",Org1MSP Org2MSP ,VALID, 131 2204,,,RT,107,10511,0
2022-04-07T17:24:23.693Z,1f0807c57ac726278c8531876b9ac00b2db10630a6d7f99104fe18df52eda1d0,Org1MSP,Func4,"[10471"",""1047100"",""10304"",""1030400""]""",Org1MSP Org2MSP ,VALID,, 10304 10471,,WT,107,10500,0
2022-04-07T17:24:23.694Z,722ae964404ce0ce7596fbe71ee976087b677b27258012d4271801e9c4dbbbfb,Org1MSP,Func4,"[10000"",""1000000"",""10691"",""1069100""]""",Org1MSP Org2MSP ,VALID,, 10000 10691,,WT,107,10526,0
2022-04-07T17:24:23.697Z,9676efc49e25cc80031414c683584ee7c610770aea73d4137ab54486e7ab063c,Org1MSP,Func7,"[2"",""100"",""16"",""100""]""",Org1MSP Org2MSP ,VALID, 16 2, 16 2,,UT,107,10583,0
2022-04-07T17:24:23.700Z,caca37df9a83b3c959e4cc29fc47f54be965ff7cfead39f728f8b65183b19022,Org1MSP,Func4,"[10001"",""1000100"",""11647"",""1164700""]""",Org1MSP Org2MSP ,VALID,, 10001 11647,,WT,107,10561,0
2022-04-07T17:24:23.702Z,2ff3f20c37bd9186527bc11e2d3d81da0b0f62175359a55cca0b1d6941e3fc38,Org1MSP,Func4,"[13535"",""1353500"",""16565"",""1656500""]""",Org1MSP Org2MSP ,VALID,, 13535 16565,,WT,107,10505,0
2022-04-07T17:24:23.789Z,76698a08e25342b575e2973f8758ab4d9c3be4a1dee0dfe2442a02dc97bd824b,Org1MSP,Func1,"[5389"",""3""]""",Org1MSP Org2MSP ,VALID, 3 5389,,,RT,107,10528,0
2022-04-07T17:24:23.790Z,41be2014e3ce00d38a62979812f6909cab7fb70d52f7efc1c86fad75a5cecca1,Org1MSP,Func4,"[11157"",""1115700"",""10000"",""1000000""]""",Org1MSP Org2MSP ,VALID,, 10000 11157,,WT,107,10509,0
2022-04-07T17:24:23.790Z,5051cc2b0ccf89a41c07cf8183c108d21de75bb040a9fbd7803f5e95718382b7,Org1MSP,Func1,"[1659"",""8""]""",Org1MSP Org2MSP ,VALID, 1659 8,,,RT,107,10514,0
2022-04-07T17:24:23.790Z,fa772b5d415b51bfc8a2791a11c8577db1b36cc525bb4b452050d613ab93d1bf,Org1MSP,Func4,"[10875"",""1087500"",""10142"",""1014200""]""",Org1MSP Org2MSP ,VALID,, 10142 10875,,WT,107,10576,0
2022-04-07T17:24:23.792Z,176bdf0eb7b415ba9f39eb1bf09c37cb0fec2489766193725b226bd28cfcc968,Org1MSP,Func7,"[549"",""100"",""1"",""100""]""",Org1MSP Org2MSP ,VALID, 1 549, 1 549,,UT,107,10580,0
2022-04-07T17:24:23.796Z,382f710c43fced60f87ed4ce80bced3f52ee24452c2228a8168ec2240e2980e7,Org1MSP,Func1,"[741"",""1""]""",Org1MSP Org2MSP ,VALID, 1 741,,,RT,107,10508,0
2022-04-07T17:24:23.796Z,9045e9d4a44ca9ff44dc7522eb5080546d5a9afb90500b8b4c4fd8113a5c7f1c,Org1MSP,Func1,"[9918"",""11""]""",Org1MSP Org2MSP ,VALID, 11 9918,,,RT,107,10579,0
2022-04-07T17:24:23.800Z,143230017336da703cb586b088be0744c7e478061c3efebeebd2c53c2c7c389f,Org1MSP,Func4,"[10000"",""1000000"",""12225"",""1222500""]""",Org1MSP Org2MSP ,VALID,, 10000 12225,,WT,107,10495,0
2022-04-07T17:24:23.803Z,3560c21a5e5a8ef47ebefcc9c2260d8c6d1e09ca817865312f5fada23ab2fdee,Org1MSP,Func4,"[10009"",""1000900"",""11154"",""1115400""]""",Org1MSP Org2MSP ,VALID,, 10009 11154,,WT,107,10506,0
2022-04-07T17:24:23.804Z,fe070cb3010323925e2c2335c192d28ea430a7ed52ac7b2f6c82e56227f57a59,Org1MSP,Func4,"[10051"",""1005100"",""10000"",""1000000""]""",Org1MSP Org2MSP ,VALID,, 10000 10051,,WT,107,10578,0
2022-04-07T17:24:23.889Z,60b066ce27b1a70b7d6302288b0afeac356eef8cb8b0c9a8db724a04c43e97d2,Org1MSP,Func1,"[95"",""7""]""",Org1MSP Org2MSP ,VALID, 7 95,,,RT,107,10521,0
2022-04-07T17:24:23.889Z,9067680d817e86bf6ead10c0cf1f57c60ef585e5f4352df19694799e33161591,Org1MSP,Func4,"[10001"",""1000100"",""10006"",""1000600""]""",Org1MSP Org2MSP ,VALID,, 10001 10006,,WT,107,10539,0
2022-04-07T17:24:23.889Z,d8f3c67ddc359f47d130ac94d374eacbe1ce0cba70c06b5ad2d08ac5d7f90cd2,Org1MSP,Func4,"[10114"",""1011400"",""10001"",""1000100""]""",Org1MSP Org2MSP ,VALID,, 10001 10114,,WT,107,10566,0
2022-04-07T17:24:23.892Z,7dc6c94029bcc91ee174d3f040a8935a3c09defa43c23d83606711eb0a7d8c8d,Org1MSP,Func4,"[10001"",""1000100"",""10001"",""1000100""]""",Org1MSP Org2MSP ,VALID,, 10001,,WT,107,10531,0
2022-04-07T17:24:23.893Z,6086c796a64ea53d2012c40c197d03de8bea00abf28446b02f645bab0316432a,Org1MSP,Func4,"[10001"",""1000100"",""10002"",""1000200""]""",Org1MSP Org2MSP ,VALID,, 10001 10002,,WT,107,10520,0
2022-04-07T17:24:23.894Z,369e1ec7304df1e0334acf0a583f77275127f4ada0fa5e1f4560fe4997c510b7,Org1MSP,Func4,"[10243"",""1024300"",""10029"",""1002900""]""",Org1MSP Org2MSP ,VALID,, 10029 10243,,WT,107,10507,0
2022-04-07T17:24:23.895Z,2dbe673a5dc5c9b9a188ee3cee6b12134db018e8d4fe6645571ad15fcd21f4a9,Org1MSP,Func4,"[10755"",""1075500"",""10451"",""1045100""]""",Org1MSP Org2MSP ,VALID,, 10451 10755,,WT,107,10504,0
2022-04-07T17:24:23.896Z,4fa65f787bc700ac4ad4750415fcba5b474a7252ed3b8fd8d366db67dd235d32,Org1MSP,Func7,"[4210"",""100"",""56"",""100""]""",Org1MSP Org2MSP ,VALID, 4210 56, 4210 56,,UT,107,10513,0
2022-04-07T17:24:23.898Z,0b8f8778898c9805b5b78fe50f13ec58a1a5bc897a291a9a59350770e33fce4f,Org1MSP,Func1,"[1147"",""285""]""",Org1MSP Org2MSP ,VALID, 1147 285,,,RT,107,10491,0
2022-04-07T17:24:23.898Z,17540e93b81f009f753361f511a4ce82c008ada2a7a9deacad3aaa91cb0df0e9,Org1MSP,Func4,"[11704"",""1170400"",""10309"",""1030900""]""",Org1MSP Org2MSP ,VALID,, 10309 11704,,WT,107,10497,0
2022-04-07T17:24:23.989Z,49dddbee52002c37e974c4e49218c2e7a4f0668766a754538894d6b2e000bcc4,Org1MSP,Func4,"[10572"",""1057200"",""10071"",""1007100""]""",Org1MSP Org2MSP ,VALID,, 10071 10572,,WT,107,10512,0
2022-04-07T17:24:23.989Z,c4a64709c290c3c4d4a2ba20512f9735a88b21d9e0784a24938aaf1395c0a589,Org1MSP,Func1,"[1053"",""87""]""",Org1MSP Org2MSP ,VALID, 1053 87,,,RT,107,10558,0
2022-04-07T17:24:23.991Z,cea89102a19bb64794990d7177308eda9f6792a5fb1ca25c1d5d63880fa3af17,Org1MSP,Func7,"[1262"",""100"",""27"",""100""]""",Org1MSP Org2MSP ,VALID, 1262 27, 1262 27,,UT,107,10564,0
2022-04-07T17:24:23.993Z,f24620fb47f58fc5f53d2e1959094520abd1f94efe64418adc30baa5013d93fc,Org1MSP,Func4,"[11616"",""1161600"",""10009"",""1000900""]""",Org1MSP Org2MSP ,VALID,, 10009 11616,,WT,107,10573,0
2022-04-07T17:24:23.994Z,5ca4a14a00f886d1fd4990b8c07b8ef840b0bb5951e59f3653852c2edee357ea,Org1MSP,Func1,"[1552"",""626""]""",Org1MSP Org2MSP ,VALID, 1552 626,,,RT,107,10517,0
2022-04-07T17:24:23.995Z,807e631a3a4aa175add3b5796878db212e4eea1bf9c8c0189d4ded06df1478b2,Org1MSP,Func4,"[10000"",""1000000"",""10169"",""1016900""]""",Org1MSP Org2MSP ,VALID,, 10000 10169,,WT,107,10532,0
2022-04-07T17:24:23.997Z,b281ce6d73f3500b306cd09c371e9e98954341b55412136395c473cb98546008,Org1MSP,Func4,"[10417"",""1041700"",""10022"",""1002200""]""",Org1MSP Org2MSP ,VALID,, 10022 10417,,WT,107,10550,0
2022-04-07T17:24:23.998Z,9f38fd989f3b28ea5d4c89a148c1c98e517513ae333be82859f5eabce90e004d,Org1MSP,Func4,"[10024"",""1002400"",""10001"",""1000100""]""",Org1MSP Org2MSP ,VALID,, 10001 10024,,WT,107,10543,0
2022-04-07T17:24:24.088Z,c780992815c061553cf6c6f2aab1a38197ed7eff2a4c28cd4ce7aebf90d74edc,Org1MSP,Func4,"[12190"",""1219000"",""16812"",""1681200""]""",Org1MSP Org2MSP ,VALID,, 12190 16812,,WT,107,10559,0
2022-04-07T17:24:24.090Z,1fdf1862992886d5549763ac8f04cf81c854270ef88fa7372385fcbe643b214d,Org1MSP,Func1,"[35"",""3692""]""",Org1MSP Org2MSP ,VALID, 35 3692,,,RT,107,10501,0
2022-04-07T17:24:24.090Z,bb95e476dd15532c1542e0c548b72a42d805ae1f2790452e2f802a9668a7a76c,Org1MSP,Func4,"[11084"",""1108400"",""10180"",""1018000""]""",Org1MSP Org2MSP ,VALID,, 10180 11084,,WT,107,10555,0
2022-04-07T17:24:24.092Z,8588c33839c26a75fde05493032b17f22b1a09a6e30ddcb420331640addaffcd,Org1MSP,Func1,"[58"",""16""]""",Org1MSP Org2MSP ,VALID, 16 58,,,RT,107,10534,0
2022-04-07T17:24:24.093Z,8ddd8cfeab12bd8b17944ee891fb516b9798d56d23bf0e3116e3380db63cd8fb,Org1MSP,Func4,"[10002"",""1000200"",""12359"",""1235900""]""",Org1MSP Org2MSP ,VALID,, 10002 12359,,WT,107,10538,0
2022-04-07T17:24:24.095Z,5d987f4b77a5dea5108749dc1e177615c3e23b37cbb07f124877cc23d76a4eee,Org1MSP,Func4,"[10991"",""1099100"",""11537"",""1153700""]""",Org1MSP Org2MSP ,VALID,, 10991 11537,,WT,107,10518,0
2022-04-07T17:24:24.097Z,2d25ffad44a9050393eba3545509ea75a86dca28d33071daab915f617c71d6c9,Org1MSP,Func4,"[16264"",""1626400"",""10002"",""1000200""]""",Org1MSP Org2MSP ,VALID,, 10002 16264,,WT,107,10503,0
2022-04-07T17:24:24.097Z,8917e196135f906169cd9eeee040fdd3bc7cd4cada26bdbd051f619f1098224b,Org1MSP,Func1,"[4208"",""44""]""",Org1MSP Org2MSP ,VALID, 4208 44,,,RT,107,10535,0
2022-04-07T17:24:24.103Z,0855430970ddbb6a2e77cb2059fea7955bbeb7855d9b2b6755d17bf488de0d93,Org1MSP,Func7,"[57"",""100"",""5335"",""100""]""",Org1MSP Org2MSP ,VALID, 5335 57, 5335 57,,UT,107,10490,0
2022-04-07T17:24:24.189Z,7c5b8e1b08e0f57aa8c24bc925f325dc3e337fbcbe2b3bb9babbc4971792f994,Org1MSP,Func4,"[10016"",""1001600"",""14461"",""1446100""]""",Org1MSP Org2MSP ,VALID,, 10016 14461,,WT,107,10530,0
2022-04-07T17:24:24.189Z,be3c39a32a0e5a3c513b781a5ce252db7f8635e81924824925b26366123c5f1d,Org1MSP,Func1,"[2896"",""2""]""",Org1MSP Org2MSP ,VALID, 2 2896,,,RT,107,10557,0
2022-04-07T17:24:24.189Z,e40bcdf5efb4f02cea02ed1e837b4103eeb0502a51da42a63d538a19f9cbd88c,Org1MSP,Func4,"[10068"",""1006800"",""10236"",""1023600""]""",Org1MSP Org2MSP ,VALID,, 10068 10236,,WT,107,10569,0
2022-04-07T17:24:24.191Z,f893dd9e48ce79c5a719897b8fb2e0d66fbeef3a065a8bc1055c8543cc703f90,Org1MSP,Func7,"[1723"",""100"",""10"",""100""]""",Org1MSP Org2MSP ,VALID, 10 1723, 10 1723,,UT,107,10575,0
2022-04-07T17:24:24.192Z,74deb0849914217d82a779e152b559618a6f59900aff09ec1e3a2be7cea340b1,Org1MSP,Func4,"[10108"",""1010800"",""10135"",""1013500""]""",Org1MSP Org2MSP ,VALID,, 10108 10135,,WT,107,10527,0
2022-04-07T17:24:24.193Z,8a1970f753d24ce9ba75813e9a17334ddbb1e21413ac9ca7de1c36177e4060dc,Org1MSP,Func4,"[15453"",""1545300"",""10071"",""1007100""]""",Org1MSP Org2MSP ,VALID,, 10071 15453,,WT,107,10536,0
2022-04-07T17:24:24.195Z,e75b16fe8b09c1a405502cce67c489116853ad4f884faaa7c6942edf46c52ecc,Org1MSP,Func1,"[610"",""4877""]""",Org1MSP Org2MSP ,VALID, 4877 610,,,RT,107,10570,0
2022-04-07T17:24:24.197Z,01379d4c0ee5b10968aa43b5def950bcd128fc08d44a511c7097c0b9787a023f,Org1MSP,Func4,"[10000"",""1000000"",""10065"",""1006500""]""",Org1MSP Org2MSP ,VALID,, 10000 10065,,WT,107,10488,0
2022-04-07T17:24:24.197Z,fb2b09166d41988a551bab34e212d904b46b478df4622049642e4ddf25979e0a,Org1MSP,Func4,"[10014"",""1001400"",""10062"",""1006200""]""",Org1MSP Org2MSP ,VALID,, 10014 10062,,WT,107,10577,0
2022-04-07T17:24:24.200Z,8351e220ea823f6dd4f908da7d555246eac1c49e6b8cc41ea667571de521b37e,Org1MSP,Func4,"[14725"",""1472500"",""10582"",""1058200""]""",Org1MSP Org2MSP ,VALID,, 10582 14725,,WT,107,10533,0
2022-04-07T17:24:24.289Z,1902a7a493cce5a63657e4fa2d8a3fdde0a0d325ed051a73bd7a2d84c6602d98,Org1MSP,Func4,"[19024"",""1902400"",""10598"",""1059800""]""",Org1MSP Org2MSP ,VALID,, 10598 19024,,WT,108,10591,0
2022-04-07T17:24:24.289Z,747dd80a97025890b13ee92ad20b327536abfb358a4445fa7595f2050c578912,Org1MSP,Func7,"[47"",""100"",""4946"",""100""]""",Org1MSP Org2MSP ,VALID, 47 4946, 47 4946,,UT,108,10621,0
2022-04-07T17:24:24.289Z,a44ea831f80b7c519d4b526cc595ff61b72c676bdf97c6a6e363359ebd63b08a,Org1MSP,Func4,"[14994"",""1499400"",""16935"",""1693500""]""",Org1MSP Org2MSP ,VALID,, 14994 16935,,WT,108,10645,0
2022-04-07T17:24:24.290Z,3b3e24b1976f3832485223d1d22ce93f8acd5cc7d31839c8097e78220f39d607,Org1MSP,Func7,"[9"",""100"",""1404"",""100""]""",Org1MSP Org2MSP ,VALID, 1404 9, 1404 9,,UT,108,10677,0
2022-04-07T17:24:24.292Z,597b94c1c38c0f6081364b830b0a032727f07dc1b056005ef911e77cb601c247,Org1MSP,Func4,"[10002"",""1000200"",""10001"",""1000100""]""",Org1MSP Org2MSP ,VALID,, 10001 10002,,WT,108,10612,0
2022-04-07T17:24:24.293Z,75bc9fa33a7b3bb88f30aa8fed9ad08d6f96af4e1fc5595dca9300ba17427d33,Org1MSP,Func4,"[10230"",""1023000"",""10006"",""1000600""]""",Org1MSP Org2MSP ,VALID,, 10006 10230,,WT,108,10622,0
2022-04-07T17:24:24.296Z,b010d82d3760d980a7d089de6e7fc9009759c87d1c0a5f96d046771bbba9423b,Org1MSP,Func4,"[10002"",""1000200"",""10009"",""1000900""]""",Org1MSP Org2MSP ,VALID,, 10002 10009,,WT,108,10649,0
2022-04-07T17:24:24.298Z,8f6189d7d78005e695507d84ee6a94c54b1d429b7deb13cec8ac8abc67ebd8a4,Org1MSP,Func4,"[10018"",""1001800"",""10007"",""1000700""]""",Org1MSP Org2MSP ,VALID,, 10007 10018,,WT,108,10630,0
2022-04-07T17:24:24.298Z,9b0ed80db2743ffe30c8aa2efbe11bf94015a9a312b7b8b1ac3799928c314bfc,Org1MSP,Func1,"[103"",""20""]""",Org1MSP Org2MSP ,VALID, 103 20,,,RT,108,10638,0
2022-04-07T17:24:24.389Z,314e2c405fe5b85458c82dc2231dd06f76e8c135561b6335972a24331705ce66,Org1MSP,Func7,"[550"",""100"",""45"",""100""]""",Org1MSP Org2MSP ,VALID, 45 550, 45 550,,UT,108,10600,0
2022-04-07T17:24:24.389Z,afb6f56b970d80ebf80bd00b4b91dc887098648ff4982c1187cef5d3a0756457,Org1MSP,Func4,"[10053"",""1005300"",""12178"",""1217800""]""",Org1MSP Org2MSP ,VALID,, 10053 12178,,WT,108,10648,0
2022-04-07T17:24:24.389Z,bdb194c76bf34cdab3230955bf775c74349cfa2d5d2fed1c7a7205cc39b03d11,Org1MSP,Func1,"[8"",""5967""]""",Org1MSP Org2MSP ,VALID, 5967 8,,,RT,108,10659,0
2022-04-07T17:24:24.392Z,64c7c033b313d1fa3f521d9c0b686e8b80ff3bbf2bce0e8259e9413bccf1b667,Org1MSP,Func4,"[10000"",""1000000"",""12333"",""1233300""]""",Org1MSP Org2MSP ,VALID,, 10000 12333,,WT,108,10617,0
2022-04-07T17:24:24.393Z,62aca733a6baba7622002f261e7bd502ee87d0965306aaad5b8dad409c54ccf4,Org1MSP,Func4,"[18935"",""1893500"",""10985"",""1098500""]""",Org1MSP Org2MSP ,VALID,, 10985 18935,,WT,108,10616,0
2022-04-07T17:24:24.393Z,bdbaca59bfa95ae53a36283daf451643725223fa0e40add1b2a7a0dbc83866a8,Org1MSP,Func4,"[10001"",""1000100"",""10742"",""1074200""]""",Org1MSP Org2MSP ,VALID,, 10001 10742,,WT,108,10660,0
2022-04-07T17:24:24.395Z,b61651d3228b31f7f7161e7b5745ca7334400c589a15d42432b6f734a9146cf1,Org1MSP,Func4,"[10016"",""1001600"",""10008"",""1000800""]""",Org1MSP Org2MSP ,VALID,, 10008 10016,,WT,108,10653,0
2022-04-07T17:24:24.396Z,5a3fe97cf7b95aa73dfe41768666022fa53c37fa3c19c15ef709e690fa74f4af,Org1MSP,Func4,"[10529"",""1052900"",""10002"",""1000200""]""",Org1MSP Org2MSP ,VALID,, 10002 10529,,WT,108,10613,0
2022-04-07T17:24:24.397Z,9d64208a97bd322ad2510f09a77233f28af2b25c9cc129cd26da58b5e8d193fc,Org1MSP,Func4,"[10001"",""1000100"",""12700"",""1270000""]""",Org1MSP Org2MSP ,VALID,, 10001 12700,,WT,108,10642,0
2022-04-07T17:24:24.488Z,b2c4926c6f50970716eb923eda9d7952ffe1d13ffc21778b3b73a53ee7b6117f,Org1MSP,Func4,"[18383"",""1838300"",""12692"",""1269200""]""",Org1MSP Org2MSP ,VALID,, 12692 18383,,WT,108,10650,0
2022-04-07T17:24:24.488Z,c62dae3147a4163c0fc4b0027f75c04854c017522a7dedf5c3df8f06a4b9f13d,Org1MSP,Func1,"[30"",""1""]""",Org1MSP Org2MSP ,VALID, 1 30,,,RT,108,10663,0
2022-04-07T17:24:24.489Z,7d64eeec1da81579c890b54c6b8f53431bf7957d1bbe030f4e0c05b11959886c,Org1MSP,Func4,"[14436"",""1443600"",""12437"",""1243700""]""",Org1MSP Org2MSP ,VALID,, 12437 14436,,WT,108,10625,0
2022-04-07T17:24:24.491Z,3e0a897de1a3fae2e16dd7a69364c1dc192398705179cf00de4fd3df08a45fcf,Org1MSP,Func4,"[12427"",""1242700"",""10836"",""1083600""]""",Org1MSP Org2MSP ,VALID,, 10836 12427,,WT,108,10601,0
2022-04-07T17:24:24.492Z,982aff2f4bb4bf92b4b8da957eee6664bf93284c5b5e154fc6ef679d365c8016,Org1MSP,Func4,"[10000"",""1000000"",""10002"",""1000200""]""",Org1MSP Org2MSP ,VALID,, 10000 10002,,WT,108,10636,0
2022-04-07T17:24:24.493Z,9c6ccac5c95b5973a398b03e558bbae2fb5ca02b92d3bfd552d0f6ec63d85ee8,Org1MSP,Func7,"[5"",""100"",""1782"",""100""]""",Org1MSP Org2MSP ,VALID, 1782 5, 1782 5,,UT,108,10681,0
2022-04-07T17:24:24.494Z,7b264bdea3134a637fc33499ecba1b0eeed4b32c484f4ff0e0bbf42ab0438199,Org1MSP,Func4,"[10001"",""1000100"",""10005"",""1000500""]""",Org1MSP Org2MSP ,VALID,, 10001 10005,,WT,108,10623,0
2022-04-07T17:24:24.497Z,1e81f53870f1ee47ffdb9bc0e90d91344358d9a02036cd274954bd5faf31fd7b,Org1MSP,Func4,"[10002"",""1000200"",""10097"",""1009700""]""",Org1MSP Org2MSP ,VALID,, 10002 10097,,WT,108,10594,0
2022-04-07T17:24:24.497Z,feb9e6f644775e89ffcccdf706628eccc6f38f7b52c7662c04b50bc00389229e,Org1MSP,Func1,"[189"",""1352""]""",Org1MSP Org2MSP ,VALID, 1352 189,,,RT,108,10675,0
2022-04-07T17:24:24.499Z,96a22a53968d9b4378bc6ebcd8e5a6569e8efe52c2925edef35383c7fd4f50d5,Org1MSP,Func4,"[11223"",""1122300"",""10114"",""1011400""]""",Org1MSP Org2MSP ,VALID,, 10114 11223,,WT,108,10634,0
2022-04-07T17:24:24.588Z,b5368b825650d1df0d547deed2f80ed07581dcb88e696b1e00762b7db4ddb410,Org1MSP,Func4,"[10000"",""1000000"",""10023"",""1002300""]""",Org1MSP Org2MSP ,VALID,, 10000 10023,,WT,108,10652,0
2022-04-07T17:24:24.589Z,5d57baaf84f3bd8818c8621276b4519e1e9acc937f0023f3877ca0c6e7a6c81c,Org1MSP,Func4,"[10000"",""1000000"",""10004"",""1000400""]""",Org1MSP Org2MSP ,VALID,, 10000 10004,,WT,108,10614,0
2022-04-07T17:24:24.589Z,ab87a6b6d9b24ea142b19bdf23fca4fd1d949cd07ceb74089eff06a5d54f8d6c,Org1MSP,Func4,"[10001"",""1000100"",""10093"",""1009300""]""",Org1MSP Org2MSP ,VALID,, 10001 10093,,WT,108,10647,0
2022-04-07T17:24:24.590Z,02715d1d103bb7bc9fcf86b7030e75a22c59b9c8517a14079d1313d1af83cce7,Org1MSP,Func4,"[10002"",""1000200"",""10004"",""1000400""]""",Org1MSP Org2MSP ,VALID,, 10002 10004,,WT,108,10584,0
2022-04-07T17:24:24.592Z,d317316a6f153a2ae03d479febc1f1806f3579bde65abd18a51f5efa6faf6d72,Org1MSP,Func4,"[10025"",""1002500"",""14754"",""1475400""]""",Org1MSP Org2MSP ,VALID,, 10025 14754,,WT,108,10666,0
2022-04-07T17:24:24.595Z,23acdd42b250ece4f59dede24eb345c44ea2fe181f7d9f97a00a4953a0eb1a05,Org1MSP,Func1,"[6418"",""46""]""",Org1MSP Org2MSP ,VALID, 46 6418,,,RT,108,10596,0
2022-04-07T17:24:24.596Z,4e54dc1a34bbb011c392240d92a0833269a0c05e94b34dbe4d477014e96923f4,Org1MSP,Func4,"[10273"",""1027300"",""10244"",""1024400""]""",Org1MSP Org2MSP ,VALID,, 10244 10273,,WT,108,10606,0
2022-04-07T17:24:24.596Z,bbf88cbea954169d9b9ff0cec671e5cec2d9114c92d74e6f85ca9bd614e0c965,Org1MSP,Func4,"[10012"",""1001200"",""10009"",""1000900""]""",Org1MSP Org2MSP ,VALID,, 10009 10012,,WT,108,10657,0
2022-04-07T17:24:24.597Z,1d802caecbd202f8747d781d6ab40f2793c1ebb1577840fd7574bdbf8df990c2,Org1MSP,Func4,"[13496"",""1349600"",""10784"",""1078400""]""",Org1MSP Org2MSP ,VALID,, 10784 13496,,WT,108,10593,0
2022-04-07T17:24:24.600Z,0a5b57bcdd7d88b49bab42a7c8573246279310c8f4385443b8b7a19f56c1125e,Org1MSP,Func4,"[10000"",""1000000"",""10012"",""1001200""]""",Org1MSP Org2MSP ,VALID,, 10000 10012,,WT,108,10586,0
2022-04-07T17:24:24.689Z,a16e6fa1e2bd80e261b6c46ab6ac4a590a643dfe7918f8318f6f4af1e3b4df72,Org1MSP,Func7,"[4424"",""100"",""2"",""100""]""",Org1MSP Org2MSP ,VALID, 2 4424, 2 4424,,UT,108,10676,0
2022-04-07T17:24:24.690Z,57872faf9e6bc62c7f8b7383916b7406b339ab107f27f58937714d1f48f031c2,Org1MSP,Func4,"[10001"",""1000100"",""10007"",""1000700""]""",Org1MSP Org2MSP ,VALID,, 10001 10007,,WT,108,10611,0
2022-04-07T17:24:24.690Z,cfdb8b4b0d71ebc75cdb7b1ad52ea4f0c6f41bdf3b2d6e5fd51be2eba6ac72bd,Org1MSP,Func4,"[11848"",""1184800"",""10915"",""1091500""]""",Org1MSP Org2MSP ,VALID,, 10915 11848,,WT,108,10665,0
2022-04-07T17:24:24.692Z,99fe6b3feaf3e253dbf00ddcd964ee189add517c21dd684eebb29c84176f6d7a,Org1MSP,Func4,"[10251"",""1025100"",""10001"",""1000100""]""",Org1MSP Org2MSP ,VALID,, 10001 10251,,WT,108,10637,0
2022-04-07T17:24:24.693Z,c446d275b99deba5c1167c49193ff7b1156542bdd54e9c354c8206d1d68b12b8,Org1MSP,Func4,"[11456"",""1145600"",""10003"",""1000300""]""",Org1MSP Org2MSP ,VALID,, 10003 11456,,WT,108,10662,0
2022-04-07T17:24:24.695Z,b908f9bb97049d1416e74977d830827b02d6e24f972f86b4e68c8d31f4fbc477,Org1MSP,Func7,"[85"",""100"",""4"",""100""]""",Org1MSP Org2MSP ,VALID, 4 85, 4 85,,UT,108,10655,0
2022-04-07T17:24:24.696Z,8562726daea38052f6b456b02a2eb2a50eaf22313344f1228dabc0c10652b541,Org1MSP,Func4,"[10000"",""1000000"",""10000"",""1000000""]""",Org1MSP Org2MSP ,VALID,, 10000,,WT,108,10627,0
2022-04-07T17:24:24.697Z,17d46c661f5e522d5eecc19838cc550ce7681566085d5b3c9b1d528a38d80fc1,Org1MSP,Func4,"[10767"",""1076700"",""10705"",""1070500""]""",Org1MSP Org2MSP ,VALID,, 10705 10767,,WT,108,10588,0
2022-04-07T17:24:24.698Z,9c09e25bee1fd42dc4fd1726fa0f77def4b5a727e12f275005fa22e01369a86d,Org1MSP,Func4,"[10085"",""1008500"",""10000"",""1000000""]""",Org1MSP Org2MSP ,VALID,, 10000 10085,,WT,108,10639,0
2022-04-07T17:24:24.789Z,2572fe02a7f93cf5b6788e7b8b82793e27b411c9bc6e36d54a1a17cdb774cbd3,Org1MSP,Func4,"[10206"",""1020600"",""10037"",""1003700""]""",Org1MSP Org2MSP ,VALID,, 10037 10206,,WT,108,10597,0
2022-04-07T17:24:24.791Z,30a4e1bb30dace12b2162943e0a33fb636edfdbd86a3068251f550e5c480e6a6,Org1MSP,Func1,"[9"",""18""]""",Org1MSP Org2MSP ,VALID, 18 9,,,RT,108,10599,0
2022-04-07T17:24:24.791Z,f6b2f1665e86794720734d88e23c11e9a675cce1cc5f4723ec11e45f40606d97,Org1MSP,Func4,"[10004"",""1000400"",""10001"",""1000100""]""",Org1MSP Org2MSP ,VALID,, 10001 10004,,WT,108,10673,0
2022-04-07T17:24:24.791Z,b958c7c1d548e33eb06e52a2f1749d99f2efd630e76ea2d07562380042097590,Org1MSP,Func1,"[61"",""1""]""",Org1MSP Org2MSP ,VALID, 1 61,,,RT,108,10678,0
2022-04-07T17:24:24.792Z,b69761f7f799c2e32156411efc332b06c896cccb00b48441ad58dec504fc4dbd,Org1MSP,Func4,"[10018"",""1001800"",""10005"",""1000500""]""",Org1MSP Org2MSP ,VALID,, 10005 10018,,WT,108,10654,0
2022-04-07T17:24:24.794Z,48ce659f298fb544aed0aa8c9840253a5831a9a190f62a4f5bc5f2167f9fcb58,Org1MSP,Func4,"[10032"",""1003200"",""10002"",""1000200""]""",Org1MSP Org2MSP ,VALID,, 10002 10032,,WT,108,10604,0
2022-04-07T17:24:24.795Z,187b941b23879f2772af7411d2f2ef577a159315eb3cf48278e1357c979f49de,Org1MSP,Func4,"[10035"",""1003500"",""10019"",""1001900""]""",Org1MSP Org2MSP ,VALID,, 10019 10035,,WT,108,10589,0
2022-04-07T17:24:24.796Z,2bc95dc2c2085d9d35b3cdabb2f814d3d946e788959b977adf061967753bf2ff,Org1MSP,Func7,"[1"",""100"",""162"",""100""]""",Org1MSP Org2MSP ,VALID, 1 162, 1 162,,UT,108,10680,0
2022-04-07T17:24:24.797Z,bd14902194ad6e735b2fe15cf7c82ed48d92e3dc4aab979bc9b9e8dd501244d5,Org1MSP,Func1,"[2810"",""4902""]""",Org1MSP Org2MSP ,VALID, 2810 4902,,,RT,108,10658,0
2022-04-07T17:24:24.798Z,50d06e807323dfb32dbdf9248d049a3f94429f7fbeea16bf72f23d4d56d13b91,Org1MSP,Func1,"[4606"",""2""]""",Org1MSP Org2MSP ,VALID, 2 4606,,,RT,108,10608,0
2022-04-07T17:24:24.890Z,0d1c30cbef366b6ecc1c5b7e41e4040306cf9ca248b654646861ba0ff4dc7d26,Org1MSP,Func4,"[12824"",""1282400"",""14064"",""1406400""]""",Org1MSP Org2MSP ,VALID,, 12824 14064,,WT,108,10587,0
2022-04-07T17:24:24.890Z,23365def4c5afe17b6253ca5374b657734d4fb5504b95ce18c7385d162e46826,Org1MSP,Func4,"[10002"",""1000200"",""10005"",""1000500""]""",Org1MSP Org2MSP ,VALID,, 10002 10005,,WT,108,10595,0
2022-04-07T17:24:24.891Z,93d9fdc17f1c431eadeba414c15967215514ee300abdfb285a60eac1d139ebfa,Org1MSP,Func1,"[2400"",""7""]""",Org1MSP Org2MSP ,VALID, 2400 7,,,RT,108,10632,0
2022-04-07T17:24:24.893Z,aa7c62c9d505bb50313ade572f0fab2b05cf47c77b4c148818dd33fbe1ce4e55,Org1MSP,Func7,"[6277"",""100"",""2381"",""100""]""",Org1MSP Org2MSP ,VALID, 2381 6277, 2381 6277,,UT,108,10646,0
2022-04-07T17:24:24.895Z,8c63d052a3f9cb222e4a186bd9c0408e252a145d4587acf2b6646e9f42c786d6,Org1MSP,Func7,"[6"",""100"",""8951"",""100""]""",Org1MSP Org2MSP ,VALID, 6 8951, 6 8951,,UT,108,10629,0
2022-04-07T17:24:24.896Z,29ffdfc66696da094f51d8158f3e873aaac9b97457e0fa565f2bb7a72f8b3605,Org1MSP,Func7,"[929"",""100"",""3"",""100""]""",Org1MSP Org2MSP ,VALID, 3 929, 3 929,,UT,108,10598,0
2022-04-07T17:24:24.896Z,f0099366f9ab98836572ce5e95a66745c7c763198d2f6ff2cf510cc5b87424d0,Org1MSP,Func4,"[12845"",""1284500"",""10378"",""1037800""]""",Org1MSP Org2MSP ,VALID,, 10378 12845,,WT,108,10671,0
2022-04-07T17:24:24.898Z,4ad360beaf37e7c76daa08e2a9e7b6d5f378e08902df8a6e81166e6936ce0074,Org1MSP,Func4,"[10001"",""1000100"",""10002"",""1000200""]""",Org1MSP Org2MSP ,VALID,, 10001 10002,,WT,108,10605,0
2022-04-07T17:24:24.898Z,54962446c88d5833219dd7ba5dc0d83e856ef581e60cc1ba920d6d2959a6f7c5,Org1MSP,Func4,"[10005"",""1000500"",""10432"",""1043200""]""",Org1MSP Org2MSP ,VALID,, 10005 10432,,WT,108,10609,0
2022-04-07T17:24:24.989Z,95070cd325bc3bda7273aa48f4b0013eece85e12e2121955c2e1314c976c27ef,Org1MSP,Func4,"[13494"",""1349400"",""13240"",""1324000""]""",Org1MSP Org2MSP ,VALID,, 13240 13494,,WT,108,10633,0
2022-04-07T17:24:24.990Z,de049ab793ae70b88b0e8d7806c456e5b5109e4c8da9af4e90d0b72343fb7f53,Org1MSP,Func7,"[12"",""100"",""4998"",""100""]""",Org1MSP Org2MSP ,VALID, 12 4998, 12 4998,,UT,108,10668,0
2022-04-07T17:24:24.991Z,41814b4000e3318fb172da9c6ffacf56665c85d398d24f094f6b8cfb64e13670,Org1MSP,Func4,"[10020"",""1002000"",""10379"",""1037900""]""",Org1MSP Org2MSP ,VALID,, 10020 10379,,WT,108,10602,0
2022-04-07T17:24:24.992Z,45a7bd661ea523a67f1db80405370dbdc060751894865fe0a22ec3409f199a85,Org1MSP,Func1,"[19"",""2835""]""",Org1MSP Org2MSP ,VALID, 19 2835,,,RT,108,10603,0
2022-04-07T17:24:24.992Z,f4f060274d84ce2ebaf0eac0438411550794cc176fc69247c65192ed0782c207,Org1MSP,Func4,"[10179"",""1017900"",""10195"",""1019500""]""",Org1MSP Org2MSP ,VALID,, 10179 10195,,WT,108,10672,0
2022-04-07T17:24:24.994Z,b9391a19d3fec5f5e3068e51d938161e18810d7d30361907570c52c1f8e2099f,Org1MSP,Func4,"[10004"",""1000400"",""12741"",""1274100""]""",Org1MSP Org2MSP ,VALID,, 10004 12741,,WT,108,10656,0
2022-04-07T17:24:24.997Z,6207ab639ef0edcf10ff077ff63e72b262113e084ba0fe2ba2ec4bd42d6b070a,Org1MSP,Func4,"[10004"",""1000400"",""10000"",""1000000""]""",Org1MSP Org2MSP ,VALID,, 10000 10004,,WT,108,10615,0
2022-04-07T17:24:24.997Z,979af7dd2fff96adfa0367da857dc4a044a7ee06b8b971ce354902f542158cbe,Org1MSP,Func4,"[10419"",""1041900"",""10007"",""1000700""]""",Org1MSP Org2MSP ,VALID,, 10007 10419,,WT,108,10635,0
2022-04-07T17:24:24.999Z,a01998a2d90537b6289b9f9bc6bde1791c2125b9efac33a90700389eaa7a5662,Org1MSP,Func4,"[11338"",""1133800"",""14138"",""1413800""]""",Org1MSP Org2MSP ,VALID,, 11338 14138,,WT,108,10643,0
2022-04-07T17:24:25.089Z,0498462b09208c4fb3e20634ffeec85a174f28434d3f6d07dc181298dce6804a,Org1MSP,Func1,"[4752"",""179""]""",Org1MSP Org2MSP ,VALID, 179 4752,,,RT,108,10585,0
2022-04-07T17:24:25.089Z,4f784fb40f6b5714f5b6a93d0c28bf8ac21a09b9b35e8f88bf9fd56b47fea0f8,Org1MSP,Func4,"[10176"",""1017600"",""11048"",""1104800""]""",Org1MSP Org2MSP ,VALID,, 10176 11048,,WT,108,10607,0
2022-04-07T17:24:25.089Z,a09eb6b60e20c0dcf420ba62d6be5c9a2a4725c6c70973b6d78b7ef97b62a714,Org1MSP,Func4,"[11858"",""1185800"",""10222"",""1022200""]""",Org1MSP Org2MSP ,VALID,, 10222 11858,,WT,108,10644,0
2022-04-07T17:24:25.090Z,9d602e5f32d70ae1ef92d9eb0dd51e07f64c245ac0c06fbdf72b28f4ed96047c,Org1MSP,Func4,"[10163"",""1016300"",""10070"",""1007000""]""",Org1MSP Org2MSP ,VALID,, 10070 10163,,WT,108,10641,0
2022-04-07T17:24:25.093Z,68c907f41e3db2488f94cf45e152ef2a652fb10a59a273ac772000e7a935ba3b,Org1MSP,Func4,"[10040"",""1004000"",""11886"",""1188600""]""",Org1MSP Org2MSP ,VALID,, 10040 11886,,WT,108,10620,0
2022-04-07T17:24:25.093Z,2b0adff52ae8ef49a7069fe7ca58004713471282408e512e5250be678dfb7e50,Org1MSP,Func1,"[5"",""1""]""",Org1MSP Org2MSP ,VALID, 1 5,,,RT,108,10679,0
2022-04-07T17:24:25.095Z,18e201fefb75736c08ebd1e7f11d0724e41d462dfce9c793cc93ad1b761b57ad,Org1MSP,Func4,"[10060"",""1006000"",""10118"",""1011800""]""",Org1MSP Org2MSP ,VALID,, 10060 10118,,WT,108,10590,0
2022-04-07T17:24:25.097Z,899e057e1f216fbf8487377dcd0f3d0235c14396c2b23a3ae87f7beb640204b0,Org1MSP,Func1,"[50"",""9""]""",Org1MSP Org2MSP ,VALID, 50 9,,,RT,108,10628,0
2022-04-07T17:24:25.101Z,e2a957f65bf441697526b77f15912fb035dfb07c2b02d3c8456c372578a20e6a,Org1MSP,Func4,"[10680"",""1068000"",""10016"",""1001600""]""",Org1MSP Org2MSP ,VALID,, 10016 10680,,WT,108,10669,0
2022-04-07T17:24:25.189Z,7d4840a9fe64a4b02b455e632a84cb035e8d164412655c84d849c06985b815ff,Org1MSP,Func4,"[12188"",""1218800"",""10357"",""1035700""]""",Org1MSP Org2MSP ,VALID,, 10357 12188,,WT,108,10624,0
2022-04-07T17:24:25.189Z,ef7fa3fdca31fede54b162d79f21e1bf93d18f5a338f6d17bcafbc80ad94999c,Org1MSP,Func4,"[14981"",""1498100"",""10011"",""1001100""]""",Org1MSP Org2MSP ,VALID,, 10011 14981,,WT,108,10670,0
2022-04-07T17:24:25.190Z,67454a2ff3bbf4563e5148e74cb702bf258f032324204ec0989e23a4ee4666f3,Org1MSP,Func4,"[14162"",""1416200"",""10392"",""1039200""]""",Org1MSP Org2MSP ,VALID,, 10392 14162,,WT,108,10618,0
2022-04-07T17:24:25.190Z,fb1f374c7e168df87e8a74e5d107bbc9fc0c0d7845c8c49b43a7c75935755b1c,Org1MSP,Func1,"[134"",""160""]""",Org1MSP Org2MSP ,VALID, 134 160,,,RT,108,10674,0
2022-04-07T17:24:25.192Z,1c303aaee632140b18acccb1345597636789699e087379d5425196f50278a8df,Org1MSP,Func4,"[10000"",""1000000"",""14177"",""1417700""]""",Org1MSP Org2MSP ,VALID,, 10000 14177,,WT,108,10592,0
2022-04-07T17:24:25.192Z,d6858ceaafbd5e63de450eace0bd138dd821d31042fc91dbae334c60efd58c11,Org1MSP,Func4,"[10279"",""1027900"",""10080"",""1008000""]""",Org1MSP Org2MSP ,VALID,, 10080 10279,,WT,108,10667,0
2022-04-07T17:24:25.194Z,9d40b3b2af763385d2be063091b4e66ff55e8e0334ebd9a197d239a1320a2304,Org1MSP,Func4,"[10024"",""1002400"",""10264"",""1026400""]""",Org1MSP Org2MSP ,VALID,, 10024 10264,,WT,108,10640,0
2022-04-07T17:24:25.196Z,b488fc39a867f8ef2b0ebccc7a704453c8e50b356495ce96698bc52c55834439,Org1MSP,Func4,"[10033"",""1003300"",""10008"",""1000800""]""",Org1MSP Org2MSP ,VALID,, 10008 10033,,WT,108,10651,0
2022-04-07T17:24:25.197Z,6874c64fc1c6dbcf8c7011ab4460559fe9aa5b96c835eb6b456edc7d248c6741,Org1MSP,Func4,"[10042"",""1004200"",""10023"",""1002300""]""",Org1MSP Org2MSP ,VALID,, 10023 10042,,WT,108,10619,0
2022-04-07T17:24:25.289Z,c33d0679f0b65599d2d2f17224611a5002c5f3dc3e74dd3d5aa874fda034fc97,Org1MSP,Func4,"[14313"",""1431300"",""10000"",""1000000""]""",Org1MSP Org2MSP ,VALID,, 10000 14313,,WT,108,10661,0
2022-04-07T17:24:25.289Z,c84a52ddb794846b448354771be89b580b199ec054648a7434d551a9fd3076ae,Org1MSP,Func4,"[10087"",""1008700"",""10026"",""1002600""]""",Org1MSP Org2MSP ,VALID,, 10026 10087,,WT,108,10664,0
2022-04-07T17:24:25.290Z,4d86b47c53b18bf4e93b1c47f0db8a40e31f37c44615762471b1ba474486509e,Org1MSP,Func4,"[10000"",""1000000"",""11547"",""1154700""]""",Org1MSP Org2MSP ,VALID,, 10000 11547,,WT,109,10712,0
2022-04-07T17:24:25.290Z,5866885dcf5626968d0aac4e75a7c50fe56d47c5131b3da9cc476a70cad3e68a,Org1MSP,Func7,"[638"",""100"",""7"",""100""]""",Org1MSP Org2MSP ,VALID, 638 7, 638 7,,UT,109,10779,0
2022-04-07T17:24:25.292Z,555a5f8938e631869b1b7ac391e2a7bd32bf05cbd43a9e18442c037b06e599dc,Org1MSP,Func4,"[10056"",""1005600"",""11899"",""1189900""]""",Org1MSP Org2MSP ,VALID,, 10056 11899,,WT,108,10610,0
2022-04-07T17:24:25.293Z,7defd48cb5178e18a1dd04b4ea4340371b235f780012b8bef1c8385a2af6573a,Org1MSP,Func4,"[10000"",""1000000"",""10283"",""1028300""]""",Org1MSP Org2MSP ,VALID,, 10000 10283,,WT,108,10626,0
2022-04-07T17:24:25.295Z,36679d725d3377e92ae4188a89ab7567622725eb80bd22d56c09f9d5eceb2502,Org1MSP,Func4,"[10002"",""1000200"",""11476"",""1147600""]""",Org1MSP Org2MSP ,VALID,, 10002 11476,,WT,109,10703,0
2022-04-07T17:24:25.297Z,9340c6b13e3c50d663981485f0d7ada15090c2ac4f05cef125d1f85d428c34f3,Org1MSP,Func7,"[66"",""100"",""87"",""100""]""",Org1MSP Org2MSP ,VALID, 66 87, 66 87,,UT,108,10631,0
2022-04-07T17:24:25.300Z,6e056f27e05eb3c9b22572784d8781b6a87142f1bd8f9d062119b94a65a0b757,Org1MSP,Func7,"[1268"",""100"",""694"",""100""]""",Org1MSP Org2MSP ,VALID, 1268 694, 1268 694,,UT,109,10726,0
2022-04-07T17:24:25.389Z,b63a2f116d7c138f000f9f922b734499ab3090a1eea780633dc4d16895df1de3,Org1MSP,Func4,"[10100"",""1010000"",""10244"",""1024400""]""",Org1MSP Org2MSP ,VALID,, 10100 10244,,WT,109,10750,0
2022-04-07T17:24:25.389Z,e1a9a7d17f7b1feb6736a5cf7de4ca469d54dda4cbbc0af35745ded8473cc13c,Org1MSP,Func4,"[16181"",""1618100"",""11786"",""1178600""]""",Org1MSP Org2MSP ,VALID,, 11786 16181,,WT,109,10763,0
2022-04-07T17:24:25.391Z,605cc7bedf8fe5716967c82d0564db03f185905d662e99860a75aadedae1b6d6,Org1MSP,Func4,"[10030"",""1003000"",""13896"",""1389600""]""",Org1MSP Org2MSP ,VALID,, 10030 13896,,WT,109,10720,0
2022-04-07T17:24:25.392Z,3a0d27016f1f43d9cf08c0ee1ff96b5f3bec600019fcd4d4723d5c97a90faf3b,Org1MSP,Func4,"[10356"",""1035600"",""10429"",""1042900""]""",Org1MSP Org2MSP ,VALID,, 10356 10429,,WT,109,10706,0
2022-04-07T17:24:25.393Z,c194cb851173d99f34d9ed7725e9b4cf21afc9ce84b64bcf99b8318f9bbcea88,Org1MSP,Func4,"[10509"",""1050900"",""10001"",""1000100""]""",Org1MSP Org2MSP ,VALID,, 10001 10509,,WT,109,10751,0
2022-04-07T17:24:25.396Z,20134c37b0d3d004501ba25ee61dff74201f48dbe6cf0e101463de529fa95b72,Org1MSP,Func4,"[10274"",""1027400"",""10009"",""1000900""]""",Org1MSP Org2MSP ,VALID,, 10009 10274,,WT,109,10693,0
2022-04-07T17:24:25.397Z,e976abec8cf07712d9317533697f66883d24a9491f247b773f8e7c488b0f134e,Org1MSP,Func4,"[11813"",""1181300"",""15912"",""1591200""]""",Org1MSP Org2MSP ,VALID,, 11813 15912,,WT,109,10765,0
2022-04-07T17:24:25.399Z,803455b3916c8f392b392ebaab6608bf64d41877132069029abc9bfe38b4b97e,Org1MSP,Func7,"[4273"",""100"",""17"",""100""]""",Org1MSP Org2MSP ,VALID, 17 4273, 17 4273,,UT,109,10736,0
2022-04-07T17:24:25.489Z,2bad0f9de62049434df9f7d1f6e7dc38aea1b40a9c59d3fed76fe835ff491d5f,Org1MSP,Func4,"[10019"",""1001900"",""18857"",""1885700""]""",Org1MSP Org2MSP ,VALID,, 10019 18857,,WT,109,10700,0
2022-04-07T17:24:25.489Z,a0d00adaeb663aa1d7f6279f865903e06560b40f3782c1e58e11a990ec25ba79,Org1MSP,Func4,"[10086"",""1008600"",""12920"",""1292000""]""",Org1MSP Org2MSP ,VALID,, 10086 12920,,WT,109,10743,0
2022-04-07T17:24:25.490Z,1ba76ae1424a11cdcf1edc056e8005cfa7c148558cadd8509c1e277febd10d81,Org1MSP,Func1,"[8"",""2135""]""",Org1MSP Org2MSP ,VALID, 2135 8,,,RT,109,10691,0
2022-04-07T17:24:25.490Z,618c4b3add0015257c4d3bb1bd3cf365cab19bc593096dd52cc4b1f7c2e92c17,Org1MSP,Func1,"[9894"",""2732""]""",Org1MSP Org2MSP ,VALID, 2732 9894,,,RT,109,10721,0
2022-04-07T17:24:25.492Z,2d867cfa4d471824c8f30185fcab8688b47edd08d8330bc47633672d12b496bd,Org1MSP,Func4,"[10002"",""1000200"",""10003"",""1000300""]""",Org1MSP Org2MSP ,VALID,, 10002 10003,,WT,109,10701,0
2022-04-07T17:24:25.493Z,d72a59a7152722e802c22f1ea8905c414c598351bc0a9d4e1578f4e3bee4f983,Org1MSP,Func4,"[10005"",""1000500"",""10007"",""1000700""]""",Org1MSP Org2MSP ,VALID,, 10005 10007,,WT,109,10760,0
2022-04-07T17:24:25.495Z,ad06bfa0e5939f99ad4d5053aa5d778dbc0ce198c62705479f13394a7daa953c,Org1MSP,Func4,"[11359"",""1135900"",""10001"",""1000100""]""",Org1MSP Org2MSP ,VALID,, 10001 11359,,WT,109,10747,0
2022-04-07T17:24:25.496Z,55c1250dded7b29eed472c4d52543dafd3b71f30243a16bc52f43c52cbc1eaeb,Org1MSP,Func4,"[10342"",""1034200"",""10052"",""1005200""]""",Org1MSP Org2MSP ,VALID,, 10052 10342,,WT,109,10717,0
2022-04-07T17:24:25.497Z,f09b6baad02a559e1a1a97776a104757274b26d5747e60dfc9e5043d72c9420e,Org1MSP,Func4,"[10182"",""1018200"",""10107"",""1010700""]""",Org1MSP Org2MSP ,VALID,, 10107 10182,,WT,109,10767,0
2022-04-07T17:24:25.499Z,fa8122acb0bafadc1902fd6431ad27c29fba8d81e1ebe4cbd1c7834736d05d45,Org1MSP,Func4,"[10028"",""1002800"",""10000"",""1000000""]""",Org1MSP Org2MSP ,VALID,, 10000 10028,,WT,109,10772,0
2022-04-07T17:24:25.589Z,b475ff3640631ae80c9521312f79f154a62577a5ac2ba358e1042dac3ffce60f,Org1MSP,Func4,"[11685"",""1168500"",""11028"",""1102800""]""",Org1MSP Org2MSP ,VALID,, 11028 11685,,WT,109,10749,0
2022-04-07T17:24:25.590Z,325885a8b827eab6d4f1d9fc7a6645d91c261ee9d95a8d9468882b204c2c4f05,Org1MSP,Func1,"[2"",""192""]""",Org1MSP Org2MSP ,VALID, 192 2,,,RT,109,10702,0
2022-04-07T17:24:25.590Z,73f2732f5e63a83f2ce7afd7ee1afdc51286bbb9db454fb0c155f425b64c435e,Org1MSP,Func1,"[4228"",""10""]""",Org1MSP Org2MSP ,VALID, 10 4228,,,RT,109,10730,0
2022-04-07T17:24:25.592Z,2948b8af2e9065fc770131ec7e2cb3e98f3ee7453c5d9e9568bf6f3b707aad17,Org1MSP,Func4,"[10002"",""1000200"",""10000"",""1000000""]""",Org1MSP Org2MSP ,VALID,, 10000 10002,,WT,109,10697,0
2022-04-07T17:24:25.592Z,80175740cc88fcdaee5b99bca3cf763ce701a755a40bc4b630363b3e674dea43,Org1MSP,Func4,"[10423"",""1042300"",""10052"",""1005200""]""",Org1MSP Org2MSP ,VALID,, 10052 10423,,WT,109,10735,0
2022-04-07T17:24:25.595Z,53878aa53c1cdd63fd18d1d70f0a08434917cf1ccaae346d0691c4609016b59a,Org1MSP,Func1,"[1"",""257""]""",Org1MSP Org2MSP ,VALID, 1 257,,,RT,109,10716,0
2022-04-07T17:24:25.595Z,6814858656848152c4643b33b8fba38af9aae0827dd4aefc79c798c87e56af24,Org1MSP,Func4,"[12908"",""1290800"",""10001"",""1000100""]""",Org1MSP Org2MSP ,VALID,, 10001 12908,,WT,109,10723,0
2022-04-07T17:24:25.596Z,16aef2395baeab6f20bdf6a19a9591fb7945c67e43ea228fd0dbcbecf879f30b,Org1MSP,Func4,"[10006"",""1000600"",""10629"",""1062900""]""",Org1MSP Org2MSP ,VALID,, 10006 10629,,WT,109,10690,0
2022-04-07T17:24:25.597Z,0a512d7b2779321f002c3c8fef326e7acffb1df48df757fdb34275450400d80c,Org1MSP,Func4,"[10002"",""1000200"",""10044"",""1004400""]""",Org1MSP Org2MSP ,VALID,, 10002 10044,,WT,109,10685,0
2022-04-07T17:24:25.598Z,1421362814f66d88aa5ab0f0a465066c2a9745f8a5205dc35a1980eb0f915766,Org1MSP,Func4,"[10002"",""1000200"",""10022"",""1002200""]""",Org1MSP Org2MSP ,VALID,, 10002 10022,,WT,109,10687,0
2022-04-07T17:24:25.689Z,70314e06f930be6179df2d5a10f28b5bbc32f23e581122443d5ee12938cb354c,Org1MSP,Func4,"[10004"",""1000400"",""10068"",""1006800""]""",Org1MSP Org2MSP ,VALID,, 10004 10068,,WT,109,10728,0
2022-04-07T17:24:25.689Z,c713e840ff4f58bdcc0de922ff03cfa1c6088bdd1ad847e6555364c09c7b90a3,Org1MSP,Func4,"[11198"",""1119800"",""10005"",""1000500""]""",Org1MSP Org2MSP ,VALID,, 10005 11198,,WT,109,10755,0
2022-04-07T17:24:25.690Z,c7e7717401e6e3d9e2cd7a08e5aca0a7d64d750606e27f9ac5d4f48286e1c09e,Org1MSP,Func4,"[10030"",""1003000"",""10003"",""1000300""]""",Org1MSP Org2MSP ,VALID,, 10003 10030,,WT,109,10756,0
2022-04-07T17:24:25.691Z,634cf79f57afa7132e83bd5de260c999c9502b209d9c2dc35b8021be0b54c472,Org1MSP,Func4,"[10955"",""1095500"",""10006"",""1000600""]""",Org1MSP Org2MSP ,VALID,, 10006 10955,,WT,109,10722,0
2022-04-07T17:24:25.692Z,5c1b62a453e158fdfd4679e1e45b4a41d58e056456a101782778e4067bba53a8,Org1MSP,Func4,"[10341"",""1034100"",""14616"",""1461600""]""",Org1MSP Org2MSP ,VALID,, 10341 14616,,WT,109,10718,0
2022-04-07T17:24:25.694Z,ee44cb27ddba312d987f50f9a30a30c5e4549668901d58c95b29b04387513a8c,Org1MSP,Func7,"[1"",""100"",""27"",""100""]""",Org1MSP Org2MSP ,VALID, 1 27, 1 27,,UT,109,10778,0
2022-04-07T17:24:25.695Z,a8e28c810e8b62afb864a7d9946d199da1bdee6fbc9255fb34dca7c36bf37557,Org1MSP,Func4,"[10002"",""1000200"",""10014"",""1001400""]""",Org1MSP Org2MSP ,VALID,, 10002 10014,,WT,109,10744,0
2022-04-07T17:24:25.696Z,cfb7607128112972b526ffe2be0dbf0be81842d4e454277fd357c300c24db36d,Org1MSP,Func4,"[10001"",""1000100"",""10000"",""1000000""]""",Org1MSP Org2MSP ,VALID,, 10000 10001,,WT,109,10758,0
2022-04-07T17:24:25.698Z,28e4a1a126a2a723e5513df8ebe6b89940f3ee7cab81079f0823526ea756f5ae,Org1MSP,Func4,"[10031"",""1003100"",""10007"",""1000700""]""",Org1MSP Org2MSP ,VALID,, 10007 10031,,WT,109,10696,0
2022-04-07T17:24:25.699Z,23f66ed0580d2a093903bc41ed2f554802cf00ef9d543d67dc2cbf667beedc7f,Org1MSP,Func4,"[10007"",""1000700"",""10052"",""1005200""]""",Org1MSP Org2MSP ,VALID,, 10007 10052,,WT,109,10695,0
2022-04-07T17:24:25.789Z,49a95800e2ff83b135fc7dd28ebac5de56fcc7522979018175497b4d9088ec37,Org1MSP,Func4,"[10064"",""1006400"",""11271"",""1127100""]""",Org1MSP Org2MSP ,VALID,, 10064 11271,,WT,109,10710,0
2022-04-07T17:24:25.789Z,cda675d3044b295e1d44396a7601b707417c6e593d699496e47ee9c013ed622c,Org1MSP,Func7,"[4"",""100"",""2354"",""100""]""",Org1MSP Org2MSP ,VALID, 2354 4, 2354 4,,UT,109,10757,0
2022-04-07T17:24:25.790Z,915d8f3f81854bdd9aecc1296d680c694517358cb36c7f2cb53b6985d376352f,Org1MSP,Func1,"[351"",""191""]""",Org1MSP Org2MSP ,VALID, 191 351,,,RT,109,10740,0
2022-04-07T17:24:25.790Z,66df6c98f987e243ab0c18b0fccb38d77da63701a24f94010032d294bb2062ca,Org1MSP,Func1,"[163"",""1""]""",Org1MSP Org2MSP ,VALID, 1 163,,,RT,109,10775,0
2022-04-07T17:24:25.793Z,7e253a40d8edd3e1b35c31c88e9d7b1c6ce33940d6f593ed79055a7483467cec,Org1MSP,Func4,"[10026"",""1002600"",""10717"",""1071700""]""",Org1MSP Org2MSP ,VALID,, 10026 10717,,WT,109,10734,0
2022-04-07T17:24:25.793Z,eb7f4c8e6732d070fce90418c2b65ac8518b63da3bc1d7abe15f9e18a70d32d7,Org1MSP,Func4,"[10004"",""1000400"",""10112"",""1011200""]""",Org1MSP Org2MSP ,VALID,, 10004 10112,,WT,109,10766,0
2022-04-07T17:24:25.797Z,d6e62c18c4692adbb5d43d9a337ebb3cfd77cee1750b4a6e94288d3652bc9bd8,Org1MSP,Func4,"[13738"",""1373800"",""10295"",""1029500""]""",Org1MSP Org2MSP ,VALID,, 10295 13738,,WT,109,10759,0
2022-04-07T17:24:25.798Z,ab2aa45c699508425a57986c3d5a3c571e83a46e51c7bc0011899c85efa8a4d5,Org1MSP,Func4,"[10033"",""1003300"",""10354"",""1035400""]""",Org1MSP Org2MSP ,VALID,, 10033 10354,,WT,109,10745,0
2022-04-07T17:24:25.798Z,c36c02fa0a2cce9099e68c15b5314e0c84768fff7eafab024243b018cb041207,Org1MSP,Func4,"[10003"",""1000300"",""10000"",""1000000""]""",Org1MSP Org2MSP ,VALID,, 10000 10003,,WT,109,10753,0
2022-04-07T17:24:25.889Z,38e02cc476ea331a32cb8a762e3b7cacdcce2e6193fb591f9a8a59dee3bb989d,Org1MSP,Func4,"[10121"",""1012100"",""10798"",""1079800""]""",Org1MSP Org2MSP ,VALID,, 10121 10798,,WT,109,10704,0
2022-04-07T17:24:25.889Z,f1ff210f9a1ddb51e580f6e8d741bd95d040037bff8e465ea60eb242f05ddfc7,Org1MSP,Func7,"[3"",""100"",""2"",""100""]""",Org1MSP Org2MSP ,VALID, 2 3, 2 3,,UT,109,10777,0
2022-04-07T17:24:25.890Z,4eb39f0e8cd20e063ec22413b02e950bef323f8e846b8488e6fb6049ccac8d86,Org1MSP,Func4,"[14204"",""1420400"",""10002"",""1000200""]""",Org1MSP Org2MSP ,VALID,, 10002 14204,,WT,109,10714,0
2022-04-07T17:24:25.890Z,ab9123221b641ebd7f8e9d4f06107c06fe2669c2bbe5d7846c232fbbb1d0ee95,Org1MSP,Func4,"[10004"",""1000400"",""11950"",""1195000""]""",Org1MSP Org2MSP ,VALID,, 10004 11950,,WT,109,10746,0
2022-04-07T17:24:25.893Z,9d04287e3a5381f970750303d8a4b79547d231696620c70d0febcb1983ffeefc,Org1MSP,Func1,"[5415"",""70""]""",Org1MSP Org2MSP ,VALID, 5415 70,,,RT,109,10742,0
2022-04-07T17:24:25.894Z,8b95a050cd99ecb0e237a38e71a1f184f0284281ca3c4ea2eb029ba24734d396,Org1MSP,Func7,"[12"",""100"",""991"",""100""]""",Org1MSP Org2MSP ,VALID, 12 991, 12 991,,UT,109,10738,0
2022-04-07T17:24:25.895Z,9a834ec6e001b81900a4212ce3bd6be8397d0a9ae0a1e7e85ffc618b6b3ad7ce,Org1MSP,Func1,"[5"",""8""]""",Org1MSP Org2MSP ,VALID, 5 8,,,RT,109,10741,0
2022-04-07T17:24:25.900Z,d9b08b41b0f3576ad70ccc72c0b89911044ad6c904433a1f0a408fb4befecac5,Org1MSP,Func4,"[10091"",""1009100"",""10042"",""1004200""]""",Org1MSP Org2MSP ,VALID,, 10042 10091,,WT,109,10761,0
2022-04-07T17:24:25.902Z,1d835f7c52f008f6d2becff22d3061ba03e1ccbd233594b3a277a06b35fc3934,Org1MSP,Func1,"[1799"",""217""]""",Org1MSP Org2MSP ,VALID, 1799 217,,,RT,109,10692,0
2022-04-07T17:24:25.904Z,c6fe87d68fce49df6b28c7fc4b42d2a22916b9349cd5d26ff79c6385c30a5951,Org1MSP,Func4,"[10774"",""1077400"",""10535"",""1053500""]""",Org1MSP Org2MSP ,VALID,, 10535 10774,,WT,109,10754,0
2022-04-07T17:24:25.989Z,084fa6b8e1bcc614634e20575fbfe4412d2bb4da577548afb5d65d97b78761dd,Org1MSP,Func4,"[10007"",""1000700"",""10329"",""1032900""]""",Org1MSP Org2MSP ,VALID,, 10007 10329,,WT,109,10684,0
2022-04-07T17:24:25.989Z,c213790a1fb3f1282f221bc6a08541045d27fb427bc915cca0ec812262d0545f,Org1MSP,Func4,"[10307"",""1030700"",""10001"",""1000100""]""",Org1MSP Org2MSP ,VALID,, 10001 10307,,WT,109,10752,0
2022-04-07T17:24:25.990Z,39afb2bc858d6c299a964725342a1d6d8e9c6f0281911bfbb2f44fd83b1745b1,Org1MSP,Func4,"[10010"",""1001000"",""13067"",""1306700""]""",Org1MSP Org2MSP ,VALID,, 10010 13067,,WT,109,10705,0
2022-04-07T17:24:25.990Z,79d8c6790c3a1f81b3eec62735076a4d2869fe825f4ab4ff573350eec7d31ff1,Org1MSP,Func4,"[10000"",""1000000"",""13677"",""1367700""]""",Org1MSP Org2MSP ,VALID,, 10000 13677,,WT,109,10733,0
2022-04-07T17:24:25.992Z,f83da123bd581f9bc39d14dca3bf928dbf56828745b27d19974bcf40d7b76dae,Org1MSP,Func4,"[10001"",""1000100"",""10292"",""1029200""]""",Org1MSP Org2MSP ,VALID,, 10001 10292,,WT,109,10770,0
2022-04-07T17:24:25.994Z,14bf18d201207d816acc20306c687609c25756799b319e6f61644f04c87377e3,Org1MSP,Func4,"[10000"",""1000000"",""10023"",""1002300""]""",Org1MSP Org2MSP ,VALID,, 10000 10023,,WT,109,10688,0
2022-04-07T17:24:25.995Z,f3180fbc2e9309d5a39d92b9daa6aed9d93dab8d55861b451cd29de99b43b041,Org1MSP,Func4,"[10161"",""1016100"",""10377"",""1037700""]""",Org1MSP Org2MSP ,VALID,, 10161 10377,,WT,109,10769,0
2022-04-07T17:24:25.996Z,0567c56aeeeb1024b3732a04cbd120221434a43ab9be65d1ca0a62270eb8ce61,Org1MSP,Func4,"[10000"",""1000000"",""13174"",""1317400""]""",Org1MSP Org2MSP ,VALID,, 10000 13174,,WT,109,10683,0
2022-04-07T17:24:25.998Z,4a9357b04693f753a46c7273450f20798d8644d33ec5d72d74b8530eb7d4d313,Org1MSP,Func4,"[10173"",""1017300"",""10037"",""1003700""]""",Org1MSP Org2MSP ,VALID,, 10037 10173,,WT,109,10711,0
2022-04-07T17:24:25.998Z,9038c651af4bb113174c2f68ad6b6914b821074b1ad59f02a52fcd7de850eed7,Org1MSP,Func4,"[10029"",""1002900"",""10001"",""1000100""]""",Org1MSP Org2MSP ,VALID,, 10001 10029,,WT,109,10739,0
2022-04-07T17:24:26.089Z,15512fb2c161bec2ab089af1dd93fab720ae6b86b49450e002e6605eb9b68bce,Org1MSP,Func1,"[974"",""642""]""",Org1MSP Org2MSP ,VALID, 642 974,,,RT,109,10689,0
2022-04-07T17:24:26.089Z,29b902bf2476af9c9ecec5877fcdfc5c568bcf0d25ce370c01c5bfe1727583bc,Org1MSP,Func4,"[10029"",""1002900"",""10010"",""1001000""]""",Org1MSP Org2MSP ,VALID,, 10010 10029,,WT,109,10698,0
2022-04-07T17:24:26.089Z,02411d6fd4a026b7c5430945613179758938c5344f30455d35f77fc4dfbe8f78,Org1MSP,Func1,"[1"",""7""]""",Org1MSP Org2MSP ,VALID, 1 7,,,RT,109,10776,0
2022-04-07T17:24:26.092Z,3b87f07040216c5798892cec2a511698435d63dafe59e882c189badbd65b31a4,Org1MSP,Func7,"[15"",""100"",""601"",""100""]""",Org1MSP Org2MSP ,VALID, 15 601, 15 601,,UT,109,10707,0
2022-04-07T17:24:26.093Z,229a92dba12c1d7d38b16c0b2f04e81780a20e1c0d9014b7abb9b6725ab413b0,Org1MSP,Func1,"[139"",""3314""]""",Org1MSP Org2MSP ,VALID, 139 3314,,,RT,109,10694,0
2022-04-07T17:24:26.094Z,42fc5e0021abb1ff75131858b47f5364cfda54804251f047c010fb66f32bc4ee,Org1MSP,Func4,"[10061"",""1006100"",""10317"",""1031700""]""",Org1MSP Org2MSP ,VALID,, 10061 10317,,WT,109,10708,0
2022-04-07T17:24:26.096Z,001359a1506898c34061747b60a652bd0d2eeb28ea81a48e90d3ff2887cf4521,Org1MSP,Func4,"[10019"",""1001900"",""10226"",""1022600""]""",Org1MSP Org2MSP ,VALID,, 10019 10226,,WT,109,10682,0
2022-04-07T17:24:26.098Z,735ac639e351ef04b69ed3a7415545def0c7312740f0d7cdf99c1ac29a47de7a,Org1MSP,Func4,"[13735"",""1373500"",""10280"",""1028000""]""",Org1MSP Org2MSP ,VALID,, 10280 13735,,WT,109,10729,0
2022-04-07T17:24:26.101Z,f8920b4e9254edbba63b3e2368c7f5b4cfee3ffbe4c8557f7d707c8eca72c810,Org1MSP,Func1,"[5749"",""279""]""",Org1MSP Org2MSP ,VALID, 279 5749,,,RT,109,10771,0
2022-04-07T17:24:26.189Z,77b8b75a401e6de33b76e878a3655401a23d44013a7090491fb4aec5435d23b8,Org1MSP,Func4,"[10344"",""1034400"",""10169"",""1016900""]""",Org1MSP Org2MSP ,VALID,, 10169 10344,,WT,109,10731,0
2022-04-07T17:24:26.189Z,8048fe22d079b3482615c239ef01d2c6f40499fc3ba9cf2d702d561000969257,Org1MSP,Func7,"[3785"",""100"",""8828"",""100""]""",Org1MSP Org2MSP ,VALID, 3785 8828, 3785 8828,,UT,109,10737,0
2022-04-07T17:24:26.191Z,6ec25f2a1152cf486e8502afc574154652d508458876daba788c718b9e8abdd2,Org1MSP,Func4,"[10001"",""1000100"",""10000"",""1000000""]""",Org1MSP Org2MSP ,VALID,, 10000 10001,,WT,109,10727,0
2022-04-07T17:24:26.192Z,4dc9bbff3a245feb3410ca3c21eefb988592b6f8b6517f632ba3d2a0b5d32338,Org1MSP,Func4,"[10017"",""1001700"",""10539"",""1053900""]""",Org1MSP Org2MSP ,VALID,, 10017 10539,,WT,109,10713,0
2022-04-07T17:24:26.192Z,78f24e2b0853a14e32caf8aedc28a375f24d463a0ef2e54468fc80e42b145efb,Org1MSP,Func4,"[10001"",""1000100"",""10002"",""1000200""]""",Org1MSP Org2MSP ,VALID,, 10001 10002,,WT,109,10732,0
2022-04-07T17:24:26.194Z,20db85764477073f15c4085683c0d0a4972da2c511e72bd9c8268dae4451aed6,Org1MSP,Func1,"[858"",""2""]""",Org1MSP Org2MSP ,VALID, 2 858,,,RT,109,10773,0
2022-04-07T17:24:26.196Z,e236a157d4f0cf408c71af14aeeb8f76b831c53c2c5d7cc0ee555815efb46191,Org1MSP,Func4,"[10767"",""1076700"",""10000"",""1000000""]""",Org1MSP Org2MSP ,VALID,, 10000 10767,,WT,109,10764,0
2022-04-07T17:24:26.197Z,516ab10f0280e9937b90d622d84d386107234a318aa658d810a6e776f50c4a9b,Org1MSP,Func4,"[10040"",""1004000"",""10010"",""1001000""]""",Org1MSP Org2MSP ,VALID,, 10010 10040,,WT,109,10715,0
2022-04-07T17:24:26.199Z,6c9b4c254a8dc36ed670bfa32032dbbf88f36313814ebeee7fe9b15687db9401,Org1MSP,Func4,"[10094"",""1009400"",""17577"",""1757700""]""",Org1MSP Org2MSP ,VALID,, 10094 17577,,WT,109,10725,0
2022-04-07T17:24:26.289Z,2a676f73aec0d1f816fa0bd3dd638798bedf8fb7c87994b5c6f2a200c02ffef1,Org1MSP,Func4,"[10000"",""1000000"",""10399"",""1039900""]""",Org1MSP Org2MSP ,VALID,, 10000 10399,,WT,109,10699,0
2022-04-07T17:24:26.289Z,5e418d4a00784af5548ebf73f027bd012e936037e5c6cab31570ad01ff9f2e75,Org1MSP,Func4,"[10384"",""1038400"",""10942"",""1094200""]""",Org1MSP Org2MSP ,VALID,, 10384 10942,,WT,109,10719,0
2022-04-07T17:24:26.289Z,da3ab3cea2892d13f73373c591bf58a97c6c5064548e92c8f618129584d88967,Org1MSP,Func4,"[10014"",""1001400"",""10068"",""1006800""]""",Org1MSP Org2MSP ,VALID,, 10014 10068,,WT,109,10762,0
2022-04-07T17:24:26.291Z,69edb2e8de16c22acb416cf3e9b85b7bb32e8671e6fee51cc21db7532214213e,Org1MSP,Func4,"[11087"",""1108700"",""15792"",""1579200""]""",Org1MSP Org2MSP ,VALID,, 11087 15792,,WT,109,10724,0
2022-04-07T17:24:26.293Z,b2cd58e17b2cdd17b4dee17cb28ff6275162ec57fee36868d091d6df0cb12f49,Org1MSP,Func4,"[13727"",""1372700"",""10464"",""1046400""]""",Org1MSP Org2MSP ,VALID,, 10464 13727,,WT,109,10748,0
2022-04-07T17:24:26.293Z,64874fc068f207da87802e2e02f9f42f7fd6bfd8739299c962a05e735aae4b8d,Org1MSP,Func1,"[8646"",""2""]""",Org1MSP Org2MSP ,VALID, 2 8646,,,RT,109,10774,0
2022-04-07T17:24:26.294Z,118a62b0bfa53e68de523994af057f1955e8bd489cd61c85dbcf15c248f5a89d,Org1MSP,Func4,"[17191"",""1719100"",""10012"",""1001200""]""",Org1MSP Org2MSP ,VALID,, 10012 17191,,WT,109,10686,0
2022-04-07T17:24:26.296Z,46468ebbc5529f71a57fd87d03644a1a0dab87a2dbe47c44f12c08a55d0e8074,Org1MSP,Func4,"[11197"",""1119700"",""10000"",""1000000""]""",Org1MSP Org2MSP ,VALID,, 10000 11197,,WT,109,10709,0
2022-04-07T17:24:26.298Z,f1ffff8f8011e01d7afd6747c10d4bc6a57b747dae20464d9fc132dcf2ac7848,Org1MSP,Func4,"[10000"",""1000000"",""14757"",""1475700""]""",Org1MSP Org2MSP ,VALID,, 10000 14757,,WT,109,10768,0
2022-04-07T17:24:26.388Z,d4a955ee7e60ab9635455483877409bab0279b8dd81aae0ac7a0c7f8b8ca334e,Org1MSP,Func4,"[10001"",""1000100"",""10001"",""1000100""]""",Org1MSP Org2MSP ,VALID,, 10001,,WT,110,10856,0
2022-04-07T17:24:26.389Z,313ae11e6f5af7960e120d68dac7998d598bba3950fcc13ab16c0a14f3cc9f29,Org1MSP,Func7,"[11"",""100"",""470"",""100""]""",Org1MSP Org2MSP ,VALID, 11 470, 11 470,,UT,110,10793,0
2022-04-07T17:24:26.389Z,759ca70cbdea550c9edc07e4597d55459dffd5c703b6cdf0c6887d1fc9129633,Org1MSP,Func4,"[10004"",""1000400"",""17222"",""1722200""]""",Org1MSP Org2MSP ,VALID,, 10004 17222,,WT,110,10819,0
2022-04-07T17:24:26.392Z,28191b9aff91c1e101c907afb16f5d305ab0f89d3e6e66484b767eb3cdb86927,Org1MSP,Func4,"[10025"",""1002500"",""10006"",""1000600""]""",Org1MSP Org2MSP ,VALID,, 10006 10025,,WT,110,10789,0
2022-04-07T17:24:26.392Z,3576e9f5b6df1d3a17421587f223f7dc422c0e0874337ee728fe0f5f3fc0c3e2,Org1MSP,Func1,"[4401"",""418""]""",Org1MSP Org2MSP ,VALID, 418 4401,,,RT,110,10796,0
2022-04-07T17:24:26.393Z,9626a25e5aeac511102e43d6ca7c29b7b2a547db1ee6870ff78d9c8019f30e21,Org1MSP,Func4,"[10001"",""1000100"",""15867"",""1586700""]""",Org1MSP Org2MSP ,VALID,, 10001 15867,,WT,110,10833,0
2022-04-07T17:24:26.397Z,7877be51747d535637ad33aed285322e4c90f1636b0c0b26c0945a6b72535ac0,Org1MSP,Func4,"[10002"",""1000200"",""10598"",""1059800""]""",Org1MSP Org2MSP ,VALID,, 10002 10598,,WT,110,10821,0
2022-04-07T17:24:26.397Z,bb15c2aed1145b9afdc14ef2152340d21f7167c3feb58870dbc8eaf03417b18b,Org1MSP,Func4,"[10045"",""1004500"",""10201"",""1020100""]""",Org1MSP Org2MSP ,VALID,, 10045 10201,,WT,110,10844,0
2022-04-07T17:24:26.398Z,027a3426c68cc75a0d338d0279a28ab45f8d296065c7f9e733d5157fc7af5d46,Org1MSP,Func4,"[16556"",""1655600"",""11225"",""1122500""]""",Org1MSP Org2MSP ,VALID,, 11225 16556,,WT,110,10781,0
2022-04-07T17:24:26.399Z,2e5cf5c6d33f3cd9255e7f7e7fcddde47faa54cc666ebab3e3022d78ea70bb72,Org1MSP,Func1,"[2"",""5""]""",Org1MSP Org2MSP ,VALID, 2 5,,,RT,110,10792,0
2022-04-07T17:24:26.489Z,6801c892feae6e9577681a69720540533d6b0b03511c72bfc76a0fbec50f6c62,Org1MSP,Func1,"[1"",""410""]""",Org1MSP Org2MSP ,VALID, 1 410,,,RT,110,10814,0
2022-04-07T17:24:26.489Z,bfbbefc8ee0096984b73af173e2537463ae7d97a847ff2b165ac9061f6d99648,Org1MSP,Func7,"[326"",""100"",""65"",""100""]""",Org1MSP Org2MSP ,VALID, 326 65, 326 65,,UT,110,10846,0
2022-04-07T17:24:26.490Z,5ef66bc828763b6fa01332a355c93d27baa0478330471bb93a44bbbab863b044,Org1MSP,Func4,"[10012"",""1001200"",""10001"",""1000100""]""",Org1MSP Org2MSP ,VALID,, 10001 10012,,WT,110,10812,0
2022-04-07T17:24:26.490Z,99f66479fbbd34ea39bee1be0f32dd83b1c573e6c0dbe6864692c632eb31394a,Org1MSP,Func1,"[26"",""1""]""",Org1MSP Org2MSP ,VALID, 1 26,,,RT,110,10834,0
2022-04-07T17:24:26.492Z,015f6e545a4e695eccd192ed6548d6f6e5d99728d8a3ece9aad0012b4760c29b,Org1MSP,Func4,"[19387"",""1938700"",""10010"",""1001000""]""",Org1MSP Org2MSP ,VALID,, 10010 19387,,WT,110,10780,0
2022-04-07T17:24:26.494Z,84afb65d97d283cf0e2260c668bb8b4b8321ec15236bc2bdbfcc335b9eadeca2,Org1MSP,Func1,"[2"",""1866""]""",Org1MSP Org2MSP ,VALID, 1866 2,,,RT,110,10824,0
2022-04-07T17:24:26.494Z,9011372f42544401974c24e0cd0becc5b6a0c6bd5c9075a24915fb2a3c79ffa8,Org1MSP,Func4,"[14475"",""1447500"",""10151"",""1015100""]""",Org1MSP Org2MSP ,VALID,, 10151 14475,,WT,110,10830,0
2022-04-07T17:24:26.496Z,2c824690f42310dec1136a69a83ecf008ac3f76db0b85657d3d4538f775914cd,Org1MSP,Func7,"[50"",""100"",""1017"",""100""]""",Org1MSP Org2MSP ,VALID, 1017 50, 1017 50,,UT,110,10790,0
2022-04-07T17:24:26.497Z,e7c45019d21e052dccbf68f43e0d8947943d70930e8f9c50c788a41a1f9244ed,Org1MSP,Func4,"[15463"",""1546300"",""10192"",""1019200""]""",Org1MSP Org2MSP ,VALID,, 10192 15463,,WT,110,10859,0
2022-04-07T17:24:26.499Z,d10863e5fa5202aae138824f145083264d1045dbf64ecaecfc790be3928aea28,Org1MSP,Func1,"[368"",""13""]""",Org1MSP Org2MSP ,VALID, 13 368,,,RT,110,10855,0
2022-04-07T17:24:26.588Z,424d30b20acd460814a2f557a35dab6440c602c36ff30c2a95b05fe3d3119edb,Org1MSP,Func4,"[10002"",""1000200"",""10000"",""1000000""]""",Org1MSP Org2MSP ,VALID,, 10000 10002,,WT,110,10803,0
2022-04-07T17:24:26.589Z,5009a06c459a6bccd37fc62ea894c85f0b2b89bb599f3ad9705a6c2c933745b4,Org1MSP,Func4,"[10002"",""1000200"",""10034"",""1003400""]""",Org1MSP Org2MSP ,VALID,, 10002 10034,,WT,110,10806,0
2022-04-07T17:24:26.589Z,fbff7278e73445767f88e2ff01185035466462f02f9831cd4a404c1b02663db8,Org1MSP,Func4,"[10136"",""1013600"",""10005"",""1000500""]""",Org1MSP Org2MSP ,VALID,, 10005 10136,,WT,110,10864,0
2022-04-07T17:24:26.590Z,bac7db56b4db20a1b43e807137eb7d2a064eb106ed23abe90fb8a8f1be96ff7a,Org1MSP,Func4,"[10002"",""1000200"",""12725"",""1272500""]""",Org1MSP Org2MSP ,VALID,, 10002 12725,,WT,110,10843,0
2022-04-07T17:24:26.592Z,5b6277b840584d9b0e0798309c73e1e7af324dc8b3760e0769aaf2246f0ea74a,Org1MSP,Func4,"[10166"",""1016600"",""10212"",""1021200""]""",Org1MSP Org2MSP ,VALID,, 10166 10212,,WT,110,10810,0
2022-04-07T17:24:26.593Z,4df4b53f27b9d4f60ae4c119bdfd6365e19061ab729bac4a587ee033e9ba7e3a,Org1MSP,Func4,"[10006"",""1000600"",""10341"",""1034100""]""",Org1MSP Org2MSP ,VALID,, 10006 10341,,WT,110,10805,0
2022-04-07T17:24:26.596Z,0dbc602de2fdc35ed32937bb8c9b8716925b3520f301ce97bb556229705e8b56,Org1MSP,Func1,"[42"",""1""]""",Org1MSP Org2MSP ,VALID, 1 42,,,RT,110,10783,0
2022-04-07T17:24:26.599Z,c870b47f7fe113a8d0f3254c7054061ca9b2933de1a836d092ce33f1a370d80f,Org1MSP,Func1,"[9"",""129""]""",Org1MSP Org2MSP ,VALID, 129 9,,,RT,110,10850,0
2022-04-07T17:24:26.599Z,ca99c61c28893448d57aa12ee053085af98d535bb3757a2390c621f5c500a094,Org1MSP,Func4,"[10204"",""1020400"",""10381"",""1038100""]""",Org1MSP Org2MSP ,VALID,, 10204 10381,,WT,110,10852,0
2022-04-07T17:24:26.688Z,9f931ae373e88ef09055928dd69de002e9f178ca293336e157b81a0867789c43,Org1MSP,Func1,"[64"",""104""]""",Org1MSP Org2MSP ,VALID, 104 64,,,RT,110,10836,0
2022-04-07T17:24:26.690Z,8a0002a19ff008c57dc38305d8a4b1410ef9b9b268359b57a82fa66a3746bf8a,Org1MSP,Func4,"[10599"",""1059900"",""10094"",""1009400""]""",Org1MSP Org2MSP ,VALID,, 10094 10599,,WT,110,10827,0
2022-04-07T17:24:26.691Z,8e040370c2d8a7748012bfd128ed463aef5717fac1c93bb69a5e215b74420511,Org1MSP,Func4,"[10110"",""1011000"",""10000"",""1000000""]""",Org1MSP Org2MSP ,VALID,, 10000 10110,,WT,110,10829,0
2022-04-07T17:24:26.693Z,c2b1cad9c630ffe97dbe9eaa435f98fe23c77de6f8f83eee5b550c8f1953a2f8,Org1MSP,Func4,"[10002"",""1000200"",""10011"",""1001100""]""",Org1MSP Org2MSP ,VALID,, 10002 10011,,WT,110,10848,0
2022-04-07T17:24:26.694Z,319ed1819eae140cfaa3d6dfffe8e08063732b692b51d3dc3d47f7850af901c7,Org1MSP,Func4,"[10719"",""1071900"",""11490"",""1149000""]""",Org1MSP Org2MSP ,VALID,, 10719 11490,,WT,110,10794,0
2022-04-07T17:24:26.694Z,5b87f191a227c14dd5e96843e48f16bd1520c954b946732db939dfb99648333e,Org1MSP,Func7,"[34"",""100"",""758"",""100""]""",Org1MSP Org2MSP ,VALID, 34 758, 34 758,,UT,110,10811,0
2022-04-07T17:24:26.697Z,b48976062e93e11cb3fdde56f8aff490b392afa914bcb9e90c72c54e46e419f1,Org1MSP,Func4,"[13358"",""1335800"",""14034"",""1403400""]""",Org1MSP Org2MSP ,VALID,, 13358 14034,,WT,110,10838,0
2022-04-07T17:24:26.697Z,b4e9df6241cd7084badefbfbb8677b398cc4566ebd42431db33a69d5557390e6,Org1MSP,Func1,"[23"",""3442""]""",Org1MSP Org2MSP ,VALID, 23 3442,,,RT,110,10839,0
2022-04-07T17:24:26.698Z,34e810a6cb64691efa1d09cf4ef695a1c1f4ad81b285a4b6bb1c56c6acaf7784,Org1MSP,Func1,"[5881"",""8683""]""",Org1MSP Org2MSP ,VALID, 5881 8683,,,RT,110,10795,0
2022-04-07T17:24:26.698Z,5566e1f952e4a34a354fde7e3e15830b7e53af9734572ff5c6516a8d8c9d884f,Org1MSP,Func4,"[10760"",""1076000"",""10018"",""1001800""]""",Org1MSP Org2MSP ,VALID,, 10018 10760,,WT,110,10808,0
2022-04-07T17:24:26.789Z,5970a470d363c97f66ad237ce91cc4e1a62671f31ad7d64de4bd1a784ee6d699,Org1MSP,Func4,"[10008"",""1000800"",""10032"",""1003200""]""",Org1MSP Org2MSP ,VALID,, 10008 10032,,WT,110,10809,0
2022-04-07T17:24:26.789Z,cdcedc8ef6933355a6bd05081865595b75887453e3afb26beaf767aa99c1acbe,Org1MSP,Func4,"[10004"",""1000400"",""10925"",""1092500""]""",Org1MSP Org2MSP ,VALID,, 10004 10925,,WT,110,10853,0
2022-04-07T17:24:26.790Z,52535fa3d55244aa3ad97466dad50d364c34bb15db600c0a09a370d8c81e9994,Org1MSP,Func1,"[444"",""1259""]""",Org1MSP Org2MSP ,VALID, 1259 444,,,RT,110,10807,0
2022-04-07T17:24:26.792Z,2267f6ea672bda3b3ed48abefef3d79c64f660b87a376b3d6813fd10deea77d2,Org1MSP,Func1,"[234"",""2""]""",Org1MSP Org2MSP ,VALID, 2 234,,,RT,110,10868,0
2022-04-07T17:24:26.793Z,6cb4f33c35170f7c8c5d6de32fc3aa25680343aa4f25bc9bd5beff178b10ef4b,Org1MSP,Func7,"[1688"",""100"",""2"",""100""]""",Org1MSP Org2MSP ,VALID, 1688 2, 1688 2,,UT,110,10878,0
2022-04-07T17:24:26.794Z,3b1f80f797c60d8b3ab8056a234f62d3ce8e5610cc98998c9fa7f9ec7f94bfb1,Org1MSP,Func7,"[19"",""100"",""69"",""100""]""",Org1MSP Org2MSP ,VALID, 19 69, 19 69,,UT,110,10798,0
2022-04-07T17:24:26.794Z,ff66e065979fd9b905a261442e3731aa698d2ddc91d177f6fc4dea879799fd23,Org1MSP,Func7,"[452"",""100"",""301"",""100""]""",Org1MSP Org2MSP ,VALID, 301 452, 301 452,,UT,110,10867,0
2022-04-07T17:24:26.796Z,4c146041004f100542070648d4640ca63a2b0299ac199ca6d18181af107cdba1,Org1MSP,Func7,"[18"",""100"",""7364"",""100""]""",Org1MSP Org2MSP ,VALID, 18 7364, 18 7364,,UT,110,10804,0
2022-04-07T17:24:26.797Z,c9dc28e8eac93632878a4d0e8f420ea23be26e3c8755ff8c2e2af9bda5ad7d6b,Org1MSP,Func4,"[10148"",""1014800"",""10001"",""1000100""]""",Org1MSP Org2MSP ,VALID,, 10001 10148,,WT,110,10851,0
2022-04-07T17:24:26.798Z,6be279ab11567492082ced680691d8517ee34b9d3e0e74c3a3a304521d624b0e,Org1MSP,Func1,"[689"",""5218""]""",Org1MSP Org2MSP ,VALID, 5218 689,,,RT,110,10815,0
2022-04-07T17:24:26.889Z,dc73e2c503eaa7a677ea071a3a75c9e2cc24861a44fe72874ed01cd42a32fbb4,Org1MSP,Func1,"[513"",""4""]""",Org1MSP Org2MSP ,VALID, 4 513,,,RT,110,10857,0
2022-04-07T17:24:26.890Z,810c3d92a3ffdb0382f779149e2aad7df23349026fa60c38855288748919fba8,Org1MSP,Func4,"[10000"",""1000000"",""10002"",""1000200""]""",Org1MSP Org2MSP ,VALID,, 10000 10002,,WT,110,10822,0
2022-04-07T17:24:26.893Z,fd54ef11fb64a7f21a63a85b0302ee510d94456ab1f132942e5e5b2c772ef7cb,Org1MSP,Func1,"[2340"",""209""]""",Org1MSP Org2MSP ,VALID, 209 2340,,,RT,110,10865,0
2022-04-07T17:24:26.894Z,3d7548a991600271a5a216b06c19639700cc0b7df7c008d4849bc61ea67c0113,Org1MSP,Func1,"[7914"",""352""]""",Org1MSP Org2MSP ,VALID, 352 7914,,,RT,110,10801,0
2022-04-07T17:24:26.894Z,76d06f0f7e26ae529bbe8dbfea2a1ccd49d9c780bc74660a03113d1d6e8525e3,Org1MSP,Func4,"[10008"",""1000800"",""12619"",""1261900""]""",Org1MSP Org2MSP ,VALID,, 10008 12619,,WT,110,10820,0
2022-04-07T17:24:26.894Z,845fc4524b020892b50a4530910f34fd28211ef6de463a53cb25de06851c2167,Org1MSP,Func4,"[11463"",""1146300"",""11152"",""1115200""]""",Org1MSP Org2MSP ,VALID,, 11152 11463,,WT,110,10823,0
2022-04-07T17:24:26.896Z,a4e45ff349b855cb89e5a601f16ee15497be34de63c3121605fcb4da39ae3e7d,Org1MSP,Func4,"[16736"",""1673600"",""10021"",""1002100""]""",Org1MSP Org2MSP ,VALID,, 10021 16736,,WT,110,10837,0
2022-04-07T17:24:26.898Z,3724de11c69c1ea9d5fe5f142bdd34cad615df613ce1c8e3e5583525aeb50e43,Org1MSP,Func4,"[14752"",""1475200"",""10009"",""1000900""]""",Org1MSP Org2MSP ,VALID,, 10009 14752,,WT,110,10797,0
2022-04-07T17:24:26.900Z,0a49d6c578ec8bfee370ff49a29613d4c75a55ef016f5d412390b25ff4a147d0,Org1MSP,Func4,"[10000"",""1000000"",""10015"",""1001500""]""",Org1MSP Org2MSP ,VALID,, 10000 10015,,WT,110,10782,0
2022-04-07T17:24:26.989Z,b38beb798e407355a910396e71937a30a9e17aa5e176d0223acf3bc044cfe049,Org1MSP,Func7,"[1612"",""100"",""9"",""100""]""",Org1MSP Org2MSP ,VALID, 1612 9, 1612 9,,UT,110,10875,0
2022-04-07T17:24:26.990Z,7096c42eca4a40362767ef1fbc2152cd8b08a79c3aa1eed0d2fbb096dce51cb6,Org1MSP,Func4,"[10004"",""1000400"",""10010"",""1001000""]""",Org1MSP Org2MSP ,VALID,, 10004 10010,,WT,110,10816,0
2022-04-07T17:24:26.990Z,e61442277d892445a587a997af6a748fa05663bf3866bfbbae71267cebacfb6e,Org1MSP,Func4,"[11348"",""1134800"",""10002"",""1000200""]""",Org1MSP Org2MSP ,VALID,, 10002 11348,,WT,110,10858,0
2022-04-07T17:24:26.992Z,2e461c63e66eb9790c708333ebb01287da7d81bd1da33f70a42ffbfe1759ed16,Org1MSP,Func4,"[10088"",""1008800"",""10180"",""1018000""]""",Org1MSP Org2MSP ,VALID,, 10088 10180,,WT,110,10791,0
2022-04-07T17:24:26.992Z,5119edfdb0e385445feb6fdead7402dc616ac691b6c6f371536d70c5d0ffbdbc,Org1MSP,Func1,"[2"",""22""]""",Org1MSP Org2MSP ,VALID, 2 22,,,RT,110,10869,0
2022-04-07T17:24:26.994Z,9375b6eeff5ff6af4facb5db70202e63c1b14ba9de772ffaf6813998e70ea98e,Org1MSP,Func4,"[10007"",""1000700"",""15544"",""1554400""]""",Org1MSP Org2MSP ,VALID,, 10007 15544,,WT,110,10832,0
2022-04-07T17:24:26.994Z,8286492cc54a02acec848f655ea2df4f805a342f5fab7289957a3dec2659747b,Org1MSP,Func7,"[1"",""100"",""47"",""100""]""",Org1MSP Org2MSP ,VALID, 1 47, 1 47,,UT,110,10873,0
2022-04-07T17:24:27.000Z,40ddac1761ad7da4abd9e0a21fb1e8b52b2b99467440f510e118d34ea31e77c2,Org1MSP,Func4,"[10001"",""1000100"",""14904"",""1490400""]""",Org1MSP Org2MSP ,VALID,, 10001 14904,,WT,110,10802,0
2022-04-07T17:24:27.001Z,643078cf07d6caa02654cc5b4572de48c20ce9b7c68176fda6cd3f05817a102d,Org1MSP,Func7,"[284"",""100"",""109"",""100""]""",Org1MSP Org2MSP ,VALID, 109 284, 109 284,,UT,110,10813,0
2022-04-07T17:24:27.001Z,b8cf04bba23179fc6013672d46b5c879221a005efccdbead54e93afcb296aac8,Org1MSP,Func4,"[10182"",""1018200"",""10000"",""1000000""]""",Org1MSP Org2MSP ,VALID,, 10000 10182,,WT,110,10842,0
2022-04-07T17:24:27.088Z,e85936263964780f0c2532876e413368e10a950885acd5a7b2aade4ecf95e430,Org1MSP,Func1,"[6"",""33""]""",Org1MSP Org2MSP ,VALID, 33 6,,,RT,110,10861,0
2022-04-07T17:24:27.089Z,f5059ffad0850bfa1a851f11bc11ed4de6c4ea144b0afbd5dc280d1e07cf18b0,Org1MSP,Func7,"[779"",""100"",""2778"",""100""]""",Org1MSP Org2MSP ,VALID, 2778 779, 2778 779,,UT,110,10863,0
2022-04-07T17:24:27.090Z,9e32254e45113aef10e750f19f7548d49d4f0caaa5f30c926eca5d7d4b8d4d76,Org1MSP,Func1,"[4397"",""20""]""",Org1MSP Org2MSP ,VALID, 20 4397,,,RT,110,10835,0
2022-04-07T17:24:27.091Z,715d56b20ba4cbf06b2fe3cf778a24e1bc375e66e73eb08d8048489e2c76810a,Org1MSP,Func7,"[497"",""100"",""101"",""100""]""",Org1MSP Org2MSP ,VALID, 101 497, 101 497,,UT,110,10817,0
2022-04-07T17:24:27.093Z,e84848f4023626276ff242258d229073eac2ceb5425977906220365b0449acd0,Org1MSP,Func1,"[15"",""6""]""",Org1MSP Org2MSP ,VALID, 15 6,,,RT,110,10860,0
2022-04-07T17:24:27.094Z,3b41f5b8b22aab1788b9e75e427e19138a55caae4b88f87d8617489d14d541b8,Org1MSP,Func4,"[10000"",""1000000"",""11029"",""1102900""]""",Org1MSP Org2MSP ,VALID,, 10000 11029,,WT,110,10799,0
2022-04-07T17:24:27.096Z,203f72a0e81c10599966f867c810c67a4ee843af81d135dd89d6d8438fabd1e9,Org1MSP,Func1,"[7191"",""1166""]""",Org1MSP Org2MSP ,VALID, 1166 7191,,,RT,110,10787,0
2022-04-07T17:24:27.096Z,912140b4b77b5a1f9dd2f487c41d4f944b2d7fbef70fc298fb0e5dde2e028534,Org1MSP,Func4,"[10002"",""1000200"",""19684"",""1968400""]""",Org1MSP Org2MSP ,VALID,, 10002 19684,,WT,110,10831,0
2022-04-07T17:24:27.097Z,b24654ee636b1a9a24223aaddb1f41cacfa5781f115b3c14df445c81e7e7428b,Org1MSP,Func7,"[3829"",""100"",""15"",""100""]""",Org1MSP Org2MSP ,VALID, 15 3829, 15 3829,,UT,110,10877,0
2022-04-07T17:24:27.099Z,1dab60dad489066e28bcaf5c0b2361141093785ae7dd997a23cb0900bf7f200e,Org1MSP,Func4,"[10001"",""1000100"",""10000"",""1000000""]""",Org1MSP Org2MSP ,VALID,, 10000 10001,,WT,110,10786,0
2022-04-07T17:24:27.189Z,d068259a4330f05e21f1512651625339cd33cc5f176f582578f98f30a16cecec,Org1MSP,Func4,"[15556"",""1555600"",""10062"",""1006200""]""",Org1MSP Org2MSP ,VALID,, 10062 15556,,WT,110,10854,0
2022-04-07T17:24:27.192Z,c17583a860d63f80c2388f5caa92bf2f020e0650daa3054854899c396a8eb073,Org1MSP,Func4,"[10062"",""1006200"",""10065"",""1006500""]""",Org1MSP Org2MSP ,VALID,, 10062 10065,,WT,110,10847,0
2022-04-07T17:24:27.192Z,b5788ed364dc402e6c08aa06d5d1f8d607240c742bd33bfe90aeaef7c1579e02,Org1MSP,Func7,"[29"",""100"",""96"",""100""]""",Org1MSP Org2MSP ,VALID, 29 96, 29 96,,UT,110,10872,0
2022-04-07T17:24:27.193Z,b570010019712716973c115d89f5339d14ff5355fecf4c88be565147fcd425b7,Org1MSP,Func4,"[10023"",""1002300"",""10051"",""1005100""]""",Org1MSP Org2MSP ,VALID,, 10023 10051,,WT,110,10840,0
2022-04-07T17:24:27.194Z,fecef305591cf56d199d7bdae715371184ace5c700b08391d57df3fcfa4ba49b,Org1MSP,Func1,"[1618"",""129""]""",Org1MSP Org2MSP ,VALID, 129 1618,,,RT,110,10866,0
2022-04-07T17:24:27.196Z,3b9e1e705f14964bc247fb35a4dec1f5b6a424a053be2d7dc70acff533607eef,Org1MSP,Func4,"[10574"",""1057400"",""10000"",""1000000""]""",Org1MSP Org2MSP ,VALID,, 10000 10574,,WT,110,10800,0
2022-04-07T17:24:27.198Z,da1da2cfdf5dd498d61feee233db24ed745de271041d04e832e8c8eecebd6ed1,Org1MSP,Func1,"[15"",""2""]""",Org1MSP Org2MSP ,VALID, 15 2,,,RT,110,10870,0
2022-04-07T17:24:27.199Z,719ef9c85cafc2ea097b44b1aba46be2a092243ea12313d5b830a8dc58ef2b4e,Org1MSP,Func1,"[178"",""7""]""",Org1MSP Org2MSP ,VALID, 178 7,,,RT,110,10818,0
2022-04-07T17:24:27.288Z,d869477238720cbcfeac7d6c7999178a7018939e5e893a47cc84ba69e657a059,Org1MSP,Func7,"[4"",""100"",""594"",""100""]""",Org1MSP Org2MSP ,VALID, 4 594, 4 594,,UT,110,10876,0
2022-04-07T17:24:27.291Z,8a8910a02574e8d8d7b1b4bdf190ab08f23b6f7f1111510bddb7a0b2bdb09d71,Org1MSP,Func1,"[29"",""1688""]""",Org1MSP Org2MSP ,VALID, 1688 29,,,RT,110,10828,0
2022-04-07T17:24:27.291Z,5dbbd4924ee57a4f4612593353b36c15e4a1db63d1315c466b206f57ec37d1fd,Org1MSP,Func7,"[7193"",""100"",""3"",""100""]""",Org1MSP Org2MSP ,VALID, 3 7193, 3 7193,,UT,110,10871,0
2022-04-07T17:24:27.292Z,b73822591a0452b2914b08033250ecd4da698df1acd4c31780c2e2150fb97933,Org1MSP,Func4,"[17691"",""1769100"",""10025"",""1002500""]""",Org1MSP Org2MSP ,VALID,, 10025 17691,,WT,110,10841,0
2022-04-07T17:24:27.292Z,ec6727e85ffa0daae53c40a9c47c91647e0b22dafa7c550379f0570720deeda5,Org1MSP,Func4,"[10035"",""1003500"",""10626"",""1062600""]""",Org1MSP Org2MSP ,VALID,, 10035 10626,,WT,110,10862,0
2022-04-07T17:24:27.294Z,8993522f637454cda3c70c0e23f897980add2604e416b004f92cc01ec30afc56,Org1MSP,Func4,"[10037"",""1003700"",""10000"",""1000000""]""",Org1MSP Org2MSP ,VALID,, 10000 10037,,WT,110,10826,0
2022-04-07T17:24:27.296Z,27c8e0f4bf368cae1922445b197dff7850c6a35700dc88bcab4651460b3b9548,Org1MSP,Func1,"[2551"",""4809""]""",Org1MSP Org2MSP ,VALID, 2551 4809,,,RT,110,10788,0
2022-04-07T17:24:27.296Z,beafb4443e2a2ce167f94d836546285c8ddc8d17d5a6a48032e3160453da2893,Org1MSP,Func7,"[12"",""100"",""785"",""100""]""",Org1MSP Org2MSP ,VALID, 12 785, 12 785,,UT,110,10845,0
2022-04-07T17:24:27.297Z,9260501b66abb10506d0174b6ae3735aa2248fbc756136db81883ff6774c8469,Org1MSP,Func1,"[27"",""300""]""",Org1MSP Org2MSP ,VALID, 27 300,,,RT,110,10874,0
2022-04-07T17:24:27.299Z,11a0bb54c6d5386eb1b753bd9e9d2f9a862583f9a6fe9d96c2dec04b7288c27f,Org1MSP,Func4,"[10016"",""1001600"",""10621"",""1062100""]""",Org1MSP Org2MSP ,VALID,, 10016 10621,,WT,110,10784,0
2022-04-07T17:24:27.390Z,c2c36c291b1de550d393e7bf981584141f0c3dd21859ecf5105cddb266597e44,Org1MSP,Func4,"[15138"",""1513800"",""10007"",""1000700""]""",Org1MSP Org2MSP ,VALID,, 10007 15138,,WT,110,10849,0
2022-04-07T17:24:27.392Z,1ac43506afbe03036f6e5dd71eda663f0d8c25fccf9cd94fbefa4161c9f39751,Org1MSP,Func4,"[11230"",""1123000"",""10009"",""1000900""]""",Org1MSP Org2MSP ,VALID,, 10009 11230,,WT,110,10785,0
2022-04-07T17:24:27.394Z,43ddfb85060a9befb8fd99c24badcbc3f1a9ae46e25113c52aeb568f52e41424,Org1MSP,Func4,"[11265"",""1126500"",""16272"",""1627200""]""",Org1MSP Org2MSP ,VALID,, 11265 16272,,WT,111,10901,0
2022-04-07T17:24:27.394Z,886d754975e88ad69153c87c66b3a3b26d228631c3ed194f7d8198e7e0174237,Org1MSP,Func4,"[10001"",""1000100"",""10206"",""1020600""]""",Org1MSP Org2MSP ,VALID,, 10001 10206,,WT,111,10928,0
2022-04-07T17:24:27.394Z,9ba15030b8f56dbf0f46837b599f014814331550ba2a0166e85da838cf3e10fc,Org1MSP,Func1,"[22"",""1946""]""",Org1MSP Org2MSP ,VALID, 1946 22,,,RT,111,10936,0
2022-04-07T17:24:27.396Z,1624bf7d676049c5e17bad9c085a31de5703eccd5540c2a5145aca7fa266a26d,Org1MSP,Func4,"[10003"",""1000300"",""10845"",""1084500""]""",Org1MSP Org2MSP ,VALID,, 10003 10845,,WT,111,10886,0
2022-04-07T17:24:27.398Z,2a69d7a851337c87b540c528cbe7b7fb79bbb1ca2ccc2a05b3677b716f4aa0f1,Org1MSP,Func4,"[10039"",""1003900"",""10019"",""1001900""]""",Org1MSP Org2MSP ,VALID,, 10019 10039,,WT,111,10895,0
2022-04-07T17:24:27.401Z,8905eb943e1c3e9ff0fcbaa7dd0b4f3cd1157ab31c8b93c92d3bc7c15756b420,Org1MSP,Func4,"[10236"",""1023600"",""18844"",""1884400""]""",Org1MSP Org2MSP ,VALID,, 10236 18844,,WT,110,10825,0
2022-04-07T17:24:27.489Z,b3768ead14f803b49ce5bb09dfde88c651f596836e5e48baa79f9d672143c28d,Org1MSP,Func4,"[10024"",""1002400"",""10446"",""1044600""]""",Org1MSP Org2MSP ,VALID,, 10024 10446,,WT,111,10943,0
2022-04-07T17:24:27.490Z,1fcd2674aa5130e7fe117b2c3e9b2ccc168a1f24e9b8e431bfca89aa09d48f2f,Org1MSP,Func4,"[10446"",""1044600"",""10772"",""1077200""]""",Org1MSP Org2MSP ,VALID,, 10446 10772,,WT,111,10889,0
2022-04-07T17:24:27.490Z,8a9d9edfd8e1d7db4035388078892f1b76cf4529d3cf6ee3886afaaa694c69cb,Org1MSP,Func4,"[10010"",""1001000"",""14450"",""1445000""]""",Org1MSP Org2MSP ,VALID,, 10010 14450,,WT,111,10930,0
2022-04-07T17:24:27.492Z,2877c5a57deb64552bceb0229f7b477e54416b214294ba65677ea0c06e644bb9,Org1MSP,Func1,"[62"",""1654""]""",Org1MSP Org2MSP ,VALID, 1654 62,,,RT,111,10893,0
2022-04-07T17:24:27.492Z,dfb63d192a24c98827765b5d93acc269290ee8a1eb2849156e9339a96817060c,Org1MSP,Func4,"[13699"",""1369900"",""15797"",""1579700""]""",Org1MSP Org2MSP ,VALID,, 13699 15797,,WT,111,10955,0
2022-04-07T17:24:27.493Z,99b17a9c19c082ca8ba6cfc8ff63464aebef9f1ac498a8f65fe09448f40d3eb0,Org1MSP,Func4,"[10004"",""1000400"",""14698"",""1469800""]""",Org1MSP Org2MSP ,VALID,, 10004 14698,,WT,111,10935,0
2022-04-07T17:24:27.494Z,df1a389c77e19af725f2e3d028a358cc3fcae56a678b9506297cf4818807029c,Org1MSP,Func4,"[11199"",""1119900"",""15854"",""1585400""]""",Org1MSP Org2MSP ,VALID,, 11199 15854,,WT,111,10954,0
2022-04-07T17:24:27.497Z,44f6419dbcd6f3d5d067b0ac4a8dfb341cf9ac21752d3fd6fb037e9f5a4bda52,Org1MSP,Func4,"[10001"",""1000100"",""15027"",""1502700""]""",Org1MSP Org2MSP ,VALID,, 10001 15027,,WT,111,10902,0
2022-04-07T17:24:27.498Z,7a1492c36cb01ba2f166ba0b0f5f10ce8fb8727243b362806cd2906db7f5e9d0,Org1MSP,Func1,"[209"",""4""]""",Org1MSP Org2MSP ,VALID, 209 4,,,RT,111,10918,0
2022-04-07T17:24:27.589Z,21b978eacf72a95da291f035cfa47379a5319bacc6c9fd692b8688efbed9f0fc,Org1MSP,Func4,"[10008"",""1000800"",""10005"",""1000500""]""",Org1MSP Org2MSP ,VALID,, 10005 10008,,WT,111,10890,0
2022-04-07T17:24:27.589Z,a7d9cb36ed0d18d940b2ffecaa4ede089b22357736b9b0b6d55ec776374bcf9a,Org1MSP,Func4,"[17811"",""1781100"",""10046"",""1004600""]""",Org1MSP Org2MSP ,VALID,, 10046 17811,,WT,111,10938,0
2022-04-07T17:24:27.590Z,7eb09f230013683453f07bfc5cd69ef3326f6f4f2446c6ec4499c850a7fe3acc,Org1MSP,Func4,"[10109"",""1010900"",""10005"",""1000500""]""",Org1MSP Org2MSP ,VALID,, 10005 10109,,WT,111,10921,0
2022-04-07T17:24:27.591Z,c425a332c644786279494f4d50ba6b5591801504577a7aec989be1737f58877a,Org1MSP,Func4,"[10124"",""1012400"",""10007"",""1000700""]""",Org1MSP Org2MSP ,VALID,, 10007 10124,,WT,111,10948,0
2022-04-07T17:24:27.592Z,104efb27e8fb756cf3ca2ada852283ca79365332b91495881b4955939aa86196,Org1MSP,Func1,"[471"",""8672""]""",Org1MSP Org2MSP ,VALID, 471 8672,,,RT,111,10882,0
2022-04-07T17:24:27.595Z,521ba0c5594328f3fa7ee9b1a0a95184be5506eea6810b4dfe53b5908c3720f3,Org1MSP,Func4,"[10136"",""1013600"",""10180"",""1018000""]""",Org1MSP Org2MSP ,VALID,, 10136 10180,,WT,111,10907,0
2022-04-07T17:24:27.596Z,085cac933c49e8191bcf4283200ab09c857076b65cedebdd9b8d4476cb27fcd9,Org1MSP,Func4,"[10029"",""1002900"",""10101"",""1010100""]""",Org1MSP Org2MSP ,VALID,, 10029 10101,,WT,111,10881,0
2022-04-07T17:24:27.596Z,dff70d66536e0001c87ff6f0f8c1d74cf850f902d036ac7860c91c378b5a2ef9,Org1MSP,Func4,"[10133"",""1013300"",""10036"",""1003600""]""",Org1MSP Org2MSP ,VALID,, 10036 10133,,WT,111,10956,0
2022-04-07T17:24:27.597Z,84ea97104269d9a6e3489a2d03359f6c418304fe97c59fcba1d81d0d8c8bfa2a,Org1MSP,Func4,"[10935"",""1093500"",""10835"",""1083500""]""",Org1MSP Org2MSP ,VALID,, 10835 10935,,WT,111,10925,0
2022-04-07T17:24:27.598Z,56708c9ce5b04901a4020048839a7b2be776be4207e11707f54df4a7cce97aad,Org1MSP,Func1,"[542"",""233""]""",Org1MSP Org2MSP ,VALID, 233 542,,,RT,111,10911,0
2022-04-07T17:24:27.689Z,149449208b99baf34a69be8eee3597859aef059b32fe14ecb624970649748c50,Org1MSP,Func4,"[10018"",""1001800"",""10002"",""1000200""]""",Org1MSP Org2MSP ,VALID,, 10002 10018,,WT,111,10883,0
2022-04-07T17:24:27.689Z,8cb6e5caec7ec064b6cb40af8f3407ae3da21db8481c43a420b589cb7485b286,Org1MSP,Func1,"[10"",""11""]""",Org1MSP Org2MSP ,VALID, 10 11,,,RT,111,10931,0
2022-04-07T17:24:27.690Z,73f9a106b43703630ca5a3feaa3b2362a94d8067ce792ba2a9ae5b23616f2f28,Org1MSP,Func4,"[10000"",""1000000"",""10011"",""1001100""]""",Org1MSP Org2MSP ,VALID,, 10000 10011,,WT,111,10915,0
2022-04-07T17:24:27.694Z,d9c8ae7277fdaaa4d90c4e292914be20eea47a4c78004a63363adc63d616ad4e,Org1MSP,Func4,"[10000"",""1000000"",""10037"",""1003700""]""",Org1MSP Org2MSP ,VALID,, 10000 10037,,WT,111,10951,0
2022-04-07T17:24:27.695Z,36057181dd3c264c8e890d79f3e1e16c361afc8d17abe4f9078d0e2f7929f92e,Org1MSP,Func7,"[380"",""100"",""95"",""100""]""",Org1MSP Org2MSP ,VALID, 380 95, 380 95,,UT,111,10897,0
2022-04-07T17:24:27.697Z,afcee8769a471b2bdb3d541d98287f6e9fb2ab4e51ebe0d634409cb3a898afbc,Org1MSP,Func7,"[71"",""100"",""261"",""100""]""",Org1MSP Org2MSP ,VALID, 261 71, 261 71,,UT,111,10939,0
2022-04-07T17:24:27.698Z,8686c0bc0f5ec0cb4937c59041e510398b0e152adebc1ac3e39beb5c4c1d8770,Org1MSP,Func1,"[99"",""1""]""",Org1MSP Org2MSP ,VALID, 1 99,,,RT,111,10926,0
2022-04-07T17:24:27.699Z,be892ab65b73736f4c2238610320da4df1ffe4b6434eb3257e921971aa55b559,Org1MSP,Func7,"[39"",""100"",""13"",""100""]""",Org1MSP Org2MSP ,VALID, 13 39, 13 39,,UT,111,10945,0
2022-04-07T17:24:27.789Z,520705913fd6c4fc3ba4bd04d68deffffe40b9a4dae922e8b3b40fd602c97c22,Org1MSP,Func4,"[10001"",""1000100"",""10269"",""1026900""]""",Org1MSP Org2MSP ,VALID,, 10001 10269,,WT,111,10906,0
2022-04-07T17:24:27.789Z,55dad9ca943007d92524106625ffe77d8454576b6429dc96474fed65c3dd4860,Org1MSP,Func4,"[11422"",""1142200"",""10010"",""1001000""]""",Org1MSP Org2MSP ,VALID,, 10010 11422,,WT,111,10910,0
2022-04-07T17:24:27.789Z,94bd696b232caf39ae5ac048f529180644ed75da526b31876b8a88342746ac8d,Org1MSP,Func4,"[10000"",""1000000"",""10131"",""1013100""]""",Org1MSP Org2MSP ,VALID,, 10000 10131,,WT,111,10933,0
2022-04-07T17:24:27.791Z,899b0641c1c6d315982b4e6929691416a6c6f08453b129e6dfa790fd61ba1a3d,Org1MSP,Func7,"[40"",""100"",""18"",""100""]""",Org1MSP Org2MSP ,VALID, 18 40, 18 40,,UT,111,10929,0
2022-04-07T17:24:27.794Z,3a32fe002a525a6ffa8fc1c894fa2692e25e3af03224b0256fd4aac7512dec49,Org1MSP,Func4,"[10019"",""1001900"",""19797"",""1979700""]""",Org1MSP Org2MSP ,VALID,, 10019 19797,,WT,111,10898,0
2022-04-07T17:24:27.795Z,3bc155196593991752b725c43d4054a2cef3f869e8e1a7037d14764ec47a102d,Org1MSP,Func1,"[275"",""453""]""",Org1MSP Org2MSP ,VALID, 275 453,,,RT,111,10899,0
2022-04-07T17:24:27.795Z,58202509b178644684c2c9479cb50f7bca42130cba48aa17fedeaa3ab6705cb9,Org1MSP,Func4,"[10003"",""1000300"",""10558"",""1055800""]""",Org1MSP Org2MSP ,VALID,, 10003 10558,,WT,111,10912,0
2022-04-07T17:24:27.798Z,eac0ac5da269b752a52ed4eb655d5fcb945514b301703d065fd8337ece66ff9c,Org1MSP,Func4,"[10014"",""1001400"",""10002"",""1000200""]""",Org1MSP Org2MSP ,VALID,, 10002 10014,,WT,111,10960,0
2022-04-07T17:24:27.798Z,3a456478d3285c99c04b03ca341d932c718db8facab83f8a9c69c38107b236de,Org1MSP,Func7,"[22"",""100"",""7"",""100""]""",Org1MSP Org2MSP ,VALID, 22 7, 22 7,,UT,111,10970,0
2022-04-07T17:24:27.799Z,7fd4ba3594c95a44188675ee0792bfad30fd76852b4d38e4f8f7058f165a4b85,Org1MSP,Func7,"[8670"",""100"",""2353"",""100""]""",Org1MSP Org2MSP ,VALID, 2353 8670, 2353 8670,,UT,111,10924,0
2022-04-07T17:24:27.889Z,fb50f4ca3c9e5426cc81c7fe5ce7a86e062709c8bca0851c6f867d213e50030f,Org1MSP,Func4,"[17799"",""1779900"",""12395"",""1239500""]""",Org1MSP Org2MSP ,VALID,, 12395 17799,,WT,111,10963,0
2022-04-07T17:24:27.890Z,40db70c70d2cd12653c6b0ad27fd1963455ad942d10fc2cec89af5fd5e4b34e8,Org1MSP,Func7,"[2"",""100"",""1433"",""100""]""",Org1MSP Org2MSP ,VALID, 1433 2, 1433 2,,UT,111,10900,0
2022-04-07T17:24:27.890Z,440812d8753c49d21ba9be4c1576c2900d877f42e1ef1baab202e4902089a93f,Org1MSP,Func7,"[20"",""100"",""1"",""100""]""",Org1MSP Org2MSP ,VALID, 1 20, 1 20,,UT,111,10971,0
2022-04-07T17:24:27.892Z,b30cea5a533a189f7f98ab8fe8c3d13688b7e0d88bcb3f0ec5f35755dacb59ec,Org1MSP,Func1,"[86"",""88""]""",Org1MSP Org2MSP ,VALID, 86 88,,,RT,111,10941,0
2022-04-07T17:24:27.893Z,222764ec4c190b5a0984584d8bfd6417cb6330751edecd8acaf3b29dc18323de,Org1MSP,Func4,"[11431"",""1143100"",""10007"",""1000700""]""",Org1MSP Org2MSP ,VALID,, 10007 11431,,WT,111,10892,0
2022-04-07T17:24:27.893Z,7d14d8eee965b9f2ecc965a9c80b532a07af7190d831e72fadd50a1d5e41ab05,Org1MSP,Func1,"[4996"",""4190""]""",Org1MSP Org2MSP ,VALID, 4190 4996,,,RT,111,10920,0
2022-04-07T17:24:27.897Z,1b168c6a9e42f8c445a2ba4327caede5ba7d0dcc2ee2c3f6b40ccb58826fc9be,Org1MSP,Func1,"[8524"",""9858""]""",Org1MSP Org2MSP ,VALID, 8524 9858,,,RT,111,10887,0
2022-04-07T17:24:27.897Z,b70944c0be9a6072acc4ab02caf396f071b38d7fb771647afcc57673481ce782,Org1MSP,Func4,"[10079"",""1007900"",""10766"",""1076600""]""",Org1MSP Org2MSP ,VALID,, 10079 10766,,WT,111,10944,0
2022-04-07T17:24:27.899Z,14985f8b87d420aceca983b75d48f81108d260d6ef4f8c3bc5e11bdcf9fdac3b,Org1MSP,Func7,"[9116"",""100"",""4085"",""100""]""",Org1MSP Org2MSP ,VALID, 4085 9116, 4085 9116,,UT,111,10884,0
2022-04-07T17:24:27.989Z,15beb3012c1e0bfe43824dda8665442daf4620ab412ea2e9608fe8effac49f92,Org1MSP,Func1,"[26"",""1""]""",Org1MSP Org2MSP ,VALID, 1 26,,,RT,111,10965,0
2022-04-07T17:24:27.990Z,b3590d57e8e0cf491706037a276b187bfcb5c438587e02fb939354f218646c12,Org1MSP,Func4,"[10914"",""1091400"",""10442"",""1044200""]""",Org1MSP Org2MSP ,VALID,, 10442 10914,,WT,111,10942,0
2022-04-07T17:24:27.990Z,ec3b802f104160d5c3083f8a6b75b18726edf45812b7c021bf33e4fdb1f2a99d,Org1MSP,Func4,"[10000"",""1000000"",""10001"",""1000100""]""",Org1MSP Org2MSP ,VALID,, 10000 10001,,WT,111,10961,0
2022-04-07T17:24:27.991Z,658803aae30a2bc1bdc8919683d2caefd56fd41667fac68ad15e3e3266416461,Org1MSP,Func4,"[18916"",""1891600"",""10021"",""1002100""]""",Org1MSP Org2MSP ,VALID,, 10021 18916,,WT,111,10913,0
2022-04-07T17:24:27.992Z,f28375b246c4fb45f0b84bd1b6b1f07297a56c9498cdecbedaf7141e2d5ca12a,Org1MSP,Func4,"[10032"",""1003200"",""10005"",""1000500""]""",Org1MSP Org2MSP ,VALID,, 10005 10032,,WT,111,10962,0
2022-04-07T17:24:27.995Z,545d906cfad42ca41d31e4266e95ea2cff62cd6aba724a63fa717c1de62ebaaa,Org1MSP,Func4,"[10163"",""1016300"",""10160"",""1016000""]""",Org1MSP Org2MSP ,VALID,, 10160 10163,,WT,111,10909,0
2022-04-07T17:24:27.995Z,ff7e4b6e56f5cef83d349390ce6ee5c9949f6575e556978c6620f06095f4f33e,Org1MSP,Func4,"[10276"",""1027600"",""10009"",""1000900""]""",Org1MSP Org2MSP ,VALID,, 10009 10276,,WT,111,10964,0
2022-04-07T17:24:27.996Z,8f2ece9ce2c8dc685d2da8f59309d7342109064cf704e61742656d4c4469a334,Org1MSP,Func7,"[5"",""100"",""593"",""100""]""",Org1MSP Org2MSP ,VALID, 5 593, 5 593,,UT,111,10932,0
2022-04-07T17:24:27.998Z,220816213a8fb812039271af1b08970c743daa5599d9bc906c9adec23492e683,Org1MSP,Func1,"[4028"",""6354""]""",Org1MSP Org2MSP ,VALID, 4028 6354,,,RT,111,10891,0
2022-04-07T17:24:27.998Z,bec5a49e1cbbb0c647f2de9b823370b73ee96c6a2b56a0f10bce4d9faf5a4edc,Org1MSP,Func7,"[3983"",""100"",""167"",""100""]""",Org1MSP Org2MSP ,VALID, 167 3983, 167 3983,,UT,111,10946,0
2022-04-07T17:24:28.092Z,c068d02da39a72e25a50324011e1072d5e39f73f18dd40a56b7132c483c83048,Org1MSP,Func1,"[323"",""1493""]""",Org1MSP Org2MSP ,VALID, 1493 323,,,RT,111,10947,0
2022-04-07T17:24:28.093Z,76c2303f3278e0fe7e8b7443c8d1a23da0a071e5eba6238f5f6fea76a96a3f22,Org1MSP,Func1,"[945"",""67""]""",Org1MSP Org2MSP ,VALID, 67 945,,,RT,111,10916,0
2022-04-07T17:24:28.094Z,53579a07e8aaf3cb86a82bb13ceae456dc0964180d50c790574c7c2365021aad,Org1MSP,Func4,"[10017"",""1001700"",""10000"",""1000000""]""",Org1MSP Org2MSP ,VALID,, 10000 10017,,WT,111,10908,0
2022-04-07T17:24:28.096Z,dc834d13fe3a4af34ab924a839aa35488956152149033bfae4a958951a39cd25,Org1MSP,Func4,"[10110"",""1011000"",""14260"",""1426000""]""",Org1MSP Org2MSP ,VALID,, 10110 14260,,WT,111,10952,0
2022-04-07T17:24:28.097Z,c4c32426ca3f761ea1ac6be2233d4fab3fcc6d8ff2a50a763280900530a03709,Org1MSP,Func7,"[10"",""100"",""278"",""100""]""",Org1MSP Org2MSP ,VALID, 10 278, 10 278,,UT,111,10968,0
2022-04-07T17:24:28.098Z,2cb018449849316bce024a1661f10f0ff070c3c54211b3cb4fba342fc9713807,Org1MSP,Func4,"[11536"",""1153600"",""10000"",""1000000""]""",Org1MSP Org2MSP ,VALID,, 10000 11536,,WT,111,10896,0
2022-04-07T17:24:28.101Z,b077f59a8d33131ad1fcea37ab6b6b6d5988ff47bf8e6d2747db1a4478d476a2,Org1MSP,Func4,"[10008"",""1000800"",""10213"",""1021300""]""",Org1MSP Org2MSP ,VALID,, 10008 10213,,WT,111,10940,0
2022-04-07T17:24:28.110Z,04b8f050e263eb7163cb951f19fe8b931a1129e88063c5cccf1cab2beb2e671a,Org1MSP,Func7,"[48"",""100"",""400"",""100""]""",Org1MSP Org2MSP ,VALID, 400 48, 400 48,,UT,111,10880,0
2022-04-07T17:24:28.189Z,7f84c4198a0fe45cace2a751315610d632e9ac2860803d9cfb1aae4baaca675d,Org1MSP,Func4,"[10148"",""1014800"",""10347"",""1034700""]""",Org1MSP Org2MSP ,VALID,, 10148 10347,,WT,111,10923,0
2022-04-07T17:24:28.189Z,dd583738390012a4421d4a838ddbcd42cf6aad09529c7d25de2790f376be44f9,Org1MSP,Func4,"[10086"",""1008600"",""10086"",""1008600""]""",Org1MSP Org2MSP ,VALID,, 10086,,WT,111,10953,0
2022-04-07T17:24:28.189Z,b7be603be161f48c93212e2d97d109689887595f5c8ab48f0cf0790bbcc3b73e,Org1MSP,Func1,"[1"",""566""]""",Org1MSP Org2MSP ,VALID, 1 566,,,RT,111,10966,0
2022-04-07T17:24:28.190Z,702ef86b13f71e0412fa5690c5a108fef493e61e5e1a8e4a6b161793b5941df7,Org1MSP,Func7,"[423"",""100"",""1034"",""100""]""",Org1MSP Org2MSP ,VALID, 1034 423, 1034 423,,UT,111,10914,0
2022-04-07T17:24:28.193Z,996051f9aee752a0935361292f781cce7c83a110e36c47e0acc68d90d27ad4d1,Org1MSP,Func4,"[13707"",""1370700"",""10000"",""1000000""]""",Org1MSP Org2MSP ,VALID,, 10000 13707,,WT,111,10934,0
2022-04-07T17:24:28.195Z,a48178d13fee3e98db62ad8f019cc8cf892c334d9f39e35116058365e2565495,Org1MSP,Func4,"[10129"",""1012900"",""10086"",""1008600""]""",Org1MSP Org2MSP ,VALID,, 10086 10129,,WT,111,10937,0
2022-04-07T17:24:28.196Z,292b681e364198709b5dc3071acd43e8c79dd99b44e5199596c7cce83caac409,Org1MSP,Func4,"[10033"",""1003300"",""11123"",""1112300""]""",Org1MSP Org2MSP ,VALID,, 10033 11123,,WT,111,10894,0
2022-04-07T17:24:28.197Z,4683dbe5c8f1cd59c235f8ccbde39a786b20f60ff386e4ee9b717621e7a2f5d7,Org1MSP,Func4,"[10002"",""1000200"",""14901"",""1490100""]""",Org1MSP Org2MSP ,VALID,, 10002 14901,,WT,111,10903,0
2022-04-07T17:24:28.201Z,7b7a35697939184350809fb42c82da27e7d652c80a06ba6916c029c7ebc16c94,Org1MSP,Func4,"[10000"",""1000000"",""15615"",""1561500""]""",Org1MSP Org2MSP ,VALID,, 10000 15615,,WT,111,10919,0
2022-04-07T17:24:28.289Z,4caef7e7d66c6b44d71fb7e9f079446a88f9ffda2a4aa24f5160326f109c0dfc,Org1MSP,Func4,"[10001"",""1000100"",""10076"",""1007600""]""",Org1MSP Org2MSP ,VALID,, 10001 10076,,WT,111,10904,0
2022-04-07T17:24:28.290Z,1eae1c2f1e2e2bdf827d2dc53e2e3005e8387f1e6e6b7b74245580f68e3394d4,Org1MSP,Func4,"[10009"",""1000900"",""10282"",""1028200""]""",Org1MSP Org2MSP ,VALID,, 10009 10282,,WT,111,10888,0
2022-04-07T17:24:28.290Z,e11d27ce4bc91d2d38370e9f861ef6936a65e4026dd527c8ffe618b74558701c,Org1MSP,Func1,"[16"",""8""]""",Org1MSP Org2MSP ,VALID, 16 8,,,RT,111,10957,0
2022-04-07T17:24:28.292Z,d940a17352c7dc79fe156dcc4a803ee3d1bfdca62f95f5568c921d7b8d41be9e,Org1MSP,Func4,"[10302"",""1030200"",""10016"",""1001600""]""",Org1MSP Org2MSP ,VALID,, 10016 10302,,WT,111,10950,0
2022-04-07T17:24:28.293Z,87726851c44e14d343cc0266612dbfc08cdfda8b11116aae299164bbb0c58c90,Org1MSP,Func4,"[10148"",""1014800"",""10000"",""1000000""]""",Org1MSP Org2MSP ,VALID,, 10000 10148,,WT,111,10927,0
2022-04-07T17:24:28.297Z,02baf7d962fe8a1d47175c100169341d132d4fc7c984b6391a4627bee1cb08f0,Org1MSP,Func4,"[10002"",""1000200"",""11674"",""1167400""]""",Org1MSP Org2MSP ,VALID,, 10002 11674,,WT,111,10879,0
2022-04-07T17:24:28.297Z,e302b1fc35aacbfc6a631525a13302bf12611e7a8a23b9e554b197ef9bcd7f6f,Org1MSP,Func1,"[3"",""8932""]""",Org1MSP Org2MSP ,VALID, 3 8932,,,RT,111,10958,0
2022-04-07T17:24:28.298Z,15f69be647ff669b2020d30a35eee9c79f215e2ade4113ac191f1a1fac6f47af,Org1MSP,Func4,"[10002"",""1000200"",""15527"",""1552700""]""",Org1MSP Org2MSP ,VALID,, 10002 15527,,WT,111,10885,0
2022-04-07T17:24:28.298Z,d50f634cfac202768071068cdcf7312a76bfaa6914fc438306fb1bf62a19890d,Org1MSP,Func4,"[10808"",""1080800"",""16570"",""1657000""]""",Org1MSP Org2MSP ,VALID,, 10808 16570,,WT,111,10949,0
2022-04-07T17:24:28.304Z,79818347a2064059b99a357b20f5a01624a667bf80df8fdb0e6a4033aac06ebc,Org1MSP,Func4,"[10511"",""1051100"",""10000"",""1000000""]""",Org1MSP Org2MSP ,VALID,, 10000 10511,,WT,111,10917,0
2022-04-07T17:24:28.389Z,e877dbf42f660187dd9c773671ea1c7ee43ed69abf2dfce5dc593e6da29d7746,Org1MSP,Func4,"[10045"",""1004500"",""11948"",""1194800""]""",Org1MSP Org2MSP ,VALID,, 10045 11948,,WT,111,10959,0
2022-04-07T17:24:28.389Z,43dac0235e7e356d4c8cbc1c88d08d8e75df5d052cb71898940b1a33b6b1cc73,Org1MSP,Func7,"[191"",""100"",""11"",""100""]""",Org1MSP Org2MSP ,VALID, 11 191, 11 191,,UT,111,10969,0
2022-04-07T17:24:28.390Z,cc8a65a1e000354fcacf91ac87a7d30753f5a34260e2f440841a6d8bfd69f806,Org1MSP,Func1,"[1"",""2515""]""",Org1MSP Org2MSP ,VALID, 1 2515,,,RT,111,10967,0
2022-04-07T17:24:28.392Z,4f2ffd08eb7cb735daa19b15a43bf16d220314799d2f16acdffd361d24fc744a,Org1MSP,Func4,"[10158"",""1015800"",""10000"",""1000000""]""",Org1MSP Org2MSP ,VALID,, 10000 10158,,WT,111,10905,0
2022-04-07T17:24:28.394Z,badd1463be8844070e80c2db3e5b88e4ded8ef8775e436221a1e60f1491c6b64,Org1MSP,Func1,"[4162"",""984""]""",Org1MSP Org2MSP ,VALID, 4162 984,,,RT,112,11036,0
2022-04-07T17:24:28.396Z,7efc8fad70343867bd182b87398c04093d0df84349c9ef7ba153b6ea58c3ee06,Org1MSP,Func4,"[14817"",""1481700"",""12904"",""1290400""]""",Org1MSP Org2MSP ,VALID,, 12904 14817,,WT,111,10922,0
2022-04-07T17:24:28.398Z,556878408f739b7fbe32ffee1ca9136358d59f253a21911d6b7278bdd4da47d2,Org1MSP,Func4,"[11423"",""1142300"",""10000"",""1000000""]""",Org1MSP Org2MSP ,VALID,, 10000 11423,,WT,112,11001,0
2022-04-07T17:24:28.399Z,30a90f53b6facfe7d01f59e73a22615335e4d291e25619d95e627321c15c4c2a,Org1MSP,Func1,"[12"",""8938""]""",Org1MSP Org2MSP ,VALID, 12 8938,,,RT,112,10986,0
2022-04-07T17:24:28.489Z,3976701673365639a096d16872d6c63e462071fbc6b0978e035bdbe03df896a8,Org1MSP,Func4,"[12695"",""1269500"",""10003"",""1000300""]""",Org1MSP Org2MSP ,VALID,, 10003 12695,,WT,112,10990,0
2022-04-07T17:24:28.489Z,e2770fd75bcf1b6b22e08e477e4256a03774cd2c0961c6ff9cd4a55a25b9e1d3,Org1MSP,Func4,"[10007"",""1000700"",""10001"",""1000100""]""",Org1MSP Org2MSP ,VALID,, 10001 10007,,WT,112,11050,0
2022-04-07T17:24:28.490Z,e8ecb2df98f768cc4bafc9a11efe2f7aca7caf9d092d9e60026fcc815dfcf38a,Org1MSP,Func4,"[10002"",""1000200"",""10522"",""1052200""]""",Org1MSP Org2MSP ,VALID,, 10002 10522,,WT,112,11054,0
2022-04-07T17:24:28.492Z,0844bddd4f20ce60239fffdecbb687e61ed4f8566a35f7a7445dfa7144aa9ad1,Org1MSP,Func4,"[10001"",""1000100"",""12411"",""1241100""]""",Org1MSP Org2MSP ,VALID,, 10001 12411,,WT,112,10973,0
2022-04-07T17:24:28.493Z,c1dcdfca5284086f395c99afdca3a9a6711f1f4bff22e3118ac7297fcca574c6,Org1MSP,Func4,"[10000"",""1000000"",""10365"",""1036500""]""",Org1MSP Org2MSP ,VALID,, 10000 10365,,WT,112,11041,0
2022-04-07T17:24:28.494Z,72c56c43bd0adcb9ee529d200a0f1fef25a295958e9e09105e849fb45cd5dea2,Org1MSP,Func1,"[1"",""4""]""",Org1MSP Org2MSP ,VALID, 1 4,,,RT,112,11012,0
2022-04-07T17:24:28.496Z,3e28fab551c1fc684f51330eccf1e61f804a436f5138045740816b6b2c0a877c,Org1MSP,Func4,"[15486"",""1548600"",""10001"",""1000100""]""",Org1MSP Org2MSP ,VALID,, 10001 15486,,WT,112,10991,0
2022-04-07T17:24:28.497Z,91417092f1e319ec0ff6bca8d31516c1f48dcc58d3c0c8a6c31f83a750a0f25d,Org1MSP,Func4,"[10552"",""1055200"",""11459"",""1145900""]""",Org1MSP Org2MSP ,VALID,, 10552 11459,,WT,112,11024,0
2022-04-07T17:24:28.499Z,d29e1a209bee4f050cd288d06bad047baea690e686889ce45b1db174ef64038e,Org1MSP,Func7,"[9"",""100"",""107"",""100""]""",Org1MSP Org2MSP ,VALID, 107 9, 107 9,,UT,112,11046,0
2022-04-07T17:24:28.588Z,3318e912e8d8a5113066ab762fac20b353b41ce6483823167960d25103129f2a,Org1MSP,Func4,"[10002"",""1000200"",""10108"",""1010800""]""",Org1MSP Org2MSP ,VALID,, 10002 10108,,WT,112,10988,0
2022-04-07T17:24:28.589Z,c0556ed68ec86d723a5735222e72490b62459c1cb0505829a7f5ce2e7e164f6a,Org1MSP,Func4,"[10013"",""1001300"",""10003"",""1000300""]""",Org1MSP Org2MSP ,VALID,, 10003 10013,,WT,112,11039,0
2022-04-07T17:24:28.589Z,e3b5cf2575b03124a7b3ef104cf4b224ffe919b63f178466ac825552c65ad935,Org1MSP,Func4,"[10002"",""1000200"",""10190"",""1019000""]""",Org1MSP Org2MSP ,VALID,, 10002 10190,,WT,112,11051,0
2022-04-07T17:24:28.592Z,5ce0cbdee0691e90c690808463a502ee28711af8eb757f601f506e6dd268202b,Org1MSP,Func1,"[13"",""371""]""",Org1MSP Org2MSP ,VALID, 13 371,,,RT,112,11006,0
2022-04-07T17:24:28.593Z,65c28c7b5373c2c460c6898924dc7f48e94e20004cc9cbb2200c942ac13d3057,Org1MSP,Func1,"[26"",""1198""]""",Org1MSP Org2MSP ,VALID, 1198 26,,,RT,112,11007,0
2022-04-07T17:24:28.594Z,7dec333e18fc8ffe9064fe135f7128e5183ad90ecbe0e7c84f8d9487746d628f,Org1MSP,Func4,"[17010"",""1701000"",""10510"",""1051000""]""",Org1MSP Org2MSP ,VALID,, 10510 17010,,WT,112,11015,0
2022-04-07T17:24:28.596Z,759239d4e8af08a3fb7ebf2677c6113fa31bc63a5c64dc0f3527e2133a54187c,Org1MSP,Func7,"[27"",""100"",""226"",""100""]""",Org1MSP Org2MSP ,VALID, 226 27, 226 27,,UT,112,11013,0
2022-04-07T17:24:28.598Z,0a83f5b59a51935bd07f408d2020dd2b80ad3f08c3df6ee1e939294b798670df,Org1MSP,Func4,"[10005"",""1000500"",""10011"",""1001100""]""",Org1MSP Org2MSP ,VALID,, 10005 10011,,WT,112,10974,0
2022-04-07T17:24:28.598Z,c99c0cfec2e85b4c781b8431099ba7ec4857e447408868cf7722fcf4e7ff029e,Org1MSP,Func4,"[10002"",""1000200"",""10000"",""1000000""]""",Org1MSP Org2MSP ,VALID,, 10000 10002,,WT,112,11043,0
2022-04-07T17:24:28.688Z,c9f5436c40f153e768b790f3cb5561d8962425068e75e45653ef9cad886a7249,Org1MSP,Func4,"[10000"",""1000000"",""10056"",""1005600""]""",Org1MSP Org2MSP ,VALID,, 10000 10056,,WT,112,11044,0
2022-04-07T17:24:28.690Z,bfac1127e8c035e53e7a05e8499b60863bdf1f145c3c5c5c15e9f261a46d9a17,Org1MSP,Func1,"[353"",""8""]""",Org1MSP Org2MSP ,VALID, 353 8,,,RT,112,11038,0
2022-04-07T17:24:28.690Z,f290d1930abe35122700bf93be613bb5c9143b85bdad5b25c0079dae7435bdc9,Org1MSP,Func1,"[1799"",""20""]""",Org1MSP Org2MSP ,VALID, 1799 20,,,RT,112,11059,0
2022-04-07T17:24:28.693Z,b788678ac6f2a262f8d8500fa8169cb6151748e711b177dbd74704cd47ab0f19,Org1MSP,Func4,"[10009"",""1000900"",""18113"",""1811300""]""",Org1MSP Org2MSP ,VALID,, 10009 18113,,WT,112,11032,0
2022-04-07T17:24:28.694Z,b7dd89c99dc1b60a2b487ff2ec0a0e3d216e7e569e90580dfd233a7139d47aaa,Org1MSP,Func7,"[571"",""100"",""2250"",""100""]""",Org1MSP Org2MSP ,VALID, 2250 571, 2250 571,,UT,112,11034,0
2022-04-07T17:24:28.695Z,b1ff3b1329ce379f66ec6a737f44fd8f40a54e3302f0703574b825d2dd98dfcf,Org1MSP,Func1,"[56"",""3052""]""",Org1MSP Org2MSP ,VALID, 3052 56,,,RT,112,11030,0
2022-04-07T17:24:28.696Z,68fc3c997aea0d2baf8765fcfbf02b9af937f7ca23317dd56cc2876d981b928e,Org1MSP,Func7,"[75"",""100"",""3"",""100""]""",Org1MSP Org2MSP ,VALID, 3 75, 3 75,,UT,112,11009,0
2022-04-07T17:24:28.697Z,f24e6e200dbe540924b351a856e93d631bce4bf85d57770225e10d289d4e0324,Org1MSP,Func4,"[10011"",""1001100"",""10192"",""1019200""]""",Org1MSP Org2MSP ,VALID,, 10011 10192,,WT,112,11058,0
2022-04-07T17:24:28.698Z,f59194506c381dd0a023703ae2a61ba2639a6d9445d7a7c1f5b6a36b005508a5,Org1MSP,Func4,"[10009"",""1000900"",""10501"",""1050100""]""",Org1MSP Org2MSP ,VALID,, 10009 10501,,WT,112,11060,0
2022-04-07T17:24:28.705Z,8b7ed1f32101ac34908a89f96e350e0e36448b5f9461a695b8b8956da3aabe62,Org1MSP,Func7,"[17"",""100"",""317"",""100""]""",Org1MSP Org2MSP ,VALID, 17 317, 17 317,,UT,112,11023,0
2022-04-07T17:24:28.789Z,8271505bdc5b028d1a963a10ef162744f40333174cf5ce4dbec52042089eb500,Org1MSP,Func4,"[10000"",""1000000"",""10897"",""1089700""]""",Org1MSP Org2MSP ,VALID,, 10000 10897,,WT,112,11019,0
2022-04-07T17:24:28.790Z,757feb0bab5b29062324c228c9230e6a05a6450aa28aafeef55f26d3f09dbecb,Org1MSP,Func7,"[49"",""100"",""1"",""100""]""",Org1MSP Org2MSP ,VALID, 1 49, 1 49,,UT,112,11066,0
2022-04-07T17:24:28.791Z,35f957c4218c6fbfd11f9018aafa94ac2ce3511ad4213c8b5f1e989da5db81fd,Org1MSP,Func4,"[10881"",""1088100"",""10003"",""1000300""]""",Org1MSP Org2MSP ,VALID,, 10003 10881,,WT,112,10989,0
2022-04-07T17:24:28.793Z,987318b776d7c2d32f6acd6144394108cd21690d76cd3867dd5acf90251d0374,Org1MSP,Func4,"[10928"",""1092800"",""10074"",""1007400""]""",Org1MSP Org2MSP ,VALID,, 10074 10928,,WT,112,11026,0
2022-04-07T17:24:28.793Z,e00775df30d38a1b82a390425989481f57cd2f1c7d7f6862d39b72942f658afd,Org1MSP,Func1,"[97"",""26""]""",Org1MSP Org2MSP ,VALID, 26 97,,,RT,112,11049,0
2022-04-07T17:24:28.794Z,795b831add532168b13bfae944a97b5d6c9f09c8288b3ceb8905b7cd52cf2339,Org1MSP,Func4,"[10088"",""1008800"",""10007"",""1000700""]""",Org1MSP Org2MSP ,VALID,, 10007 10088,,WT,112,11014,0
2022-04-07T17:24:28.795Z,ea7907906ad34155f81a9b03e3c5b094a220eeae00040ab4289fdc74f800786b,Org1MSP,Func7,"[4808"",""100"",""8899"",""100""]""",Org1MSP Org2MSP ,VALID, 4808 8899, 4808 8899,,UT,112,11056,0
2022-04-07T17:24:28.797Z,8b4165f391f8d95593c3fe6536617abda308079c91f6734d5e38885ee562394d,Org1MSP,Func7,"[19"",""100"",""2218"",""100""]""",Org1MSP Org2MSP ,VALID, 19 2218, 19 2218,,UT,112,11022,0
2022-04-07T17:24:28.797Z,d254f134fa5bd5e084a86a3b7383ed5e14f635124bd0541f89a196ea72732899,Org1MSP,Func7,"[16"",""100"",""2"",""100""]""",Org1MSP Org2MSP ,VALID, 16 2, 16 2,,UT,112,11063,0
2022-04-07T17:24:28.800Z,3284b7399bc2752b1100a9f55c338f1097c358a1b80b1f6464d6a5216ae385ae,Org1MSP,Func4,"[10000"",""1000000"",""11398"",""1139800""]""",Org1MSP Org2MSP ,VALID,, 10000 11398,,WT,112,10987,0
2022-04-07T17:24:28.890Z,6f50332b77cf605ff524ea96318096ee9caeb1a463c41403d4de613c042b8c77,Org1MSP,Func4,"[10043"",""1004300"",""15420"",""1542000""]""",Org1MSP Org2MSP ,VALID,, 10043 15420,,WT,112,11011,0
2022-04-07T17:24:28.890Z,e9b6b7a2e7aaccc8d004da3aa613df6b56bb490db7a024c5b9bbaabb969921bd,Org1MSP,Func4,"[10250"",""1025000"",""10022"",""1002200""]""",Org1MSP Org2MSP ,VALID,, 10022 10250,,WT,112,11055,0
2022-04-07T17:24:28.892Z,5b8dbf2a230ae8e8936b590e9e6995744689748c771e0b9506d7492e7417c51b,Org1MSP,Func1,"[433"",""4""]""",Org1MSP Org2MSP ,VALID, 4 433,,,RT,112,11005,0
2022-04-07T17:24:28.893Z,6703de7a7db4359546fb113d26f2d1a54663603c5a1d0a7b92f24339e664f489,Org1MSP,Func1,"[678"",""44""]""",Org1MSP Org2MSP ,VALID, 44 678,,,RT,112,11008,0
2022-04-07T17:24:28.893Z,82b12ef0b3a1102cd61d23b7776a2990a1aa75163d526399b3d23c35a024541e,Org1MSP,Func4,"[10032"",""1003200"",""15934"",""1593400""]""",Org1MSP Org2MSP ,VALID,, 10032 15934,,WT,112,11020,0
2022-04-07T17:24:28.894Z,b97b64efee48d1ca049af378d73639473fa07b061e6fec2cc66bb90fb03c2339,Org1MSP,Func4,"[18244"",""1824400"",""10002"",""1000200""]""",Org1MSP Org2MSP ,VALID,, 10002 18244,,WT,112,11035,0
2022-04-07T17:24:28.895Z,5aa60cad15d889552a3171343768c861ca77501eea7872d3651c6bb3d741332f,Org1MSP,Func1,"[1205"",""78""]""",Org1MSP Org2MSP ,VALID, 1205 78,,,RT,112,11003,0
2022-04-07T17:24:28.897Z,4aed987546e879e2f46965404471349fb7b518ff53c2ea2e9c40bbbaf58913f9,Org1MSP,Func1,"[209"",""165""]""",Org1MSP Org2MSP ,VALID, 165 209,,,RT,112,10996,0
2022-04-07T17:24:28.897Z,ff471f675d8a4cc99157306c5771a7c986496c4d83549c95c96310feec1d844b,Org1MSP,Func1,"[203"",""31""]""",Org1MSP Org2MSP ,VALID, 203 31,,,RT,112,11062,0
2022-04-07T17:24:28.898Z,7f82c828d3db7e98ac65e0c959f722b49cd0e90908a39e07c7771159557fbec1,Org1MSP,Func4,"[10004"",""1000400"",""10001"",""1000100""]""",Org1MSP Org2MSP ,VALID,, 10001 10004,,WT,112,11016,0
2022-04-07T17:24:28.989Z,4ef55d6e63e31d41e663c5773eca4d004a0177fca9ed64cd07516f4a94666bc4,Org1MSP,Func4,"[12562"",""1256200"",""10073"",""1007300""]""",Org1MSP Org2MSP ,VALID,, 10073 12562,,WT,112,10998,0
2022-04-07T17:24:28.992Z,0cd5e5249a3415afa7a8e493f3d3b30237635cb2aecaf9e9571a8f1194be5e48,Org1MSP,Func4,"[10001"",""1000100"",""10000"",""1000000""]""",Org1MSP Org2MSP ,VALID,, 10000 10001,,WT,112,10976,0
2022-04-07T17:24:28.992Z,abaf696d19ee7990632e97e30ed133b9c45d4736d035db4af496ecc5790d1312,Org1MSP,Func1,"[1"",""224""]""",Org1MSP Org2MSP ,VALID, 1 224,,,RT,112,11064,0
2022-04-07T17:24:28.996Z,d9b528d659130c370bf35de3f6d3bc49efac4b30d4ac143f843a4c1b66189903,Org1MSP,Func1,"[8"",""218""]""",Org1MSP Org2MSP ,VALID, 218 8,,,RT,112,11047,0
2022-04-07T17:24:28.997Z,486b9ba6be0b172c3b655820f484abee5929188ab163dacf1772a9a048e46f36,Org1MSP,Func4,"[10012"",""1001200"",""12135"",""1213500""]""",Org1MSP Org2MSP ,VALID,, 10012 12135,,WT,112,10994,0
2022-04-07T17:24:28.999Z,294ea1927a0e33bcde3befba65f24b49f130435ab153df92523b6e99a0c191ce,Org1MSP,Func1,"[420"",""28""]""",Org1MSP Org2MSP ,VALID, 28 420,,,RT,112,10985,0
2022-04-07T17:24:28.999Z,e89f81eb4c02be1fdbdb80755aa34d3d39097654b35bacfb15c727792c3533ec,Org1MSP,Func4,"[10053"",""1005300"",""10114"",""1011400""]""",Org1MSP Org2MSP ,VALID,, 10053 10114,,WT,112,11053,0
2022-04-07T17:24:29.000Z,8af93b99b89fc565a701b26bb51c3304e430a43c2298caf4d745e49260d67815,Org1MSP,Func4,"[10062"",""1006200"",""11651"",""1165100""]""",Org1MSP Org2MSP ,VALID,, 10062 11651,,WT,112,11021,0
2022-04-07T17:24:29.089Z,6c9a1576a49c74647e03df8a163e29c271af5fbe3e28af6dd2a8f0df4f5ecb72,Org1MSP,Func4,"[10023"",""1002300"",""10048"",""1004800""]""",Org1MSP Org2MSP ,VALID,, 10023 10048,,WT,112,11010,0
2022-04-07T17:24:29.089Z,80b64499f82f01aa91c24c77d1cee9985cc73b29cf2c89ebe3811153282e9bb3,Org1MSP,Func4,"[10000"",""1000000"",""10152"",""1015200""]""",Org1MSP Org2MSP ,VALID,, 10000 10152,,WT,112,11017,0
2022-04-07T17:24:29.089Z,977da7846bd91257606381ade570305e66736bccabf47243a76f1d97e2965d87,Org1MSP,Func7,"[138"",""100"",""136"",""100""]""",Org1MSP Org2MSP ,VALID, 136 138, 136 138,,UT,112,11025,0
2022-04-07T17:24:29.091Z,bf962b4e6b923ef76bbe0a3b01d7da1e86f91cbbc37aa4f0475bf19778e667ee,Org1MSP,Func4,"[10000"",""1000000"",""10032"",""1003200""]""",Org1MSP Org2MSP ,VALID,, 10000 10032,,WT,112,11037,0
2022-04-07T17:24:29.093Z,ac45bbdbb868138057c84150c72fc0cd0e1b94465a92bd82b08e6988c224061e,Org1MSP,Func1,"[5"",""1083""]""",Org1MSP Org2MSP ,VALID, 1083 5,,,RT,112,11029,0
2022-04-07T17:24:29.095Z,fd5a2981791e58477eeee92269a7e10633c645c54ea736da7b3bd9fc00618aec,Org1MSP,Func7,"[160"",""100"",""23"",""100""]""",Org1MSP Org2MSP ,VALID, 160 23, 160 23,,UT,112,11061,0
2022-04-07T17:24:29.099Z,aa94906f59f8056b1a5d8286666716ff91d89faaf98565fb64ff50505f6b71db,Org1MSP,Func4,"[10051"",""1005100"",""11842"",""1184200""]""",Org1MSP Org2MSP ,VALID,, 10051 11842,,WT,112,11028,0
2022-04-07T17:24:29.100Z,0cfd5e4975f1ef194ae017980bdd434497852f3e31689d0da68b7741a429c51a,Org1MSP,Func4,"[18671"",""1867100"",""10033"",""1003300""]""",Org1MSP Org2MSP ,VALID,, 10033 18671,,WT,112,10977,0
2022-04-07T17:24:29.189Z,1c9f2f3f323f9d84d2f92afb066eab79ae34f5c0fd18e0b382a74c136810d807,Org1MSP,Func7,"[1809"",""100"",""289"",""100""]""",Org1MSP Org2MSP ,VALID, 1809 289, 1809 289,,UT,112,10982,0
2022-04-07T17:24:29.189Z,47fe847f1fba94a894cc4373407e549a823f7fbf126189dfa96635217736c067,Org1MSP,Func4,"[10308"",""1030800"",""10317"",""1031700""]""",Org1MSP Org2MSP ,VALID,, 10308 10317,,WT,112,10993,0
2022-04-07T17:24:29.189Z,4d6db86ff676364321ca07088a51dc4f94a2e6de6eb119913c716d1e2b91977e,Org1MSP,Func4,"[10012"",""1001200"",""10000"",""1000000""]""",Org1MSP Org2MSP ,VALID,, 10000 10012,,WT,112,10997,0
2022-04-07T17:24:29.193Z,c146d58b9521593a3bdc7370418686f7bfe77ba2a2718dc33e510e54e53bd4bc,Org1MSP,Func4,"[13536"",""1353600"",""11390"",""1139000""]""",Org1MSP Org2MSP ,VALID,, 11390 13536,,WT,112,11040,0
2022-04-07T17:24:29.195Z,1f41e2aba2358cd5341a12ce8f4f12734c5063ff511639720815fa00c1480b87,Org1MSP,Func4,"[11135"",""1113500"",""10146"",""1014600""]""",Org1MSP Org2MSP ,VALID,, 10146 11135,,WT,112,10984,0
2022-04-07T17:24:29.196Z,1b27707e93c4215e495658a90525e235268533552f6bee9478e6b4ec22e0cda0,Org1MSP,Func4,"[12257"",""1225700"",""13546"",""1354600""]""",Org1MSP Org2MSP ,VALID,, 12257 13546,,WT,112,10981,0
2022-04-07T17:24:29.198Z,4a4d340433c4d435f2be84ec1ca3fd9d6d2499aa92d958d0e593e7fa222b83e3,Org1MSP,Func1,"[8657"",""4""]""",Org1MSP Org2MSP ,VALID, 4 8657,,,RT,112,10995,0
2022-04-07T17:24:29.198Z,e5b1e9a64efe0a5189c2b41094c22bd9be016ad16b161159eb57ea9d3c1dc867,Org1MSP,Func4,"[10338"",""1033800"",""10126"",""1012600""]""",Org1MSP Org2MSP ,VALID,, 10126 10338,,WT,112,11052,0
2022-04-07T17:24:29.206Z,1d6369b5d97e95fc611f5afb28f5653a16734daf73b3ab44da92800600f6885f,Org1MSP,Func4,"[10006"",""1000600"",""11175"",""1117500""]""",Org1MSP Org2MSP ,VALID,, 10006 11175,,WT,112,10983,0
2022-04-07T17:24:29.289Z,b59ceb32875270270c2b8323d4e4066d4ccc57ae7a3ca4e14d6a5d8ae1ee64a5,Org1MSP,Func4,"[14481"",""1448100"",""10320"",""1032000""]""",Org1MSP Org2MSP ,VALID,, 10320 14481,,WT,112,11031,0
2022-04-07T17:24:29.290Z,cedba4176d4f05446a79b41f29ede1fdf610b20e9943b88d982567f3e72b5d21,Org1MSP,Func4,"[10039"",""1003900"",""10012"",""1001200""]""",Org1MSP Org2MSP ,VALID,, 10012 10039,,WT,112,11045,0
2022-04-07T17:24:29.291Z,0c35369587e32bd51a18d716376035f2c9480f4a163521b90298485457879b16,Org1MSP,Func1,"[309"",""1018""]""",Org1MSP Org2MSP ,VALID, 1018 309,,,RT,112,10975,0
2022-04-07T17:24:29.291Z,5a95b325d69bf5483a52a93824b42efd4cc15941c9db89b53f24d06c6f0761e4,Org1MSP,Func4,"[10575"",""1057500"",""13625"",""1362500""]""",Org1MSP Org2MSP ,VALID,, 10575 13625,,WT,112,11002,0
2022-04-07T17:24:29.292Z,eb5e1fd4d84dfdff5a9419dcc7914b52a586a84e7398d540ea7049a2d550158d,Org1MSP,Func7,"[64"",""100"",""80"",""100""]""",Org1MSP Org2MSP ,VALID, 64 80, 64 80,,UT,112,11057,0
2022-04-07T17:24:29.293Z,1435a0a3a6a343fd800919405b97fd92e9c97cced9ea52f21cc1922d4f175f76,Org1MSP,Func1,"[4081"",""465""]""",Org1MSP Org2MSP ,VALID, 4081 465,,,RT,112,10979,0
2022-04-07T17:24:29.294Z,50dc7e061bfb14c9f9ec870812905718a787abdf58d14e3480c8ce1bb47a040b,Org1MSP,Func1,"[4"",""7408""]""",Org1MSP Org2MSP ,VALID, 4 7408,,,RT,112,10999,0
2022-04-07T17:24:29.296Z,079a102ac7cf86ce7b154503b1555fabb8bc134b56eb41babe63c36dfe402a3d,Org1MSP,Func4,"[12657"",""1265700"",""10414"",""1041400""]""",Org1MSP Org2MSP ,VALID,, 10414 12657,,WT,112,10972,0
2022-04-07T17:24:29.298Z,dd3c14234d98e93ef231a9d1251a19494e9fb94d916cc5714c1dc4f675f06e3e,Org1MSP,Func1,"[137"",""2""]""",Org1MSP Org2MSP ,VALID, 137 2,,,RT,112,11048,0
2022-04-07T17:24:29.299Z,155cde4640a5555835d2131c26116fc89728f81e1b3060c33292ffe2ba2f6e8d,Org1MSP,Func4,"[10010"",""1001000"",""10000"",""1000000""]""",Org1MSP Org2MSP ,VALID,, 10000 10010,,WT,112,10980,0
2022-04-07T17:24:29.389Z,519a7cad3cde62954875af0829a5b59a78188affcb31c1830ef3445cb1c2c95b,Org1MSP,Func4,"[17850"",""1785000"",""10001"",""1000100""]""",Org1MSP Org2MSP ,VALID,, 10001 17850,,WT,112,11000,0
2022-04-07T17:24:29.389Z,5b43bbc4b767779d2bf64063ac1c76821f9a9f39f917357165d73c34dc16c7c9,Org1MSP,Func4,"[11451"",""1145100"",""15210"",""1521000""]""",Org1MSP Org2MSP ,VALID,, 11451 15210,,WT,112,11004,0
2022-04-07T17:24:29.389Z,c92cf86fb0411337416f39355d82ba1ea2522a3ed9740eef9c71e39c13fbbf35,Org1MSP,Func4,"[18511"",""1851100"",""10002"",""1000200""]""",Org1MSP Org2MSP ,VALID,, 10002 18511,,WT,112,11042,0
2022-04-07T17:24:29.390Z,2c24335381e568946a48459b912995c6806b826d311ecdb93feffc3c9811dbe3,Org1MSP,Func1,"[115"",""1""]""",Org1MSP Org2MSP ,VALID, 1 115,,,RT,112,11065,0
2022-04-07T17:24:29.392Z,b7c77ec61f46e8c3fdbbd4848194787abcf983ccf6c81a6a822e0358c2c8d44d,Org1MSP,Func1,"[37"",""122""]""",Org1MSP Org2MSP ,VALID, 122 37,,,RT,112,11033,0
2022-04-07T17:24:29.394Z,43a465db775c6178e50d50bfdb3a051f2dd8a0a862283b553913e73bab0e9a48,Org1MSP,Func4,"[10016"",""1001600"",""12799"",""1279900""]""",Org1MSP Org2MSP ,VALID,, 10016 12799,,WT,112,10992,0
2022-04-07T17:24:29.394Z,a5d72d07b2b419f8fda72798d26a817b43620c02cdb5e98056594e4fe40e0dac,Org1MSP,Func1,"[55"",""28""]""",Org1MSP Org2MSP ,VALID, 28 55,,,RT,112,11027,0
2022-04-07T17:24:29.396Z,119643d0e89a6a0e77f42ad8b82a5eb0862ded08035a0b2dbaf52ad923386e15,Org1MSP,Func4,"[12968"",""1296800"",""10011"",""1001100""]""",Org1MSP Org2MSP ,VALID,, 10011 12968,,WT,112,10978,0
2022-04-07T17:24:29.399Z,81e59de8333c4f46d603c00c905af01347dbaa186101e7121f23fbf62ad36f09,Org1MSP,Func4,"[10902"",""1090200"",""10000"",""1000000""]""",Org1MSP Org2MSP ,VALID,, 10000 10902,,WT,112,11018,0
2022-04-07T17:24:29.490Z,abf828e25c730876e668e02a3e89d091b2220a1a27b9d73502802b1d02f29943,Org1MSP,Func4,"[10009"",""1000900"",""10008"",""1000800""]""",Org1MSP Org2MSP ,VALID,, 10008 10009,,WT,113,11121,0
2022-04-07T17:24:29.490Z,c2ae97946a39e9d52cb99b80d207c969779ec5c440040b98c193870b4ca221a7,Org1MSP,Func4,"[10004"",""1000400"",""10094"",""1009400""]""",Org1MSP Org2MSP ,VALID,, 10004 10094,,WT,113,11134,0
2022-04-07T17:24:29.490Z,db902081b704e5a9d3455ea9e4b3175312a2944f15831ef25ed308840dd4d43f,Org1MSP,Func4,"[14994"",""1499400"",""10000"",""1000000""]""",Org1MSP Org2MSP ,VALID,, 10000 14994,,WT,113,11142,0
2022-04-07T17:24:29.491Z,eb6412e650fb83ce07ccdbeaa9788116e0e633abfb0b5d0e21420857c0a316f4,Org1MSP,Func4,"[10040"",""1004000"",""10028"",""1002800""]""",Org1MSP Org2MSP ,VALID,, 10028 10040,,WT,113,11149,0
2022-04-07T17:24:29.492Z,c5dc69bb7ee38b6dc8b4d8a423d6db54160edc471a31164caf13c7b372546a09,Org1MSP,Func4,"[10006"",""1000600"",""10008"",""1000800""]""",Org1MSP Org2MSP ,VALID,, 10006 10008,,WT,113,11135,0
2022-04-07T17:24:29.496Z,78dc350b7f84b2787b311736785c5ffa2bef6bc8b4061d42ea1454a28cb68c08,Org1MSP,Func4,"[10044"",""1004400"",""18917"",""1891700""]""",Org1MSP Org2MSP ,VALID,, 10044 18917,,WT,113,11108,0
2022-04-07T17:24:29.499Z,6a1d82bace72b0063a91173cf93d470a459ece0d11d7d757ad651118a881c4eb,Org1MSP,Func4,"[10648"",""1064800"",""13125"",""1312500""]""",Org1MSP Org2MSP ,VALID,, 10648 13125,,WT,113,11105,0
2022-04-07T17:24:29.500Z,1214a477cdf89b3c74f07f14daa6fff4b1a5635ff53848e9587a6a2830fdb2cd,Org1MSP,Func1,"[2038"",""97""]""",Org1MSP Org2MSP ,VALID, 2038 97,,,RT,113,11073,0
2022-04-07T17:24:29.590Z,57456efb5998a7b825c1f693aaff57403e2a43bd93647c78908ffae502d0863d,Org1MSP,Func4,"[10019"",""1001900"",""10035"",""1003500""]""",Org1MSP Org2MSP ,VALID,, 10019 10035,,WT,113,11097,0
2022-04-07T17:24:29.592Z,2cb5c6044b77974242e9f94d9a38ef0fe01b0ddf6cc24bf36f6a9e3850ae1cca,Org1MSP,Func4,"[10021"",""1002100"",""10035"",""1003500""]""",Org1MSP Org2MSP ,VALID,, 10021 10035,,WT,113,11085,0
2022-04-07T17:24:29.592Z,b0aca544af0b49b44e8db61edd3ea64593466e4a1541e4d60b3f9b121d015973,Org1MSP,Func4,"[10001"",""1000100"",""10120"",""1012000""]""",Org1MSP Org2MSP ,VALID,, 10001 10120,,WT,113,11125,0
2022-04-07T17:24:29.592Z,e02837e5a2b22e30834cae63d62ab3c8089db58a993ad41e0f200d65a9baa1ea,Org1MSP,Func1,"[2"",""18""]""",Org1MSP Org2MSP ,VALID, 18 2,,,RT,113,11145,0
2022-04-07T17:24:29.593Z,be5165c1aa58309accff9eade7ac72fb32c11c35daa67ef295a08b740bde5253,Org1MSP,Func4,"[14718"",""1471800"",""10020"",""1002000""]""",Org1MSP Org2MSP ,VALID,, 10020 14718,,WT,113,11130,0
2022-04-07T17:24:29.594Z,f9b98113403497d630284b0fec2ad97e9f56d266567ae4b8a171f87b8f370814,Org1MSP,Func4,"[10000"",""1000000"",""11399"",""1139900""]""",Org1MSP Org2MSP ,VALID,, 10000 11399,,WT,113,11158,0
2022-04-07T17:24:29.595Z,a059c5a283eb63ee4b7b4efdf85a35d9f284cd07cdfab68ce7c6643720fe027f,Org1MSP,Func4,"[10026"",""1002600"",""10057"",""1005700""]""",Org1MSP Org2MSP ,VALID,, 10026 10057,,WT,113,11118,0
2022-04-07T17:24:29.596Z,f6d4120254456e8b6a88428153b2a3c2c3f5f7dd9d5efcb6108102169e862104,Org1MSP,Func7,"[4945"",""100"",""3738"",""100""]""",Org1MSP Org2MSP ,VALID, 3738 4945, 3738 4945,,UT,113,11157,0
2022-04-07T17:24:29.597Z,24d31a31868bcc40b0eb91438cc3f6f235ac3e736e9439604e15f673c49670c4,Org1MSP,Func1,"[2"",""581""]""",Org1MSP Org2MSP ,VALID, 2 581,,,RT,113,11082,0
2022-04-07T17:24:29.598Z,4e0e31f3aed04b923cbd32d8b12838069939d79873d9e3020848351aa1633a9b,Org1MSP,Func4,"[10001"",""1000100"",""10002"",""1000200""]""",Org1MSP Org2MSP ,VALID,, 10001 10002,,WT,113,11093,0
2022-04-07T17:24:29.689Z,a9171d03743b54612bd6395c4db1cefb22ec030b9f70d91b7ba200fb7e7c313a,Org1MSP,Func7,"[6"",""100"",""2908"",""100""]""",Org1MSP Org2MSP ,VALID, 2908 6, 2908 6,,UT,113,11120,0
2022-04-07T17:24:29.689Z,dea1640b7434cee6f0d538873205be4789e602958cd197c287e58152a36d0117,Org1MSP,Func1,"[8"",""2""]""",Org1MSP Org2MSP ,VALID, 2 8,,,RT,113,11144,0
2022-04-07T17:24:29.691Z,7f1ea00386c76d7c55893ced3bb404eaf442d8ee1829b15277cb6114f5db28ce,Org1MSP,Func4,"[10491"",""1049100"",""14592"",""1459200""]""",Org1MSP Org2MSP ,VALID,, 10491 14592,,WT,113,11111,0
2022-04-07T17:24:29.692Z,ddbe0a5d560bb8e058e2d5a7218d79bee806d4ed59e66a41fcf460ccea917d5f,Org1MSP,Func1,"[66"",""2""]""",Org1MSP Org2MSP ,VALID, 2 66,,,RT,113,11143,0
2022-04-07T17:24:29.693Z,fadde27e03d80256dda7c67835183f54b519ecb2485cdc130b3489e985c2eb68,Org1MSP,Func4,"[10283"",""1028300"",""10254"",""1025400""]""",Org1MSP Org2MSP ,VALID,, 10254 10283,,WT,113,11159,0
2022-04-07T17:24:29.695Z,6249761e9d275c10bf62892d0af1501f5f78d92f33611b5e23c1a40d4b5604d5,Org1MSP,Func4,"[14086"",""1408600"",""10011"",""1001100""]""",Org1MSP Org2MSP ,VALID,, 10011 14086,,WT,113,11100,0
2022-04-07T17:24:29.696Z,cfbe4876d3b8a4082385a8e4ca70d40fde5d025fb9e793ca8bc851d3056dfbd4,Org1MSP,Func1,"[308"",""205""]""",Org1MSP Org2MSP ,VALID, 205 308,,,RT,113,11138,0
2022-04-07T17:24:29.698Z,bfed494b3a6ef11f5e182fbc3a2c565c7c71324c8a4222274d6f00dd49073f81,Org1MSP,Func7,"[4340"",""100"",""196"",""100""]""",Org1MSP Org2MSP ,VALID, 196 4340, 196 4340,,UT,113,11132,0
2022-04-07T17:24:29.699Z,f08c015b4049c0a22c59a83b60a9478ea8390da0a88c8a49b447409354e367cf,Org1MSP,Func7,"[84"",""100"",""5"",""100""]""",Org1MSP Org2MSP ,VALID, 5 84, 5 84,,UT,113,11166,0
2022-04-07T17:24:29.788Z,ac031909a5d80c31f987276b301ccc6346685a2ecb3747773a6e8a0385e5c60f,Org1MSP,Func4,"[10770"",""1077000"",""13003"",""1300300""]""",Org1MSP Org2MSP ,VALID,, 10770 13003,,WT,113,11122,0
2022-04-07T17:24:29.789Z,9387af8a120db07907b2259ae366b38a8dbe16d047fb6a4590940d2b1bf903ce,Org1MSP,Func1,"[1"",""1152""]""",Org1MSP Org2MSP ,VALID, 1 1152,,,RT,113,11115,0
2022-04-07T17:24:29.791Z,0f9da8ba4942be0b0cc6aa2fe433eeb7b87981d06162f95a9d5e61a65633347f,Org1MSP,Func4,"[10003"",""1000300"",""10006"",""1000600""]""",Org1MSP Org2MSP ,VALID,, 10003 10006,,WT,113,11071,0
2022-04-07T17:24:29.791Z,ac7cb7d61cfd84bdc9c5df9eb67ff1522ade92a7072e035737bb6d7042d36a14,Org1MSP,Func4,"[10042"",""1004200"",""15505"",""1550500""]""",Org1MSP Org2MSP ,VALID,, 10042 15505,,WT,113,11123,0
2022-04-07T17:24:29.792Z,70d8a156bedec34b700615a88462e32644ac26fb9184ad02732446c940cb1f19,Org1MSP,Func4,"[10011"",""1001100"",""11470"",""1147000""]""",Org1MSP Org2MSP ,VALID,, 10011 11470,,WT,113,11107,0
2022-04-07T17:24:29.794Z,5c8006da9c33625fe254243c0b5c7219239e85fd754ac30059065008112ec23a,Org1MSP,Func4,"[10027"",""1002700"",""10082"",""1008200""]""",Org1MSP Org2MSP ,VALID,, 10027 10082,,WT,113,11098,0
2022-04-07T17:24:29.794Z,d9d56b77e771eefddb9cb592bb421136d03dc3686a84ac14e2f41a7a1d4e0133,Org1MSP,Func4,"[10035"",""1003500"",""15391"",""1539100""]""",Org1MSP Org2MSP ,VALID,, 10035 15391,,WT,113,11141,0
2022-04-07T17:24:29.796Z,0ab2fdfadc487660bc2b4c8bd2cd0d3315c9a882417557e0007aecfa22af8dc6,Org1MSP,Func7,"[8871"",""100"",""34"",""100""]""",Org1MSP Org2MSP ,VALID, 34 8871, 34 8871,,UT,113,11069,0
2022-04-07T17:24:29.797Z,482bfdaddc0e27fa7ef87792ec6ba3c193ac368df320b6f390f219d979f4fb28,Org1MSP,Func4,"[10335"",""1033500"",""10003"",""1000300""]""",Org1MSP Org2MSP ,VALID,, 10003 10335,,WT,113,11090,0
2022-04-07T17:24:29.890Z,d706c2a520235f0204f6ed700906eae1b08945f61f5d5d3f543b155077da3e76,Org1MSP,Func4,"[10002"",""1000200"",""10029"",""1002900""]""",Org1MSP Org2MSP ,VALID,, 10002 10029,,WT,113,11139,0
2022-04-07T17:24:29.891Z,65201fb35bb7c1c860f975b542e37a4df229828f14a5a2d178a894b92be54fdd,Org1MSP,Func7,"[126"",""100"",""970"",""100""]""",Org1MSP Org2MSP ,VALID, 126 970, 126 970,,UT,113,11103,0
2022-04-07T17:24:29.891Z,9b268e8769dae8693df43a4409e03cadd06c7f623c9f61ace4c29b74707bf47e,Org1MSP,Func4,"[14561"",""1456100"",""10098"",""1009800""]""",Org1MSP Org2MSP ,VALID,, 10098 14561,,WT,113,11117,0
2022-04-07T17:24:29.893Z,1e59a909cd364e7c1f7979e73dfed86af4fb1444ea933e43749a1ac53df82ea3,Org1MSP,Func1,"[1"",""1""]""",Org1MSP Org2MSP ,VALID, 1,,,RT,113,11080,0
2022-04-07T17:24:29.894Z,1298ebdb1816aef18583ea512853c1ce247707c549ca084d0e69bcf791e71287,Org1MSP,Func4,"[10201"",""1020100"",""10064"",""1006400""]""",Org1MSP Org2MSP ,VALID,, 10064 10201,,WT,113,11074,0
2022-04-07T17:24:29.894Z,fcb141bc0b174d5bf193703d29e78e9b7e31b20ab96be2df34090eb1a2ab941b,Org1MSP,Func4,"[10377"",""1037700"",""11124"",""1112400""]""",Org1MSP Org2MSP ,VALID,, 10377 11124,,WT,113,11160,0
2022-04-07T17:24:29.896Z,bfa94a7862e5c7e065645276dfd4f3d0ef4466ce0a6be578a9c6947f6710249f,Org1MSP,Func1,"[1833"",""1009""]""",Org1MSP Org2MSP ,VALID, 1009 1833,,,RT,113,11131,0
2022-04-07T17:24:29.896Z,f476591f7b9cdf3e95a1d238ddfe0db43c462dd3e8423e678ccba42a5fcbf91d,Org1MSP,Func4,"[10022"",""1002200"",""10146"",""1014600""]""",Org1MSP Org2MSP ,VALID,, 10022 10146,,WT,113,11154,0
2022-04-07T17:24:29.897Z,b7d0ae4a91c3c8285619bef1a9f64518c9d4b9961226f8577494112e6081863f,Org1MSP,Func7,"[40"",""100"",""2849"",""100""]""",Org1MSP Org2MSP ,VALID, 2849 40, 2849 40,,UT,113,11128,0
2022-04-07T17:24:29.988Z,62e3d57c1bd42a61cdb932e6718c60b6f884b939163a1174900d114172c6a72c,Org1MSP,Func4,"[10109"",""1010900"",""10026"",""1002600""]""",Org1MSP Org2MSP ,VALID,, 10026 10109,,WT,113,11102,0
2022-04-07T17:24:29.989Z,b35d290123f05f8923980975de8909ee1dc1f706b61e3968ef83cbae91b5fda4,Org1MSP,Func4,"[10030"",""1003000"",""11120"",""1112000""]""",Org1MSP Org2MSP ,VALID,, 10030 11120,,WT,113,11126,0
2022-04-07T17:24:29.989Z,d913ad721944a9c67feac4a80e73094292e98f88326342df72de64160024ca13,Org1MSP,Func4,"[10009"",""1000900"",""10000"",""1000000""]""",Org1MSP Org2MSP ,VALID,, 10000 10009,,WT,113,11140,0
2022-04-07T17:24:29.991Z,cf83daa02ea319dc5b3f5868ebb864dca28a6facad261e7ad32e7ff02987f339,Org1MSP,Func7,"[12"",""100"",""810"",""100""]""",Org1MSP Org2MSP ,VALID, 12 810, 12 810,,UT,113,11137,0
2022-04-07T17:24:29.991Z,ec760cc21c485a94e4b5a34e5cc9e14b004c394ece1f630efcde63f54c8f5b85,Org1MSP,Func4,"[10022"",""1002200"",""10013"",""1001300""]""",Org1MSP Org2MSP ,VALID,, 10013 10022,,WT,113,11150,0
2022-04-07T17:24:29.993Z,f133e54d9e9d7f3c6984c67633b145ba6d71536e8037cba2e8483fb5d6e38d8f,Org1MSP,Func4,"[10078"",""1007800"",""10003"",""1000300""]""",Org1MSP Org2MSP ,VALID,, 10003 10078,,WT,113,11152,0
2022-04-07T17:24:29.995Z,05d0caeeca473e82d5974bdd7160de47fe7f9b72c6b0592daebeb461b90934f7,Org1MSP,Func7,"[112"",""100"",""151"",""100""]""",Org1MSP Org2MSP ,VALID, 112 151, 112 151,,UT,113,11068,0
2022-04-07T17:24:29.997Z,17efb84c418ebac85d53137103ea0e69fd8ba25352568a0ccc9779a2248e0cfc,Org1MSP,Func4,"[10000"",""1000000"",""18710"",""1871000""]""",Org1MSP Org2MSP ,VALID,, 10000 18710,,WT,113,11076,0
2022-04-07T17:24:29.998Z,9358b5914baa4559ac05346b926c35a315aa0c5b81f5bd21059110488434f9ce,Org1MSP,Func7,"[52"",""100"",""10"",""100""]""",Org1MSP Org2MSP ,VALID, 10 52, 10 52,,UT,113,11162,0
2022-04-07T17:24:30.088Z,f66f1e82a4b11cb80bd68fc2b1221cc45f563053b75d1f087c78d965a70e8312,Org1MSP,Func7,"[9915"",""100"",""20"",""100""]""",Org1MSP Org2MSP ,VALID, 20 9915, 20 9915,,UT,113,11156,0
2022-04-07T17:24:30.089Z,3427725a1bd5dd3d2b27e0dd61b4d08782dd128a98c19cc16f9384273ef4c2a4,Org1MSP,Func4,"[10414"",""1041400"",""10086"",""1008600""]""",Org1MSP Org2MSP ,VALID,, 10086 10414,,WT,113,11086,0
2022-04-07T17:24:30.090Z,67f37eab0f7ad2001dacd067c4447bc911752b7a9231bb2c29d4bb7f569cf2c8,Org1MSP,Func4,"[10017"",""1001700"",""10000"",""1000000""]""",Org1MSP Org2MSP ,VALID,, 10000 10017,,WT,113,11104,0
2022-04-07T17:24:30.093Z,629eea395efb390196831cef69bf8e609d5edd2f7de65159182c11f6d6e6b97d,Org1MSP,Func1,"[533"",""28""]""",Org1MSP Org2MSP ,VALID, 28 533,,,RT,113,11101,0
2022-04-07T17:24:30.095Z,1dbdee59e0ff0966e7360ae98bd1d0a50a7c0615d8c0dce537555b4148116662,Org1MSP,Func1,"[2198"",""13""]""",Org1MSP Org2MSP ,VALID, 13 2198,,,RT,113,11079,0
2022-04-07T17:24:30.097Z,3e3977bc384c9638e0702e6cea500ebe51f1892096866590040f33192e5a3cba,Org1MSP,Func4,"[13051"",""1305100"",""10196"",""1019600""]""",Org1MSP Org2MSP ,VALID,, 10196 13051,,WT,113,11089,0
2022-04-07T17:24:30.097Z,833a00c5691afa02e0687b41c61738d4930bb1b0cc86f317b60bc7eb1117099e,Org1MSP,Func4,"[11178"",""1117800"",""10137"",""1013700""]""",Org1MSP Org2MSP ,VALID,, 10137 11178,,WT,113,11112,0
2022-04-07T17:24:30.098Z,bff771da47e73eed806845a79a78fc6f942e82b29e6c27f608fd74edc5196555,Org1MSP,Func4,"[10003"",""1000300"",""14999"",""1499900""]""",Org1MSP Org2MSP ,VALID,, 10003 14999,,WT,113,11133,0
2022-04-07T17:24:30.188Z,ca5045c0594bfe0ba685ebcfdb8c652d1db751ce4ed7c969c7a579d92eaa2dfb,Org1MSP,Func7,"[2"",""100"",""563"",""100""]""",Org1MSP Org2MSP ,VALID, 2 563, 2 563,,UT,113,11167,0
2022-04-07T17:24:30.189Z,e72ca2d575163bf898024e428c1b44b302936b8e280ff19b3fd9dc0af5838dfe,Org1MSP,Func4,"[12419"",""1241900"",""11012"",""1101200""]""",Org1MSP Org2MSP ,VALID,, 11012 12419,,WT,113,11148,0
2022-04-07T17:24:30.190Z,7d0e15213a2bad4c27e873bc8448875853fd2dc9c56899fbbeee89ecfdeb89f0,Org1MSP,Func7,"[2893"",""100"",""538"",""100""]""",Org1MSP Org2MSP ,VALID, 2893 538, 2893 538,,UT,113,11110,0
2022-04-07T17:24:30.191Z,1a16a6a0b2b320dce056205a53fe0abfd3605fc3449bfcfded676a4ff8a60775,Org1MSP,Func7,"[2187"",""100"",""1161"",""100""]""",Org1MSP Org2MSP ,VALID, 1161 2187, 1161 2187,,UT,113,11077,0
2022-04-07T17:24:30.194Z,e3c7f906158da5acad6e40e3fbd06a6c037956624fc4366a20768ef70def8e4c,Org1MSP,Func4,"[10003"",""1000300"",""17136"",""1713600""]""",Org1MSP Org2MSP ,VALID,, 10003 17136,,WT,113,11146,0
2022-04-07T17:24:30.195Z,1bbc05937d9edaab79f7a003c9aae509ae1cba97f82aa346ca2691932f5058c7,Org1MSP,Func4,"[10264"",""1026400"",""18543"",""1854300""]""",Org1MSP Org2MSP ,VALID,, 10264 18543,,WT,113,11078,0
2022-04-07T17:24:30.196Z,5701cd190c90b56c8f1c7caf2871af3e57ddaa8b75237c1c4363a494436e55c0,Org1MSP,Func1,"[7"",""4""]""",Org1MSP Org2MSP ,VALID, 4 7,,,RT,113,11096,0
2022-04-07T17:24:30.196Z,f1f5a4ba40739c73347031cbaaec9b7095439a64feadae2b31adce6c54547f5a,Org1MSP,Func1,"[1642"",""5""]""",Org1MSP Org2MSP ,VALID, 1642 5,,,RT,113,11153,0
2022-04-07T17:24:30.197Z,ae09184cf6e32f3c051be39760a35682a5649f56d66cb365b8659726c7070095,Org1MSP,Func4,"[10000"",""1000000"",""10365"",""1036500""]""",Org1MSP Org2MSP ,VALID,, 10000 10365,,WT,113,11124,0
2022-04-07T17:24:30.199Z,fd3ce4e69c260b6cc726d3470135dfecee5fa8766f6de6de85f229239ce6cbad,Org1MSP,Func4,"[10001"",""1000100"",""10297"",""1029700""]""",Org1MSP Org2MSP ,VALID,, 10001 10297,,WT,113,11161,0
2022-04-07T17:24:30.288Z,94ff0e65474b53855a0b02d96bb9111f488fb0466cc123aeefd63dece9155985,Org1MSP,Func4,"[10002"",""1000200"",""10023"",""1002300""]""",Org1MSP Org2MSP ,VALID,, 10002 10023,,WT,113,11116,0
2022-04-07T17:24:30.289Z,3c554fa7db82a43ff4d18ec5dd25e22ca60c830069b876109e2114c5b48415b9,Org1MSP,Func4,"[10375"",""1037500"",""16060"",""1606000""]""",Org1MSP Org2MSP ,VALID,, 10375 16060,,WT,113,11088,0
2022-04-07T17:24:30.290Z,e6b14ef3102886a095d142710383890c786d3a5ed3ce258c2b0c4a3160cb2248,Org1MSP,Func4,"[10001"",""1000100"",""11019"",""1101900""]""",Org1MSP Org2MSP ,VALID,, 10001 11019,,WT,113,11147,0
2022-04-07T17:24:30.293Z,1644e9029e2fc3db48341b7fc3e96af6451bb0102c7d0007d83be88aa3165e51,Org1MSP,Func4,"[10021"",""1002100"",""14887"",""1488700""]""",Org1MSP Org2MSP ,VALID,, 10021 14887,,WT,113,11075,0
2022-04-07T17:24:30.293Z,a343945fc33a08adeb567694a22b0df96ee79b027f8253698bdb971253b056f2,Org1MSP,Func1,"[13"",""80""]""",Org1MSP Org2MSP ,VALID, 13 80,,,RT,113,11119,0
2022-04-07T17:24:30.294Z,bb12b9fbb2ee064aefa3dee889bd74042b1c35d6ab68dbdad81840bdb430a1fc,Org1MSP,Func4,"[12224"",""1222400"",""10000"",""1000000""]""",Org1MSP Org2MSP ,VALID,, 10000 12224,,WT,113,11129,0
2022-04-07T17:24:30.296Z,793016a3e3c0edb8afe40a4145cc54cf003ce51c8e8eb9e2c65643f6a60b98cf,Org1MSP,Func4,"[10004"",""1000400"",""10005"",""1000500""]""",Org1MSP Org2MSP ,VALID,, 10004 10005,,WT,113,11109,0
2022-04-07T17:24:30.297Z,03ef1187f204e958823eb8a4d93febe5ab5feda3241b5450dd46ff5d17381a7b,Org1MSP,Func4,"[14005"",""1400500"",""10007"",""1000700""]""",Org1MSP Org2MSP ,VALID,, 10007 14005,,WT,113,11067,0
2022-04-07T17:24:30.300Z,56d8e84d9effa41873883a09c036b875711af2a3703f7c7514ec79c0dbd8617a,Org1MSP,Func4,"[10135"",""1013500"",""15794"",""1579400""]""",Org1MSP Org2MSP ,VALID,, 10135 15794,,WT,113,11095,0
2022-04-07T17:24:30.388Z,5d41ca0705f325fede80fe1ce85a1382233e30d45551ab4a69c96bd33fa9109f,Org1MSP,Func7,"[3201"",""100"",""44"",""100""]""",Org1MSP Org2MSP ,VALID, 3201 44, 3201 44,,UT,113,11099,0
2022-04-07T17:24:30.389Z,6bfbd686864f5473010d8e5803b10e48666f3c4749769e6dd32bef26b38bf58f,Org1MSP,Func4,"[10002"",""1000200"",""10000"",""1000000""]""",Org1MSP Org2MSP ,VALID,, 10000 10002,,WT,113,11106,0
2022-04-07T17:24:30.391Z,1029c1b9ef8e36437080e82f9a057653c4d107ca619f1604899a86641d51c1dd,Org1MSP,Func1,"[655"",""10""]""",Org1MSP Org2MSP ,VALID, 10 655,,,RT,113,11072,0
2022-04-07T17:24:30.392Z,3ab479d5ab2f55ba4cf4eee801b5e94b809ef85ec5bf901b8a80362881f733ec,Org1MSP,Func4,"[10026"",""1002600"",""10004"",""1000400""]""",Org1MSP Org2MSP ,VALID,, 10004 10026,,WT,113,11087,0
2022-04-07T17:24:30.393Z,501f9507d2c3fa2cda825d2122ecaa6e06f399a3bb7efc75d16777be7fa11dea,Org1MSP,Func4,"[10016"",""1001600"",""10021"",""1002100""]""",Org1MSP Org2MSP ,VALID,, 10016 10021,,WT,113,11094,0
2022-04-07T17:24:30.395Z,11899c63369430656525387b07be3ec0d8110961f9f2b671c01fe052c3de3a8e,Org1MSP,Func1,"[1"",""9""]""",Org1MSP Org2MSP ,VALID, 1 9,,,RT,113,11163,0
2022-04-07T17:24:30.396Z,2800970c602bf6da6f9ead5a21f64a016246e9d7084fbe02d741b4836e3ae273,Org1MSP,Func4,"[13428"",""1342800"",""10312"",""1031200""]""",Org1MSP Org2MSP ,VALID,, 10312 13428,,WT,113,11083,0
2022-04-07T17:24:30.398Z,0b149f50d0d8710b2b868602cd34e3e255c088b04763336b946b8336cd1a876a,Org1MSP,Func4,"[10083"",""1008300"",""10118"",""1011800""]""",Org1MSP Org2MSP ,VALID,, 10083 10118,,WT,113,11070,0
2022-04-07T17:24:30.398Z,2025a12eab77760d993db79a0d2a7a03c9ee2bf2a16b4c04f40abc66bc016e07,Org1MSP,Func4,"[10000"",""1000000"",""10793"",""1079300""]""",Org1MSP Org2MSP ,VALID,, 10000 10793,,WT,113,11081,0
2022-04-07T17:24:30.399Z,8f1a8a3dcca37389434471d4c35af7e8e37980b65c9e089448523815c534d602,Org1MSP,Func4,"[10008"",""1000800"",""16296"",""1629600""]""",Org1MSP Org2MSP ,VALID,, 10008 16296,,WT,113,11114,0
2022-04-07T17:24:30.489Z,4ccffacab5643ad298a84f5967a526b7032e92b83110c72ca26a4e9a7d679842,Org1MSP,Func4,"[10091"",""1009100"",""16035"",""1603500""]""",Org1MSP Org2MSP ,VALID,, 10091 16035,,WT,113,11092,0
2022-04-07T17:24:30.489Z,f56ebedbbe3d896bda6e285e0aa3e9371f1b1072785a1de5382ab1db6f0ae82b,Org1MSP,Func4,"[10956"",""1095600"",""10006"",""1000600""]""",Org1MSP Org2MSP ,VALID,, 10006 10956,,WT,113,11155,0
2022-04-07T17:24:30.491Z,41f080f3132885128ff8ffa1e0b88374b5c1106cde6eba704c182dc7c1379107,Org1MSP,Func1,"[2"",""16""]""",Org1MSP Org2MSP ,VALID, 16 2,,,RT,113,11165,0
2022-04-07T17:24:30.492Z,4c8ea55325884b0a23500bb2ab31093528dff218cf79ec2b994c401842df4ef2,Org1MSP,Func4,"[10002"",""1000200"",""12234"",""1223400""]""",Org1MSP Org2MSP ,VALID,, 10002 12234,,WT,113,11091,0
2022-04-07T17:24:30.492Z,ef3b1c856fdd4728c7769d34f861544f819325d668cb3ac6b4fb6d63196db15e,Org1MSP,Func4,"[12143"",""1214300"",""10000"",""1000000""]""",Org1MSP Org2MSP ,VALID,, 10000 12143,,WT,113,11151,0
2022-04-07T17:24:30.492Z,712e69946f5f5ba71f080d6eefd491cda5651cb61df17714f1685691fb70d7cd,Org1MSP,Func7,"[8"",""100"",""328"",""100""]""",Org1MSP Org2MSP ,VALID, 328 8, 328 8,,UT,113,11164,0
2022-04-07T17:24:30.495Z,cee66dda5b94d7ce1bc96d007bed777320ad2aa278aafa094822e523e01f8266,Org1MSP,Func1,"[4"",""69""]""",Org1MSP Org2MSP ,VALID, 4 69,,,RT,113,11136,0
2022-04-07T17:24:30.497Z,2cb55eea1d75666dd2e4ceaa59dcb14d7189f72575bc6ee08e112db173f8cda5,Org1MSP,Func7,"[3351"",""100"",""7593"",""100""]""",Org1MSP Org2MSP ,VALID, 3351 7593, 3351 7593,,UT,113,11084,0
2022-04-07T17:24:30.498Z,8dd5e31ff714deca534a64bc76aa57ece159f612ecf06c323353b7f078466879,Org1MSP,Func4,"[10001"",""1000100"",""10001"",""1000100""]""",Org1MSP Org2MSP ,VALID,, 10001,,WT,113,11113,0
2022-04-07T17:24:30.514Z,b69f2c35063afe3482c7dae0fa19a7776bb678254e5dfea548ce49b487f4611f,Org1MSP,Func4,"[10065"",""1006500"",""12048"",""1204800""]""",Org1MSP Org2MSP ,VALID,, 10065 12048,,WT,113,11127,0
2022-04-07T17:24:30.589Z,0e319daf31bbd0b02d6faaa94c45daf672d77d308fc9639ddf53a4b47bed203e,Org1MSP,Func4,"[10001"",""1000100"",""10043"",""1004300""]""",Org1MSP Org2MSP ,VALID,, 10001 10043,,WT,114,11172,0
2022-04-07T17:24:30.589Z,221231a528c28d18c43744efb21257529a9f636126bca86e8a305fb197478e77,Org1MSP,Func4,"[10000"",""1000000"",""10077"",""1007700""]""",Org1MSP Org2MSP ,VALID,, 10000 10077,,WT,114,11181,0
2022-04-07T17:24:30.589Z,50de5a3147b8f24ded360396776ff924b79fa1a136b80a855dede15ffe7e93f7,Org1MSP,Func4,"[10009"",""1000900"",""10000"",""1000000""]""",Org1MSP Org2MSP ,VALID,, 10000 10009,,WT,114,11198,0
2022-04-07T17:24:30.590Z,c79ece52af51f5af1104b6c19469bb5bf10347301b9faff78ea5439e71b8054a,Org1MSP,Func7,"[3"",""100"",""1102"",""100""]""",Org1MSP Org2MSP ,VALID, 1102 3, 1102 3,,UT,114,11258,0
2022-04-07T17:24:30.592Z,1e8586fb2d91ee084ef79ab93c1743d3c43c87eb0f8c91e5dbd2b7f0e5841d47,Org1MSP,Func4,"[15660"",""1566000"",""10103"",""1010300""]""",Org1MSP Org2MSP ,VALID,, 10103 15660,,WT,114,11178,0
2022-04-07T17:24:30.595Z,e5c43fa9b6530eb35d8e6eda7f656548824d5a45d290a8648f8874eb946cbd96,Org1MSP,Func7,"[468"",""100"",""1"",""100""]""",Org1MSP Org2MSP ,VALID, 1 468, 1 468,,UT,114,11260,0
2022-04-07T17:24:30.596Z,4444a1ebdd82a2434b3b52a103126f6d597febd673fead7451b6f9a34efe8a8a,Org1MSP,Func4,"[10699"",""1069900"",""10000"",""1000000""]""",Org1MSP Org2MSP ,VALID,, 10000 10699,,WT,114,11194,0
2022-04-07T17:24:30.598Z,0eacf5b899b5ca690a2c8f348ac6fbb2f11f30b865d71d9d757e2a0fc5233462,Org1MSP,Func1,"[2135"",""1289""]""",Org1MSP Org2MSP ,VALID, 1289 2135,,,RT,114,11173,0
2022-04-07T17:24:30.599Z,3e60bfc273e23830910b3e860cdb690e16029203d961188c865e55663a7fd5e2,Org1MSP,Func7,"[637"",""100"",""42"",""100""]""",Org1MSP Org2MSP ,VALID, 42 637, 42 637,,UT,114,11192,0
2022-04-07T17:24:30.688Z,301642ac2bec91379d8755fe3c43384e69b6bf888a9f82f958076951696737bc,Org1MSP,Func1,"[1144"",""13""]""",Org1MSP Org2MSP ,VALID, 1144 13,,,RT,114,11185,0
2022-04-07T17:24:30.690Z,39ad71c0ac2e9ca9c376ba5b323681a6162f928d289bb83db633f89abfe71840,Org1MSP,Func4,"[10243"",""1024300"",""10023"",""1002300""]""",Org1MSP Org2MSP ,VALID,, 10023 10243,,WT,114,11187,0
2022-04-07T17:24:30.693Z,9d1526e1e2af79bf5e360978ae6587d9d59ad81c9044fb7f29b253cffbca2f85,Org1MSP,Func4,"[19711"",""1971100"",""11171"",""1117100""]""",Org1MSP Org2MSP ,VALID,, 11171 19711,,WT,114,11221,0
2022-04-07T17:24:30.693Z,d944800e0696babeda41a20c82dc75978eb64b164af76fe1cbf4265e9e5e5bde,Org1MSP,Func4,"[16337"",""1633700"",""10387"",""1038700""]""",Org1MSP Org2MSP ,VALID,, 10387 16337,,WT,114,11244,0
2022-04-07T17:24:30.694Z,402e7fb56df123aafd576b84be86d8fbb1520db6e9414da440bffde5ebd49a4a,Org1MSP,Func7,"[69"",""100"",""3340"",""100""]""",Org1MSP Org2MSP ,VALID, 3340 69, 3340 69,,UT,114,11193,0
2022-04-07T17:24:30.698Z,07741bb2d3e4063cfe445a9f03ac5de84a8fac14e560b6c4ee63834c47ac2f11,Org1MSP,Func4,"[10009"",""1000900"",""19868"",""1986800""]""",Org1MSP Org2MSP ,VALID,, 10009 19868,,WT,114,11170,0
2022-04-07T17:24:30.698Z,0c2ef9671a85d88ad9de41b621c2c2532f46f3f0374c4cda2468ed6290948908,Org1MSP,Func4,"[10000"",""1000000"",""11635"",""1163500""]""",Org1MSP Org2MSP ,VALID,, 10000 11635,,WT,114,11171,0
2022-04-07T17:24:30.698Z,c768ac52277f596302a4fdfd7f7d8f58760fa756dd723757e2c78465b30735c6,Org1MSP,Func4,"[10018"",""1001800"",""10072"",""1007200""]""",Org1MSP Org2MSP ,VALID,, 10018 10072,,WT,114,11231,0
2022-04-07T17:24:30.789Z,d1232fdbd29c58933578bc8988ebbfb10bbe2b3e8e755d6e86af817f057c1091,Org1MSP,Func4,"[10660"",""1066000"",""13678"",""1367800""]""",Org1MSP Org2MSP ,VALID,, 10660 13678,,WT,114,11241,0
2022-04-07T17:24:30.790Z,2dfad4ddb6ee82c07c33fe727a6bef988eed7e96551a359300110acde7c798a2,Org1MSP,Func4,"[12804"",""1280400"",""10069"",""1006900""]""",Org1MSP Org2MSP ,VALID,, 10069 12804,,WT,114,11184,0
2022-04-07T17:24:30.790Z,6b446ef4466169733a8fce629bc9190488be7deca04e1859aa83591c1c809fc8,Org1MSP,Func4,"[10324"",""1032400"",""10004"",""1000400""]""",Org1MSP Org2MSP ,VALID,, 10004 10324,,WT,114,11202,0
2022-04-07T17:24:30.790Z,c7e3b81b4172b84ea0846eadf4d4229f39bf3dffb33f1f6781e43d66af68385a,Org1MSP,Func7,"[541"",""100"",""97"",""100""]""",Org1MSP Org2MSP ,VALID, 541 97, 541 97,,UT,114,11233,0
2022-04-07T17:24:30.792Z,3b3e05b43815f4f5adf4fec8b49c2a31ead1baca01d90fb6195d2cd6011b2075,Org1MSP,Func4,"[10058"",""1005800"",""10003"",""1000300""]""",Org1MSP Org2MSP ,VALID,, 10003 10058,,WT,114,11190,0
2022-04-07T17:24:30.794Z,0222767ca2cfb58acde13f2149828175e32811047f7426bd12b1c6f9229bc4a6,Org1MSP,Func4,"[10124"",""1012400"",""10002"",""1000200""]""",Org1MSP Org2MSP ,VALID,, 10002 10124,,WT,114,11168,0
2022-04-07T17:24:30.795Z,17f6d2b2b3510ba1ab919bbbfd4086983832ea3c7e7c1849abeb26b4a05e1594,Org1MSP,Func7,"[900"",""100"",""844"",""100""]""",Org1MSP Org2MSP ,VALID, 844 900, 844 900,,UT,114,11176,0
2022-04-07T17:24:30.796Z,9519d09de12cf5cafaca1e14cc95d2d9273d15a8135da1cd375ec38999d6b6cb,Org1MSP,Func4,"[10005"",""1000500"",""14463"",""1446300""]""",Org1MSP Org2MSP ,VALID,, 10005 14463,,WT,114,11219,0
2022-04-07T17:24:30.797Z,c0f94ca743e14042dc15014d9ce9f7b137b215f6606027e54c34ae637a928b4a,Org1MSP,Func4,"[10147"",""1014700"",""12999"",""1299900""]""",Org1MSP Org2MSP ,VALID,, 10147 12999,,WT,114,11230,0
2022-04-07T17:24:30.798Z,f00bb97225d81a0c85b9109866c3b5f9d47dc1814d5bef01b0dc7ede6f700fc7,Org1MSP,Func4,"[11626"",""1162600"",""10071"",""1007100""]""",Org1MSP Org2MSP ,VALID,, 10071 11626,,WT,114,11253,0
2022-04-07T17:24:30.890Z,a976c31d00dded63eae041ea8fcefb52dd5ef9c584f46a885c3923d0c5ab6e65,Org1MSP,Func7,"[8030"",""100"",""6589"",""100""]""",Org1MSP Org2MSP ,VALID, 6589 8030, 6589 8030,,UT,114,11224,0
2022-04-07T17:24:30.890Z,c9fe363dbe96865c29ef1ff473a3f8e930665f4ede681daf7e727a2aa92c421b,Org1MSP,Func4,"[10000"",""1000000"",""10038"",""1003800""]""",Org1MSP Org2MSP ,VALID,, 10000 10038,,WT,114,11236,0
2022-04-07T17:24:30.890Z,fc174fde0510283d047fdbf2dd707e6564891e8b3689e274f4babd5843a5e0bc,Org1MSP,Func7,"[28"",""100"",""2567"",""100""]""",Org1MSP Org2MSP ,VALID, 2567 28, 2567 28,,UT,114,11255,0
2022-04-07T17:24:30.891Z,dd23ace9eb66c8cbeaf8097f5be22c29993e2f3be63112b89966bbe3431e1330,Org1MSP,Func7,"[2268"",""100"",""138"",""100""]""",Org1MSP Org2MSP ,VALID, 138 2268, 138 2268,,UT,114,11246,0
2022-04-07T17:24:30.892Z,952ec357071e4c73e891effff09c84884fae64561c1f6989ae6e08742fa1621c,Org1MSP,Func4,"[11378"",""1137800"",""10099"",""1009900""]""",Org1MSP Org2MSP ,VALID,, 10099 11378,,WT,114,11220,0
2022-04-07T17:24:30.894Z,c7a5da016d804374380e3194904308a8205b23c194007034cb5ac0b024d63ddc,Org1MSP,Func4,"[10004"",""1000400"",""10560"",""1056000""]""",Org1MSP Org2MSP ,VALID,, 10004 10560,,WT,114,11232,0
2022-04-07T17:24:30.894Z,de3bf87439e8a7b1d5ca500a36615cfc0eff01939e3ab9e3d21f2409f99de40c,Org1MSP,Func4,"[11508"",""1150800"",""10121"",""1012100""]""",Org1MSP Org2MSP ,VALID,, 10121 11508,,WT,114,11247,0
2022-04-07T17:24:30.896Z,486d0ac0d68ee14a6dcc615914bf238b3c13467ce0996ee710df8efe47e1f0e8,Org1MSP,Func4,"[10020"",""1002000"",""13332"",""1333200""]""",Org1MSP Org2MSP ,VALID,, 10020 13332,,WT,114,11196,0
2022-04-07T17:24:30.897Z,57b1d50f1be407415e834f3e09016806b57050d4c06287ef161196ca2a5d5e07,Org1MSP,Func1,"[11"",""57""]""",Org1MSP Org2MSP ,VALID, 11 57,,,RT,114,11200,0
2022-04-07T17:24:30.900Z,b88abce48d8dbebca2025e2d3e3eff21e08f9310516650482f98e950d49f6530,Org1MSP,Func1,"[1733"",""4938""]""",Org1MSP Org2MSP ,VALID, 1733 4938,,,RT,114,11228,0
2022-04-07T17:24:30.989Z,3acf2fccb3e1fc5b7f184c0328bd43ecb2154148c0c07ba5ff7e6c1af9c15fe4,Org1MSP,Func4,"[10430"",""1043000"",""11591"",""1159100""]""",Org1MSP Org2MSP ,VALID,, 10430 11591,,WT,114,11189,0
2022-04-07T17:24:30.989Z,59feae8f0bb052316ee99ff48b2cd6005d791bcb0edcbe4bb05b9c91485a472a,Org1MSP,Func4,"[10924"",""1092400"",""16178"",""1617800""]""",Org1MSP Org2MSP ,VALID,, 10924 16178,,WT,114,11201,0
2022-04-07T17:24:30.990Z,eea58cd6e535221d7ba5f116f85836f349e1e86100945c4a802b8fb934041db5,Org1MSP,Func4,"[12070"",""1207000"",""10605"",""1060500""]""",Org1MSP Org2MSP ,VALID,, 10605 12070,,WT,114,11250,0
2022-04-07T17:24:30.991Z,6ee5705c583c8f08e4832cba8c2e47cd3f20c4b6be7c54a8fcc20e17c116f780,Org1MSP,Func4,"[10788"",""1078800"",""17934"",""1793400""]""",Org1MSP Org2MSP ,VALID,, 10788 17934,,WT,114,11204,0
2022-04-07T17:24:30.991Z,873839d2e1be0daf9edfef2d96daf62367a6b89009fb365123eadb2f4b5deb39,Org1MSP,Func7,"[493"",""100"",""8"",""100""]""",Org1MSP Org2MSP ,VALID, 493 8, 493 8,,UT,114,11262,0
2022-04-07T17:24:30.993Z,d47a90b45c19028763e0a6bcc5fb0f62c071ff2c94c5c263c2914ec9a357eb3d,Org1MSP,Func4,"[10005"",""1000500"",""10140"",""1014000""]""",Org1MSP Org2MSP ,VALID,, 10005 10140,,WT,114,11242,0
2022-04-07T17:24:30.994Z,194bdcac6b3bbda8c0797b796eed08467c9005aa308034e1ce453b5505cdd3a1,Org1MSP,Func4,"[10001"",""1000100"",""10034"",""1003400""]""",Org1MSP Org2MSP ,VALID,, 10001 10034,,WT,114,11177,0
2022-04-07T17:24:30.996Z,eb80db14c51780fd4a9cdb1f91ab7516a40d3f42221f43cfcd50caec9c8bd390,Org1MSP,Func7,"[778"",""100"",""2"",""100""]""",Org1MSP Org2MSP ,VALID, 2 778, 2 778,,UT,114,11259,0
2022-04-07T17:24:30.998Z,8a68e5ce6ef1842be6ba2a9d3834821f9cec12d6af36126ee2fba47036e1334d,Org1MSP,Func4,"[10053"",""1005300"",""12931"",""1293100""]""",Org1MSP Org2MSP ,VALID,, 10053 12931,,WT,114,11214,0
2022-04-07T17:24:31.089Z,a9e916262fdc743a76f06686edc7f3798adb72b351645c247e37c7d6c820d62f,Org1MSP,Func4,"[12609"",""1260900"",""10002"",""1000200""]""",Org1MSP Org2MSP ,VALID,, 10002 12609,,WT,114,11225,0
2022-04-07T17:24:31.089Z,cbe5c8c9737062215ab66a23682de28c6d17c9e2d96cb83ba2f32976179b4318,Org1MSP,Func4,"[10095"",""1009500"",""10238"",""1023800""]""",Org1MSP Org2MSP ,VALID,, 10095 10238,,WT,114,11237,0
2022-04-07T17:24:31.090Z,3bfd5224a7fda7d80c10cb13a72b0500ab543712839f8b57ed6bbdba044a9f58,Org1MSP,Func4,"[11983"",""1198300"",""10320"",""1032000""]""",Org1MSP Org2MSP ,VALID,, 10320 11983,,WT,114,11191,0
2022-04-07T17:24:31.091Z,d10e6b2bcd86414e04af4ffa6b5e143491ab20d7b9e26b46277fe98ce69fef85,Org1MSP,Func1,"[691"",""564""]""",Org1MSP Org2MSP ,VALID, 564 691,,,RT,114,11240,0
2022-04-07T17:24:31.092Z,bdf3599129b9b74f909370d100964d97883200e53b81779e12d7a10b70c013fe,Org1MSP,Func4,"[10754"",""1075400"",""10002"",""1000200""]""",Org1MSP Org2MSP ,VALID,, 10002 10754,,WT,114,11229,0
2022-04-07T17:24:31.093Z,2069b6f842991535a5777ab5ef907fd3ae025273ae84bf502b64b3fc7b71090e,Org1MSP,Func1,"[1886"",""39""]""",Org1MSP Org2MSP ,VALID, 1886 39,,,RT,114,11179,0
2022-04-07T17:24:31.094Z,f3c9c67a1043a2e2c517727ec3e56eeabc0d0fc192d1842b9190a18ae4a94f0e,Org1MSP,Func7,"[13"",""100"",""871"",""100""]""",Org1MSP Org2MSP ,VALID, 13 871, 13 871,,UT,114,11257,0
2022-04-07T17:24:31.096Z,72850426074c7c10c1ea704489be40bf6ab15462039bba40f2a3db03d46e42ab,Org1MSP,Func4,"[11414"",""1141400"",""16115"",""1611500""]""",Org1MSP Org2MSP ,VALID,, 11414 16115,,WT,114,11207,0
2022-04-07T17:24:31.099Z,ac2cb479ebe6529f0bcb356e76a0630241de640a3d78fbe45416e066a4f4f36b,Org1MSP,Func4,"[10000"",""1000000"",""10128"",""1012800""]""",Org1MSP Org2MSP ,VALID,, 10000 10128,,WT,114,11226,0
2022-04-07T17:24:31.099Z,8adc7ec3c920a984eb954ae9881da966b2bc7fff30b695e498d228eebd085a72,Org1MSP,Func7,"[39"",""100"",""4139"",""100""]""",Org1MSP Org2MSP ,VALID, 39 4139, 39 4139,,UT,114,11256,0
2022-04-07T17:24:31.189Z,7f349cd8e7993458711e6210fa2369e7679f73657ed694d659df142db29c3a7a,Org1MSP,Func4,"[10004"",""1000400"",""10011"",""1001100""]""",Org1MSP Org2MSP ,VALID,, 10004 10011,,WT,114,11211,0
2022-04-07T17:24:31.190Z,49f6caf1471dc18c9c0a3a5b677fdbbf32388276052686770d8ace82e268a82d,Org1MSP,Func4,"[10023"",""1002300"",""16935"",""1693500""]""",Org1MSP Org2MSP ,VALID,, 10023 16935,,WT,114,11197,0
2022-04-07T17:24:31.190Z,547a450a4d524ad29007f6af7bd3187ff12e3204fd8235661c0cbf628d209b28,Org1MSP,Func1,"[1786"",""59""]""",Org1MSP Org2MSP ,VALID, 1786 59,,,RT,114,11199,0
2022-04-07T17:24:31.191Z,de91e036ea34aef2c3f70d49c8dbf566bb21385532122d82d5f938ab3e6f52a6,Org1MSP,Func7,"[252"",""100"",""277"",""100""]""",Org1MSP Org2MSP ,VALID, 252 277, 252 277,,UT,114,11248,0
2022-04-07T17:24:31.192Z,a3b8f7b764bd18f5bd4bf39336f3394c424f888af5e5c5d64353617e91e82670,Org1MSP,Func1,"[1"",""6""]""",Org1MSP Org2MSP ,VALID, 1 6,,,RT,114,11223,0
2022-04-07T17:24:31.193Z,21741f500cb9ca42b0a715ec72aa535c4f9141ea92d82aa3aaf8ec2845daf80f,Org1MSP,Func4,"[13337"",""1333700"",""10009"",""1000900""]""",Org1MSP Org2MSP ,VALID,, 10009 13337,,WT,114,11180,0
2022-04-07T17:24:31.194Z,810d70c626ba80fcaac69d69491506272b73d6eab521fa85484f9ca6701db611,Org1MSP,Func4,"[10357"",""1035700"",""10315"",""1031500""]""",Org1MSP Org2MSP ,VALID,, 10315 10357,,WT,114,11212,0
2022-04-07T17:24:31.198Z,7624097b31fdb63907f71760975b092edfa886700ced0cd191ac64ea06206204,Org1MSP,Func4,"[10038"",""1003800"",""10163"",""1016300""]""",Org1MSP Org2MSP ,VALID,, 10038 10163,,WT,114,11208,0
2022-04-07T17:24:31.198Z,8ef5d414aa7bb8eadf2aea315e5dc6d757af68899ce53071e5c2f4615e16f7fa,Org1MSP,Func1,"[30"",""203""]""",Org1MSP Org2MSP ,VALID, 203 30,,,RT,114,11215,0
2022-04-07T17:24:31.199Z,921baacd05a3500ba997d7c2b9d3c54704c25dab82f8fb6a259ae8224c93f22f,Org1MSP,Func1,"[175"",""9277""]""",Org1MSP Org2MSP ,VALID, 175 9277,,,RT,114,11216,0
2022-04-07T17:24:31.290Z,341580b65be6f2fe12d6bace5ba49664d11313369676dbe75a0b0604dfe90999,Org1MSP,Func4,"[10108"",""1010800"",""11149"",""1114900""]""",Org1MSP Org2MSP ,VALID,, 10108 11149,,WT,114,11186,0
2022-04-07T17:24:31.290Z,78cb181891bb2f7d8657f93908fd3e194b71a0fa59f5852a400a9a5774f729c7,Org1MSP,Func4,"[19892"",""1989200"",""17699"",""1769900""]""",Org1MSP Org2MSP ,VALID,, 17699 19892,,WT,114,11210,0
2022-04-07T17:24:31.290Z,c92b14b543da336696377098c0f9c181579c6f4f132374506bb1b1d2c32cb05e,Org1MSP,Func1,"[2582"",""8""]""",Org1MSP Org2MSP ,VALID, 2582 8,,,RT,114,11234,0
2022-04-07T17:24:31.292Z,3a42032b8afb213a35880bac82bdae37f6ae3582bde8dd285b2998e907fc6a0f,Org1MSP,Func4,"[10035"",""1003500"",""11277"",""1127700""]""",Org1MSP Org2MSP ,VALID,, 10035 11277,,WT,114,11188,0
2022-04-07T17:24:31.294Z,cedab47e63c5b491ae1e7a73500b7c1703118edc569871e14faba0632e1bec09,Org1MSP,Func4,"[10000"",""1000000"",""10001"",""1000100""]""",Org1MSP Org2MSP ,VALID,, 10000 10001,,WT,114,11239,0
2022-04-07T17:24:31.295Z,78996d4020e85b69bd15080ad04ff1067a68c25eb660460d4c475253bbbc6014,Org1MSP,Func1,"[3"",""6200""]""",Org1MSP Org2MSP ,VALID, 3 6200,,,RT,114,11209,0
2022-04-07T17:24:31.297Z,2b6aecc2decfdd00c8d5063089fbddc73b7a25df27249844a4ccb7a795611e10,Org1MSP,Func7,"[1078"",""100"",""54"",""100""]""",Org1MSP Org2MSP ,VALID, 1078 54, 1078 54,,UT,114,11183,0
2022-04-07T17:24:31.298Z,128b779a03528d52d0971ac8147114143b9bc7513e6fdc2295440ff5fc12d425,Org1MSP,Func4,"[10015"",""1001500"",""14432"",""1443200""]""",Org1MSP Org2MSP ,VALID,, 10015 14432,,WT,114,11175,0
2022-04-07T17:24:31.299Z,e3216d3863d5fddc1b909ad0c32bf515faa4a973e30d6458f53806296472e3ed,Org1MSP,Func4,"[10000"",""1000000"",""10000"",""1000000""]""",Org1MSP Org2MSP ,VALID,, 10000,,WT,114,11249,0
2022-04-07T17:24:31.389Z,e6a6fdb92bc231446d67c1c8dc1af2a4d95c6e233e2ad093b34d9151b2ef4723,Org1MSP,Func7,"[204"",""100"",""6"",""100""]""",Org1MSP Org2MSP ,VALID, 204 6, 204 6,,UT,114,11261,0
2022-04-07T17:24:31.391Z,92e65cea48a36159cd48b7f0ee6b84e1038dcd3b6c6662a453e8c94895aafaf0,Org1MSP,Func1,"[44"",""80""]""",Org1MSP Org2MSP ,VALID, 44 80,,,RT,114,11217,0
2022-04-07T17:24:31.391Z,b1c363c96319c6881a220ce53be447e4d1d65a63f3d2d6bc083edcdd6e326f5b,Org1MSP,Func4,"[10017"",""1001700"",""10372"",""1037200""]""",Org1MSP Org2MSP ,VALID,, 10017 10372,,WT,114,11227,0
2022-04-07T17:24:31.392Z,87e1a28beee7a0ebe41c3f0214149b19a83a9ae81057cc60dd7e7b7ccbdf8506,Org1MSP,Func1,"[462"",""2""]""",Org1MSP Org2MSP ,VALID, 2 462,,,RT,114,11213,0
2022-04-07T17:24:31.392Z,f30fda902ca8a0568bbbebbe05391ff503d9319563cbc5033268fc795bd638b6,Org1MSP,Func4,"[10194"",""1019400"",""15472"",""1547200""]""",Org1MSP Org2MSP ,VALID,, 10194 15472,,WT,114,11254,0
2022-04-07T17:24:31.394Z,ef2296edc570eb67c34f667de846529854531a4df12140c895b9adf6bff41caa,Org1MSP,Func4,"[10035"",""1003500"",""10005"",""1000500""]""",Org1MSP Org2MSP ,VALID,, 10005 10035,,WT,114,11251,0
2022-04-07T17:24:31.397Z,12757d77cca27905fcbcde0ead6a782c91f430f4f9a850baebb8b48ea156c522,Org1MSP,Func4,"[10008"",""1000800"",""10001"",""1000100""]""",Org1MSP Org2MSP ,VALID,, 10001 10008,,WT,114,11174,0
2022-04-07T17:24:31.398Z,06b01caa7f02f29a54ae601c3386a477a0a6a5e5ceea211605dd662841c286e4,Org1MSP,Func7,"[142"",""100"",""653"",""100""]""",Org1MSP Org2MSP ,VALID, 142 653, 142 653,,UT,114,11169,0
2022-04-07T17:24:31.398Z,eface8d87d963a51d61a9e0cf829cdddae51ee32c00916d2578731025b50cbe9,Org1MSP,Func1,"[1181"",""15""]""",Org1MSP Org2MSP ,VALID, 1181 15,,,RT,114,11252,0
2022-04-07T17:24:31.399Z,dc5fa9d1cab9c3bb11d9a1f9bee1dc2f020c88dd927bb1a0c098b800ea4fe6c5,Org1MSP,Func4,"[10000"",""1000000"",""19114"",""1911400""]""",Org1MSP Org2MSP ,VALID,, 10000 19114,,WT,114,11245,0
2022-04-07T17:24:31.489Z,709c6d69fff5c97138ad47d01a002470710fd3d3e33fb8d128b6df4398a34b4d,Org1MSP,Func4,"[10055"",""1005500"",""10022"",""1002200""]""",Org1MSP Org2MSP ,VALID,, 10022 10055,,WT,114,11205,0
2022-04-07T17:24:31.489Z,727bb848619cd8168f3a38d6ff3cd13de04c08ad0157598c90b2e4606389656b,Org1MSP,Func4,"[14506"",""1450600"",""10004"",""1000400""]""",Org1MSP Org2MSP ,VALID,, 10004 14506,,WT,114,11206,0
2022-04-07T17:24:31.489Z,d7697a4ffed21be15969d554b953cdb7b287a965f177d7d60245b962b5bb5389,Org1MSP,Func4,"[11738"",""1173800"",""10001"",""1000100""]""",Org1MSP Org2MSP ,VALID,, 10001 11738,,WT,114,11243,0
2022-04-07T17:24:31.490Z,45bb5c3223ff688730b00f3a00365e4d243f937fc97b0fbf32edf6c3b0a58bfc,Org1MSP,Func4,"[10000"",""1000000"",""10000"",""1000000""]""",Org1MSP Org2MSP ,VALID,, 10000,,WT,114,11195,0
2022-04-07T17:24:31.492Z,2399d9137e5c7a7c8e01ff902ff86cafe17cb73419ed0f156e7a875d7715b736,Org1MSP,Func7,"[53"",""100"",""9629"",""100""]""",Org1MSP Org2MSP ,VALID, 53 9629, 53 9629,,UT,114,11182,0
2022-04-07T17:24:31.492Z,c94ebe2623fda48880248c9371dd1df915e64f35a732806ef6486dc1b34c26fc,Org1MSP,Func4,"[10029"",""1002900"",""10000"",""1000000""]""",Org1MSP Org2MSP ,VALID,, 10000 10029,,WT,114,11235,0
2022-04-07T17:24:31.494Z,93ecd93125ed942bb96dc79f2ee29866a35765da812129f70ce4376b602b8989,Org1MSP,Func1,"[18"",""50""]""",Org1MSP Org2MSP ,VALID, 18 50,,,RT,114,11218,0
2022-04-07T17:24:31.495Z,9f618ae215174252463f5db60200caa8e58f37d4fe0dd6393d6a03ea06116cd6,Org1MSP,Func4,"[15708"",""1570800"",""10067"",""1006700""]""",Org1MSP Org2MSP ,VALID,, 10067 15708,,WT,114,11222,0
2022-04-07T17:24:31.496Z,6c3cdeb36d3c849ef0406adec9924e586b22da598d5b720922b5f69b76ca7dab,Org1MSP,Func1,"[1763"",""331""]""",Org1MSP Org2MSP ,VALID, 1763 331,,,RT,114,11203,0
2022-04-07T17:24:31.498Z,cc4f9dd9ef69fff0b23d04c04feeff750e219ca489b897fef4187a2d2709f447,Org1MSP,Func4,"[10010"",""1001000"",""10335"",""1033500""]""",Org1MSP Org2MSP ,VALID,, 10010 10335,,WT,114,11238,0
2022-04-07T17:24:31.589Z,9eb2e85e51a28bf0b4c881dc20d517c519844d6cda609f9abb59aa51991915e1,Org1MSP,Func1,"[83"",""5002""]""",Org1MSP Org2MSP ,VALID, 5002 83,,,RT,115,11319,0
2022-04-07T17:24:31.590Z,1daf1881b32b534ae9d010cf0c18c38ffe993681a0e40fed4a2d719c4de66413,Org1MSP,Func4,"[10010"",""1001000"",""10002"",""1000200""]""",Org1MSP Org2MSP ,VALID,, 10002 10010,,WT,115,11272,0
2022-04-07T17:24:31.590Z,c5a9dd2291c3475d09689ca911b889b9edaa6ac870230dadaaf34e052d98833d,Org1MSP,Func1,"[1309"",""122""]""",Org1MSP Org2MSP ,VALID, 122 1309,,,RT,115,11331,0
2022-04-07T17:24:31.591Z,6d593d95a60a0a18192bf3e47d46087501e3110a456eff4d4f93e12f6d597aaa,Org1MSP,Func4,"[10046"",""1004600"",""10031"",""1003100""]""",Org1MSP Org2MSP ,VALID,, 10031 10046,,WT,115,11301,0
2022-04-07T17:24:31.592Z,8b645815ebf8aba24df3df788b0a604906ba994f16ac9b6ff79aa4e837dd8e28,Org1MSP,Func7,"[19"",""100"",""41"",""100""]""",Org1MSP Org2MSP ,VALID, 19 41, 19 41,,UT,115,11354,0
2022-04-07T17:24:31.594Z,14b426d58511f9a83c05bdcd4f688ad31f58cb30b8b2ce3b9525e7d5a04958eb,Org1MSP,Func7,"[4640"",""100"",""905"",""100""]""",Org1MSP Org2MSP ,VALID, 4640 905, 4640 905,,UT,115,11269,0
2022-04-07T17:24:31.594Z,e221d0772e96b97aeb4c9eb54eee82e9f6f1a918f3f5497bd0b2479b518a0355,Org1MSP,Func4,"[10012"",""1001200"",""12100"",""1210000""]""",Org1MSP Org2MSP ,VALID,, 10012 12100,,WT,115,11343,0
2022-04-07T17:24:31.596Z,31e58640635d652b42914c343bd28c2462d06c5994cd01ce539f6fd85d993e05,Org1MSP,Func4,"[11332"",""1133200"",""15166"",""1516600""]""",Org1MSP Org2MSP ,VALID,, 11332 15166,,WT,115,11284,0
2022-04-07T17:24:31.597Z,2e1647d0b096099370fd14e36e7726369cc4c5a5af34face8677390ce5a2e08b,Org1MSP,Func1,"[11"",""9""]""",Org1MSP Org2MSP ,VALID, 11 9,,,RT,115,11280,0
2022-04-07T17:24:31.599Z,67e3d9f90f2bc2abd3151ebe4ab69be5b7eea8e092bb11d3b11698d07c4b25e5,Org1MSP,Func4,"[10079"",""1007900"",""10013"",""1001300""]""",Org1MSP Org2MSP ,VALID,, 10013 10079,,WT,115,11299,0
2022-04-07T17:24:31.689Z,8408f420040dc9561549f13719a9095bf0cea5b6776554c7cb514d2386a1f6f3,Org1MSP,Func7,"[93"",""100"",""16"",""100""]""",Org1MSP Org2MSP ,VALID, 16 93, 16 93,,UT,115,11308,0
2022-04-07T17:24:31.689Z,dece590080ad93f1001368a16f2342c63d27607a7aff309627d7857e13d3684f,Org1MSP,Func1,"[1"",""50""]""",Org1MSP Org2MSP ,VALID, 1 50,,,RT,115,11341,0
2022-04-07T17:24:31.692Z,026f265986ea1cbd579d1779ae86dde3b5bd330ad10a11f9ae3c94a849adcdc9,Org1MSP,Func4,"[10002"",""1000200"",""12507"",""1250700""]""",Org1MSP Org2MSP ,VALID,, 10002 12507,,WT,115,11263,0
2022-04-07T17:24:31.693Z,e5902986102325bc564a19035bac9432ad5f6e5de6b07940c68c09024442340c,Org1MSP,Func1,"[19"",""97""]""",Org1MSP Org2MSP ,VALID, 19 97,,,RT,115,11344,0
2022-04-07T17:24:31.694Z,48931c7e13cce6a1cc3edb16723c454f485a84127baa3c9d7e0744210524b5b7,Org1MSP,Func4,"[10001"",""1000100"",""11198"",""1119800""]""",Org1MSP Org2MSP ,VALID,, 10001 11198,,WT,115,11288,0
2022-04-07T17:24:31.694Z,4abda7e61e493583a89517922c56dbc8542ab599d028fce3ea7c2d399a62c2e8,Org1MSP,Func1,"[1836"",""37""]""",Org1MSP Org2MSP ,VALID, 1836 37,,,RT,115,11289,0
2022-04-07T17:24:31.697Z,ad3a97137398cd81ab51c95d197eb0a1ec38804db4293a903a823eeda0b597a2,Org1MSP,Func1,"[38"",""1""]""",Org1MSP Org2MSP ,VALID, 1 38,,,RT,115,11323,0
2022-04-07T17:24:31.790Z,14957c2d5c133865827abd45f9ed1735fec053cc85d97b4f71b0bc7221a36bb7,Org1MSP,Func1,"[55"",""293""]""",Org1MSP Org2MSP ,VALID, 293 55,,,RT,115,11268,0
2022-04-07T17:24:31.790Z,1bdebb08307660cfe61f175371cfde124b42da131632cdcc94f8eca6e97156d1,Org1MSP,Func4,"[10077"",""1007700"",""15356"",""1535600""]""",Org1MSP Org2MSP ,VALID,, 10077 15356,,WT,115,11271,0
2022-04-07T17:24:31.790Z,865ffb302c2b551fd42d2680724abaee79da56dd60cf09241bbff9382a948d4b,Org1MSP,Func4,"[17385"",""1738500"",""10000"",""1000000""]""",Org1MSP Org2MSP ,VALID,, 10000 17385,,WT,115,11311,0
2022-04-07T17:24:31.790Z,96872c17919160404a41250ad1013e7ef2289077390e66ccd77ef44418362b72,Org1MSP,Func4,"[11714"",""1171400"",""10009"",""1000900""]""",Org1MSP Org2MSP ,VALID,, 10009 11714,,WT,115,11315,0
2022-04-07T17:24:31.792Z,b739c03cbedeb6c797cc29cea570881a5ae88e263df1caa7b3276f2d81e9243c,Org1MSP,Func4,"[11489"",""1148900"",""10038"",""1003800""]""",Org1MSP Org2MSP ,VALID,, 10038 11489,,WT,115,11327,0
2022-04-07T17:24:31.794Z,5a6e055924663878ea9af49c30d999a6ee021d640721b312de1aebd08edb07fb,Org1MSP,Func4,"[10298"",""1029800"",""10066"",""1006600""]""",Org1MSP Org2MSP ,VALID,, 10066 10298,,WT,115,11295,0
2022-04-07T17:24:31.795Z,34a514417e66ce1477385fba6861fe22ece21e540028d2188f228f8781b34912,Org1MSP,Func7,"[422"",""100"",""10"",""100""]""",Org1MSP Org2MSP ,VALID, 10 422, 10 422,,UT,115,11352,0
2022-04-07T17:24:31.797Z,9eeaa5d67d5930ad7eb0f3234c25f4e54014ab509d9f80726296ea96bab6cf85,Org1MSP,Func7,"[127"",""100"",""680"",""100""]""",Org1MSP Org2MSP ,VALID, 127 680, 127 680,,UT,115,11320,0
2022-04-07T17:24:31.797Z,d64e08bc064661f6764b7ba5d67c6278c40d40c90f8e1e3f68b11bf05c129abb,Org1MSP,Func4,"[16709"",""1670900"",""10497"",""1049700""]""",Org1MSP Org2MSP ,VALID,, 10497 16709,,WT,115,11338,0
2022-04-07T17:24:31.799Z,204a594b73a9feb67a00ee7013c50e01f79b02680d764d0c41eafc58a1c29dd1,Org1MSP,Func4,"[10059"",""1005900"",""10004"",""1000400""]""",Org1MSP Org2MSP ,VALID,, 10004 10059,,WT,115,11274,0
2022-04-07T17:24:31.889Z,b87bc07334a8b7dfccb5c8655c965cda8684a5bbebce880062f5c7bef0014b8a,Org1MSP,Func7,"[342"",""100"",""5"",""100""]""",Org1MSP Org2MSP ,VALID, 342 5, 342 5,,UT,115,11328,0
2022-04-07T17:24:31.890Z,be0a5e3db1405ea2c967f8d5f4d979bae2b5f3bc5c67667aaaee67c8d331b427,Org1MSP,Func4,"[11464"",""1146400"",""10000"",""1000000""]""",Org1MSP Org2MSP ,VALID,, 10000 11464,,WT,115,11330,0
2022-04-07T17:24:31.890Z,f146f4ecb3949fdf63152accae15105779475609fe90e0b642e4819369c89a77,Org1MSP,Func4,"[11478"",""1147800"",""10014"",""1001400""]""",Org1MSP Org2MSP ,VALID,, 10014 11478,,WT,115,11347,0
2022-04-07T17:24:31.892Z,262212872df7575ceaf081417569113f60b462af71cfed1aa6ae3a9ab14848d6,Org1MSP,Func1,"[28"",""34""]""",Org1MSP Org2MSP ,VALID, 28 34,,,RT,115,11278,0
2022-04-07T17:24:31.893Z,5f813b4258e1f7763619a606d9408d45b10cd567c5b7e9ee1a3e0acef9a6f158,Org1MSP,Func4,"[10057"",""1005700"",""10088"",""1008800""]""",Org1MSP Org2MSP ,VALID,, 10057 10088,,WT,115,11296,0
2022-04-07T17:24:31.893Z,63bd617005f3ea9bbbdf5e4d10a2094ace3915ce4a6bf103797c607b550d48e5,Org1MSP,Func4,"[16801"",""1680100"",""10005"",""1000500""]""",Org1MSP Org2MSP ,VALID,, 10005 16801,,WT,115,11297,0
2022-04-07T17:24:31.894Z,146139572486953d7afdbd89517a13e2992d79ba06d8cc03121a1c77d13be11e,Org1MSP,Func1,"[3"",""22""]""",Org1MSP Org2MSP ,VALID, 22 3,,,RT,115,11267,0
2022-04-07T17:24:31.896Z,34077ead19702fcb495f307bbb9ad668c7ab12bc2d36740b5f97e0035342a250,Org1MSP,Func1,"[439"",""4""]""",Org1MSP Org2MSP ,VALID, 4 439,,,RT,115,11285,0
2022-04-07T17:24:31.897Z,cc12027e980a077603441c48c39963c021257e4dde1c699bb9485f62653ba1a5,Org1MSP,Func4,"[10017"",""1001700"",""19359"",""1935900""]""",Org1MSP Org2MSP ,VALID,, 10017 19359,,WT,115,11335,0
2022-04-07T17:24:31.989Z,6553ebf80fdeda1baf5c1b8b04bba8c638cc11513ff8c8f3ce0ac794a301db8c,Org1MSP,Func4,"[10008"",""1000800"",""10004"",""1000400""]""",Org1MSP Org2MSP ,VALID,, 10004 10008,,WT,115,11298,0
2022-04-07T17:24:31.990Z,d50ae1f03b1efa6d735aa4f32afe4e17d4d8cd6f0281dff34c83d56dcc3ad387,Org1MSP,Func4,"[10007"",""1000700"",""10000"",""1000000""]""",Org1MSP Org2MSP ,VALID,, 10000 10007,,WT,115,11337,0
2022-04-07T17:24:31.992Z,8d8e7beadf742ee9ac7fea669e21e40e394654a0ec6aa09dab9154f8ed1a69bc,Org1MSP,Func4,"[10000"",""1000000"",""10008"",""1000800""]""",Org1MSP Org2MSP ,VALID,, 10000 10008,,WT,115,11313,0
2022-04-07T17:24:31.993Z,dc5242a55aeb1a220570e0d1b306e3e969d3b680141dc91784fe509cab60b31e,Org1MSP,Func4,"[10599"",""1059900"",""10691"",""1069100""]""",Org1MSP Org2MSP ,VALID,, 10599 10691,,WT,115,11340,0
2022-04-07T17:24:31.994Z,98841fa88359fdcf7942b7a7a2cfdd865736f0a28ade9200df9fdce7f376a726,Org1MSP,Func4,"[10088"",""1008800"",""11447"",""1144700""]""",Org1MSP Org2MSP ,VALID,, 10088 11447,,WT,115,11316,0
2022-04-07T17:24:31.997Z,8422a7d3754b7d9fdbff626bf65a2f0d653aa08e0aca1a7b01d97406437f9274,Org1MSP,Func4,"[10164"",""1016400"",""15290"",""1529000""]""",Org1MSP Org2MSP ,VALID,, 10164 15290,,WT,115,11309,0
2022-04-07T17:24:31.997Z,c79704e7ee619d4ddcd40b23d4f7d18b2567cbe2f17874a086ce8aaa86b5c629,Org1MSP,Func4,"[10011"",""1001100"",""10109"",""1010900""]""",Org1MSP Org2MSP ,VALID,, 10011 10109,,WT,115,11332,0
2022-04-07T17:24:31.999Z,e192cba753ad1e854536e028b2102e750b9bba43f91ef490ee197516921ed2b5,Org1MSP,Func4,"[10008"",""1000800"",""10033"",""1003300""]""",Org1MSP Org2MSP ,VALID,, 10008 10033,,WT,115,11342,0
2022-04-07T17:24:32.089Z,849e55c09ff30f2d7a134f24011463d7712564501ef568b8b69366588bed6000,Org1MSP,Func4,"[17768"",""1776800"",""15584"",""1558400""]""",Org1MSP Org2MSP ,VALID,, 15584 17768,,WT,115,11310,0
2022-04-07T17:24:32.090Z,50f97d329e60ddb3ed3b19cfc01404789b584c7a51e8ad6c597e92655208a429,Org1MSP,Func1,"[5256"",""22""]""",Org1MSP Org2MSP ,VALID, 22 5256,,,RT,115,11292,0
2022-04-07T17:24:32.090Z,bc835c39911e62e9c3f4d1cc3a0ad3eff00545e1cae5e6daff1b4f0e5ebb8ecc,Org1MSP,Func4,"[10945"",""1094500"",""15789"",""1578900""]""",Org1MSP Org2MSP ,VALID,, 10945 15789,,WT,115,11329,0
2022-04-07T17:24:32.091Z,525526fa743c41964687410ad30a6cb02254ceceaae0b1129b9f944a70fc30a6,Org1MSP,Func4,"[10001"",""1000100"",""10009"",""1000900""]""",Org1MSP Org2MSP ,VALID,, 10001 10009,,WT,115,11293,0
2022-04-07T17:24:32.093Z,3129d5da4139f4bd85d040f9ecef506621325147dd1243208f7cbebf70f9fd2e,Org1MSP,Func4,"[10475"",""1047500"",""10013"",""1001300""]""",Org1MSP Org2MSP ,VALID,, 10013 10475,,WT,115,11283,0
2022-04-07T17:24:32.094Z,af84075afec8bd5bd35533b45ad910eba6ecb9b7045741a86a88abc216928c60,Org1MSP,Func1,"[7446"",""44""]""",Org1MSP Org2MSP ,VALID, 44 7446,,,RT,115,11325,0
2022-04-07T17:24:32.095Z,8a7070c64ea4ed937b59f9c6cbabe22621a61a3f36065e8a348eb100d931eb99,Org1MSP,Func7,"[2"",""100"",""2"",""100""]""",Org1MSP Org2MSP ,VALID, 2, 2,,UT,115,11353,0
2022-04-07T17:24:32.097Z,2ec1f1f99e3f3f5c7fc5fa8d3f1ec7a76c321c225693358bc36c04c6b626c13f,Org1MSP,Func4,"[10065"",""1006500"",""11651"",""1165100""]""",Org1MSP Org2MSP ,VALID,, 10065 11651,,WT,115,11282,0
2022-04-07T17:24:32.097Z,394b9bade9dfd2ebb866550b79ee43535e461c7d8fc8e12aebe6e4979e06cfb5,Org1MSP,Func7,"[9782"",""100"",""1925"",""100""]""",Org1MSP Org2MSP ,VALID, 1925 9782, 1925 9782,,UT,115,11286,0
2022-04-07T17:24:32.101Z,8d28c490d587f6e49c2d70d43aaebd162c9dd91f23ec32e9925cb6e527d573f8,Org1MSP,Func4,"[12930"",""1293000"",""10001"",""1000100""]""",Org1MSP Org2MSP ,VALID,, 10001 12930,,WT,115,11312,0
2022-04-07T17:24:32.188Z,26307b91d7bbda21d5d1ae12ba5d3ab8b4832aac40bf2bd51aa00125e3800881,Org1MSP,Func4,"[10001"",""1000100"",""10104"",""1010400""]""",Org1MSP Org2MSP ,VALID,, 10001 10104,,WT,115,11279,0
2022-04-07T17:24:32.189Z,c7dfcd7b401ac32c5928847d122a397725ae4fb3e9c53f1574ab2cfd3065232b,Org1MSP,Func4,"[10002"",""1000200"",""10001"",""1000100""]""",Org1MSP Org2MSP ,VALID,, 10001 10002,,WT,115,11333,0
2022-04-07T17:24:32.190Z,a9e4a9a1013aec142831478f1de30ae9d4548a4e7f892951a2dc78216a95a136,Org1MSP,Func4,"[16182"",""1618200"",""10195"",""1019500""]""",Org1MSP Org2MSP ,VALID,, 10195 16182,,WT,115,11322,0
2022-04-07T17:24:32.192Z,82b84b4b317a2f1bd83d3a877f993b9d29c5d7fa9250b3e93f976e7e2abf0a37,Org1MSP,Func4,"[10002"",""1000200"",""10025"",""1002500""]""",Org1MSP Org2MSP ,VALID,, 10002 10025,,WT,115,11307,0
2022-04-07T17:24:32.193Z,b0278604ad8bf051dd115f2672ad796c244584ec94fc3e7e184c12b4ee6b3f49,Org1MSP,Func4,"[10209"",""1020900"",""10056"",""1005600""]""",Org1MSP Org2MSP ,VALID,, 10056 10209,,WT,115,11326,0
2022-04-07T17:24:32.194Z,f21c22241b708192f33f10bf920dbf76b9bd8211fabcd48f5d3ef0d8f4318dde,Org1MSP,Func4,"[10000"",""1000000"",""10155"",""1015500""]""",Org1MSP Org2MSP ,VALID,, 10000 10155,,WT,115,11348,0
2022-04-07T17:24:32.197Z,77bc16b1a7b48cc63f055bfa5b6ba7c1b62bc77b594eeabc68dee758ef19d7b7,Org1MSP,Func4,"[10005"",""1000500"",""10048"",""1004800""]""",Org1MSP Org2MSP ,VALID,, 10005 10048,,WT,115,11303,0
2022-04-07T17:24:32.199Z,25272fea8accdd3c364b466a313d20dff2d1ef62711449b4b3bcf549ee55493b,Org1MSP,Func4,"[10090"",""1009000"",""10001"",""1000100""]""",Org1MSP Org2MSP ,VALID,, 10001 10090,,WT,115,11277,0
2022-04-07T17:24:32.204Z,f7f0267c45bbd3502f5bfdb1dd27b25eb419543df9be83bb9a4b8d4c9a104de9,Org1MSP,Func4,"[10126"",""1012600"",""10001"",""1000100""]""",Org1MSP Org2MSP ,VALID,, 10001 10126,,WT,115,11350,0
2022-04-07T17:24:32.290Z,fc77b6e7862a30f51d19ea517b0f6adc580088fcfcf0392e04625b413b18ddf8,Org1MSP,Func4,"[10009"",""1000900"",""10686"",""1068600""]""",Org1MSP Org2MSP ,VALID,, 10009 10686,,WT,115,11351,0
2022-04-07T17:24:32.292Z,6920ae82648c2c4bcb8bb6c0dac113a427f05841891c7ce35ab676054295beff,Org1MSP,Func1,"[96"",""6""]""",Org1MSP Org2MSP ,VALID, 6 96,,,RT,115,11300,0
2022-04-07T17:24:32.294Z,4e332d03ff8ccb87ef2f24857656857e6e25813135803a577e23ea498de52355,Org1MSP,Func7,"[17"",""100"",""32"",""100""]""",Org1MSP Org2MSP ,VALID, 17 32, 17 32,,UT,115,11291,0
2022-04-07T17:24:32.295Z,74a4e3b4b3b5b9597c1ed3bafe4e6039bf4ae251189f48b722507dafe95b4ee2,Org1MSP,Func1,"[2"",""18""]""",Org1MSP Org2MSP ,VALID, 18 2,,,RT,115,11302,0
2022-04-07T17:24:32.296Z,1e39fd2f1027b2cd79c330574c80a51cffd7d126111daad16953b3d5b95269aa,Org1MSP,Func1,"[20"",""60""]""",Org1MSP Org2MSP ,VALID, 20 60,,,RT,115,11273,0
2022-04-07T17:24:32.296Z,45cced165548b08751b377075c0ea4a5b55dd421606a13c99675375d76582a7c,Org1MSP,Func4,"[11018"",""1101800"",""14461"",""1446100""]""",Org1MSP Org2MSP ,VALID,, 11018 14461,,WT,115,11287,0
2022-04-07T17:24:32.298Z,2eac6838325a180b61c89a330721a9391bb9febc3ea891e3e3a4962aa55fb98a,Org1MSP,Func4,"[10255"",""1025500"",""10506"",""1050600""]""",Org1MSP Org2MSP ,VALID,, 10255 10506,,WT,115,11281,0
2022-04-07T17:24:32.299Z,e9497b3d06428386cf02fad89003af0eb88225aab6bdbb72c0e95dacede2bf8f,Org1MSP,Func4,"[10625"",""1062500"",""10086"",""1008600""]""",Org1MSP Org2MSP ,VALID,, 10086 10625,,WT,115,11346,0
2022-04-07T17:24:32.300Z,251ee63176f600fe1e618f43745525d6e6873f941c02f5a5b785c3ac443cae09,Org1MSP,Func4,"[11316"",""1131600"",""12434"",""1243400""]""",Org1MSP Org2MSP ,VALID,, 11316 12434,,WT,115,11276,0
2022-04-07T17:24:32.304Z,e831069ea62d87064e5d24f1400b2ea55aebd746174872eda3134f2f26a9f62d,Org1MSP,Func4,"[10001"",""1000100"",""10556"",""1055600""]""",Org1MSP Org2MSP ,VALID,, 10001 10556,,WT,115,11345,0
2022-04-07T17:24:32.390Z,0bd41266d11b5f65353fb330b431f604f15aa8f49ee0c64518becdf57f68cb22,Org1MSP,Func4,"[10003"",""1000300"",""10021"",""1002100""]""",Org1MSP Org2MSP ,VALID,, 10003 10021,,WT,115,11265,0
2022-04-07T17:24:32.390Z,7b76639a1d228f7c82aa86bdedc0dd346d39eeaf1943f5934fce4a52a67ca877,Org1MSP,Func7,"[859"",""100"",""4466"",""100""]""",Org1MSP Org2MSP ,VALID, 4466 859, 4466 859,,UT,115,11304,0
2022-04-07T17:24:32.390Z,9a5400e7d46e32e36d01e720e14bff3421a6c9b4142d294241278656e4f901b0,Org1MSP,Func4,"[10001"",""1000100"",""10277"",""1027700""]""",Org1MSP Org2MSP ,VALID,, 10001 10277,,WT,115,11318,0
2022-04-07T17:24:32.391Z,7eda772c58f58a678e091ce80c8d0702a0a5a5f732d9ad1977ab8b4183001c0f,Org1MSP,Func4,"[12396"",""1239600"",""10010"",""1001000""]""",Org1MSP Org2MSP ,VALID,, 10010 12396,,WT,115,11305,0
2022-04-07T17:24:32.392Z,0984af9a8d8d21939532c899ac2d1ec42900483b6013d09f042e502f51981d66,Org1MSP,Func4,"[10038"",""1003800"",""13920"",""1392000""]""",Org1MSP Org2MSP ,VALID,, 10038 13920,,WT,115,11264,0
2022-04-07T17:24:32.392Z,c9de93972a9d2a4959658b9ee4b85fdfe4938b0c6e8cea5f82fd6e6fd0c85c59,Org1MSP,Func4,"[10010"",""1001000"",""10001"",""1000100""]""",Org1MSP Org2MSP ,VALID,, 10001 10010,,WT,115,11334,0
2022-04-07T17:24:32.394Z,d04212e2a282c77cb8ca320ac1d58e3e24373c16a7a1c91ac53254575ae8800a,Org1MSP,Func4,"[10000"",""1000000"",""14055"",""1405500""]""",Org1MSP Org2MSP ,VALID,, 10000 14055,,WT,115,11336,0
2022-04-07T17:24:32.396Z,f4475afc4f51c74effcd27346e61a31a0af22d01876411dbf0c946dabba3791c,Org1MSP,Func4,"[10024"",""1002400"",""10332"",""1033200""]""",Org1MSP Org2MSP ,VALID,, 10024 10332,,WT,115,11349,0
2022-04-07T17:24:32.398Z,82273c68f19e10aa5f3f5779f48319712c6624f7a3ef59ed49e753ba9e65684b,Org1MSP,Func4,"[10000"",""1000000"",""10004"",""1000400""]""",Org1MSP Org2MSP ,VALID,, 10000 10004,,WT,115,11306,0
2022-04-07T17:24:32.398Z,9365d6685a4e88a842c624d058bd9ffaa376d8243fb4344a24dcffe417da3b93,Org1MSP,Func1,"[22"",""4720""]""",Org1MSP Org2MSP ,VALID, 22 4720,,,RT,115,11314,0
2022-04-07T17:24:32.489Z,565c72902ad45b000d849acd2cd27c88e4aed21e20250b22c75cc8a813a9762d,Org1MSP,Func4,"[10009"",""1000900"",""10001"",""1000100""]""",Org1MSP Org2MSP ,VALID,, 10001 10009,,WT,115,11294,0
2022-04-07T17:24:32.490Z,98f0ede2507220b4a4763bd8fccb4201ac880032ac75ccca3ccd42eba0714e06,Org1MSP,Func4,"[10515"",""1051500"",""11307"",""1130700""]""",Org1MSP Org2MSP ,VALID,, 10515 11307,,WT,115,11317,0
2022-04-07T17:24:32.491Z,db911754ab178494b3d9a1930f62246d7ef130437d32e28794bfae12050477c1,Org1MSP,Func4,"[10000"",""1000000"",""10065"",""1006500""]""",Org1MSP Org2MSP ,VALID,, 10000 10065,,WT,115,11339,0
2022-04-07T17:24:32.492Z,4c2699668cca4d2af1bfeac0c779509eb4ee846ee37bd7c958b08dbe575cc87a,Org1MSP,Func1,"[2725"",""10""]""",Org1MSP Org2MSP ,VALID, 10 2725,,,RT,115,11290,0
2022-04-07T17:24:32.493Z,af1da20aca886e79b585a2b99eb6f1388d361a39a10f92d36dfcafa8ead4894a,Org1MSP,Func4,"[10035"",""1003500"",""10313"",""1031300""]""",Org1MSP Org2MSP ,VALID,, 10035 10313,,WT,115,11324,0
2022-04-07T17:24:32.495Z,11bbf9f3cffefa61c34deb0dfe5581cd8bf0c97865278e33f9493a3041adedcf,Org1MSP,Func4,"[10752"",""1075200"",""12862"",""1286200""]""",Org1MSP Org2MSP ,VALID,, 10752 12862,,WT,115,11266,0
2022-04-07T17:24:32.496Z,19552738949157f45e17552c99ca88dc3399b54fe78e0617b186804ebb0ab4db,Org1MSP,Func4,"[10005"",""1000500"",""10001"",""1000100""]""",Org1MSP Org2MSP ,VALID,, 10001 10005,,WT,115,11270,0
2022-04-07T17:24:32.498Z,a211e5fd448a1cefbe2547b0e5a11f86c46cb662329b96768c2c5bfca4a1de6e,Org1MSP,Func4,"[12231"",""1223100"",""18632"",""1863200""]""",Org1MSP Org2MSP ,VALID,, 12231 18632,,WT,115,11321,0
2022-04-07T17:24:32.500Z,22b602c8f10b7e57be2788346b9857650afd8e0974620e97f5f733638e6474cf,Org1MSP,Func4,"[13559"",""1355900"",""10001"",""1000100""]""",Org1MSP Org2MSP ,VALID,, 10001 13559,,WT,115,11275,0
2022-04-07T17:24:32.589Z,2501c1804c42726912ceb0a8adbb96084f087fef4d8d27c266726239852150e9,Org1MSP,Func4,"[10428"",""1042800"",""10000"",""1000000""]""",Org1MSP Org2MSP ,VALID,, 10000 10428,,WT,116,11362,0
2022-04-07T17:24:32.589Z,288f0b9e0108d864abd85889a388243c776af3cbbe46bad3fd0ba1ba2f62ec72,Org1MSP,Func1,"[195"",""793""]""",Org1MSP Org2MSP ,VALID, 195 793,,,RT,116,11363,0
2022-04-07T17:24:32.589Z,3107eff0746780547930830041e7a72283218538e494a237d27660d4cfdbdfb7,Org1MSP,Func7,"[1"",""100"",""1"",""100""]""",Org1MSP Org2MSP ,VALID, 1, 1,,UT,116,11407,0
2022-04-07T17:24:32.590Z,4e56530d10a29a328ab108a028c412e179491366d9871ebd96b75a91e3867e7f,Org1MSP,Func4,"[15040"",""1504000"",""10789"",""1078900""]""",Org1MSP Org2MSP ,VALID,, 10789 15040,,WT,116,11371,0
2022-04-07T17:24:32.592Z,224a6c44495b6cdd17c5e4821891e98f20852acec02a86b38f9504fc26005a6a,Org1MSP,Func7,"[487"",""100"",""1314"",""100""]""",Org1MSP Org2MSP ,VALID, 1314 487, 1314 487,,UT,116,11361,0
2022-04-07T17:24:32.594Z,8769cd47fa7cad94569b93e90eb96c0e59ed70c4c59caccb7a06731b40c73a2a,Org1MSP,Func1,"[503"",""883""]""",Org1MSP Org2MSP ,VALID, 503 883,,,RT,116,11384,0
2022-04-07T17:24:32.596Z,a595db453a4dcbaeac6c6da986ab09b4d6c056aee246ac91cb0944a9470a4d51,Org1MSP,Func7,"[7980"",""100"",""6245"",""100""]""",Org1MSP Org2MSP ,VALID, 6245 7980, 6245 7980,,UT,116,11390,0
2022-04-07T17:24:32.598Z,06eb8032796d074de68a82da8b251fb2d2e66ba503a018b68e85fc43031b71aa,Org1MSP,Func1,"[228"",""13""]""",Org1MSP Org2MSP ,VALID, 13 228,,,RT,116,11357,0
2022-04-07T17:24:32.598Z,fe1f222225fdcad971f81a87da89d2c7dda73fa371ed6921d56ab3d9d0d1499c,Org1MSP,Func1,"[2585"",""30""]""",Org1MSP Org2MSP ,VALID, 2585 30,,,RT,116,11406,0
2022-04-07T17:24:32.599Z,01d2522d72ab3d549351c34ef2583a256a0261cd4a5fa8619f432e883d91638a,Org1MSP,Func1,"[56"",""1""]""",Org1MSP Org2MSP ,VALID, 1 56,,,RT,116,11355,0
2022-04-07T17:24:32.690Z,34cb43fd35cacc2a889ecc3102a9eeb33dd7333c66811c013dd98632111ed700,Org1MSP,Func1,"[1"",""5889""]""",Org1MSP Org2MSP ,VALID, 1 5889,,,RT,116,11367,0
2022-04-07T17:24:32.690Z,5644abfec7f356ba6005f26852552a6cab0c9acde1e93f0885a67d486fc3cf77,Org1MSP,Func1,"[14"",""326""]""",Org1MSP Org2MSP ,VALID, 14 326,,,RT,116,11372,0
2022-04-07T17:24:32.691Z,dbf0882d8c12a40481159425ea3d7ac06e98c31123c59c8e9c19aaab2b323a42,Org1MSP,Func4,"[12407"",""1240700"",""17992"",""1799200""]""",Org1MSP Org2MSP ,VALID,, 12407 17992,,WT,116,11400,0
2022-04-07T17:24:32.691Z,ea76808dd0b43948ff34d4fcf7fdd6e64ba85c99a5769166d12b3718f14f02d3,Org1MSP,Func7,"[519"",""100"",""8"",""100""]""",Org1MSP Org2MSP ,VALID, 519 8, 519 8,,UT,116,11405,0
2022-04-07T17:24:32.692Z,08aeb3e972ae0afaa630faf380682c6411f99693daca7460fc2c3189f77164e2,Org1MSP,Func1,"[897"",""366""]""",Org1MSP Org2MSP ,VALID, 366 897,,,RT,116,11358,0
2022-04-07T17:24:32.694Z,47f175ad04978b720b20c3be653bc147abc8a7317a1cc7589caaa2e82f5b4968,Org1MSP,Func4,"[10000"",""1000000"",""10080"",""1008000""]""",Org1MSP Org2MSP ,VALID,, 10000 10080,,WT,116,11370,0
2022-04-07T17:24:32.694Z,8ab052813dab242cbc99b78820e7d37cf6fbccd629818198bd8a0e61552b7a74,Org1MSP,Func4,"[12695"",""1269500"",""11482"",""1148200""]""",Org1MSP Org2MSP ,VALID,, 11482 12695,,WT,116,11385,0
2022-04-07T17:24:32.696Z,8f45453cb2dc728891f14d550adc486655ae9b052d183a46fcfea28ca7438e1b,Org1MSP,Func1,"[10"",""8201""]""",Org1MSP Org2MSP ,VALID, 10 8201,,,RT,116,11387,0
2022-04-07T17:24:32.698Z,75dabd8964025dff368d3b88f92bf2cbf37a39ababcd91a84063dbbf8c6237ff,Org1MSP,Func4,"[11296"",""1129600"",""10002"",""1000200""]""",Org1MSP Org2MSP ,VALID,, 10002 11296,,WT,116,11381,0
2022-04-07T17:24:32.698Z,cee7ee0cea33e89e507355f7d42d0deef7f71fe4604a0f4b787ee416e002278d,Org1MSP,Func4,"[10051"",""1005100"",""10010"",""1001000""]""",Org1MSP Org2MSP ,VALID,, 10010 10051,,WT,116,11397,0
2022-04-07T17:24:32.789Z,9a3f604c019dff930be3335ad5eab1349346ebdb2d82edce0a1c2aaac40b81b0,Org1MSP,Func4,"[10089"",""1008900"",""15278"",""1527800""]""",Org1MSP Org2MSP ,VALID,, 10089 15278,,WT,116,11388,0
2022-04-07T17:24:32.789Z,b56782d4997894002a9efba754ad421ab58cdc4c8c55f3dc5a39780c4522175a,Org1MSP,Func4,"[10386"",""1038600"",""10036"",""1003600""]""",Org1MSP Org2MSP ,VALID,, 10036 10386,,WT,116,11393,0
2022-04-07T17:24:32.790Z,bec108628d6c4673378f8265fee6e24cdf00659e1f59f22911afd9c03b2edb03,Org1MSP,Func4,"[10000"",""1000000"",""10000"",""1000000""]""",Org1MSP Org2MSP ,VALID,, 10000,,WT,116,11394,0
2022-04-07T17:24:32.792Z,2b8da8dd83142685afd6a4e79b11aac10f7a0b597803953016d60cf5ffd18748,Org1MSP,Func4,"[10002"",""1000200"",""10199"",""1019900""]""",Org1MSP Org2MSP ,VALID,, 10002 10199,,WT,116,11364,0
2022-04-07T17:24:32.792Z,ca7aaedbf580e69fe23a6c896932c43d072d1cf9c3d83d5976e103840b6308e6,Org1MSP,Func4,"[12006"",""1200600"",""10628"",""1062800""]""",Org1MSP Org2MSP ,VALID,, 10628 12006,,WT,116,11396,0
2022-04-07T17:24:32.794Z,6f6a158dc3adee0ca71329b89ce65255bf38bc41a661bbc0879560651c3dd7b8,Org1MSP,Func4,"[14816"",""1481600"",""10004"",""1000400""]""",Org1MSP Org2MSP ,VALID,, 10004 14816,,WT,116,11378,0
2022-04-07T17:24:32.796Z,852d3bc3164f6b1b717fdfdce42dd0156f34fcf20ec8053430feb72d3bafb4d7,Org1MSP,Func1,"[1"",""4""]""",Org1MSP Org2MSP ,VALID, 1 4,,,RT,116,11383,0
2022-04-07T17:24:32.798Z,6e68dace318ed152897774d91ded0c80ceef5bd6e45d480ed34ffa9d1dec68bc,Org1MSP,Func1,"[3"",""42""]""",Org1MSP Org2MSP ,VALID, 3 42,,,RT,116,11376,0
2022-04-07T17:24:32.799Z,8d7ae6d1415691c7dc2db2df338686f25c4717bc013ba7549fdb7cd42c4183ea,Org1MSP,Func1,"[1633"",""14""]""",Org1MSP Org2MSP ,VALID, 14 1633,,,RT,116,11386,0
2022-04-07T17:24:32.889Z,100d30d3020b9229111b87eaf30e700ae390fda220ec79ed5b13f5cdcf6980bd,Org1MSP,Func7,"[4652"",""100"",""338"",""100""]""",Org1MSP Org2MSP ,VALID, 338 4652, 338 4652,,UT,116,11359,0
2022-04-07T17:24:32.889Z,3238030d7b0f74afb86f2933a0befc239f2ede9b7ba358f797692a9b20633ae6,Org1MSP,Func4,"[10054"",""1005400"",""10054"",""1005400""]""",Org1MSP Org2MSP ,VALID,, 10054,,WT,116,11366,0
2022-04-07T17:24:32.891Z,19234c36eac6d04fd1d0d6475cf1a95b8214eadf6c72abc0d6c8e26ae9cae203,Org1MSP,Func4,"[10029"",""1002900"",""10359"",""1035900""]""",Org1MSP Org2MSP ,VALID,, 10029 10359,,WT,116,11360,0
2022-04-07T17:24:32.893Z,d2bfa769bb7381e8c16026724728949dbb6aaa6d4c801c54f00b7a21590f3115,Org1MSP,Func7,"[147"",""100"",""24"",""100""]""",Org1MSP Org2MSP ,VALID, 147 24, 147 24,,UT,116,11398,0
2022-04-07T17:24:32.894Z,70402ba37a90d9c3fd76100ddd3e806046c2c99cb5b555ac11667ff2500b9f5e,Org1MSP,Func1,"[253"",""5""]""",Org1MSP Org2MSP ,VALID, 253 5,,,RT,116,11379,0
2022-04-07T17:24:32.894Z,832118cfa4a5ba4d141cdf22ba4ad4c6886a7b70fd86fec3b2aa95770f78300f,Org1MSP,Func4,"[10294"",""1029400"",""10018"",""1001800""]""",Org1MSP Org2MSP ,VALID,, 10018 10294,,WT,116,11382,0
2022-04-07T17:24:32.896Z,6edb4b4fa2fad0d983a1a392a798d390e7cd53bf729454c48b2b5a50ba54f4ea,Org1MSP,Func4,"[10350"",""1035000"",""10162"",""1016200""]""",Org1MSP Org2MSP ,VALID,, 10162 10350,,WT,116,11377,0
2022-04-07T17:24:32.898Z,382326c175b773b8d023de092fc827b4155bc7f97d30be7b32d451da6b7885f9,Org1MSP,Func4,"[10004"",""1000400"",""12536"",""1253600""]""",Org1MSP Org2MSP ,VALID,, 10004 12536,,WT,116,11368,0
2022-04-07T17:24:32.898Z,7527607799a3bad0e8f611eda07785a24cbef84815a9f95d92e2eafa953f3e7b,Org1MSP,Func1,"[3"",""72""]""",Org1MSP Org2MSP ,VALID, 3 72,,,RT,116,11380,0
2022-04-07T17:24:32.989Z,a73744e0ad7a840b30be35a672a77cf261fd59885f7f1811d22546a927fe3ddb,Org1MSP,Func1,"[2679"",""2225""]""",Org1MSP Org2MSP ,VALID, 2225 2679,,,RT,116,11391,0
2022-04-07T17:24:32.990Z,b33f462fa243225b93e92c3ea23d90c7ca812a71539fd5e8482579a6838aa3c8,Org1MSP,Func1,"[105"",""4""]""",Org1MSP Org2MSP ,VALID, 105 4,,,RT,116,11392,0
2022-04-07T17:24:32.991Z,c234de4950045b075bb8fd9886f84d56028a47950c410fdf503aacea5cca104f,Org1MSP,Func4,"[10000"",""1000000"",""10000"",""1000000""]""",Org1MSP Org2MSP ,VALID,, 10000,,WT,116,11395,0
2022-04-07T17:24:32.992Z,5e81dfd4bfaffe31456df2e4afa893b0fc454a1eda2493f04f2102125b7622f3,Org1MSP,Func1,"[1"",""97""]""",Org1MSP Org2MSP ,VALID, 1 97,,,RT,116,11373,0
2022-04-07T17:24:32.992Z,e5fe83763ba09d558a15b6aaeccb1833ad17af7670cd9c3bfaadb8c64ae3848f,Org1MSP,Func7,"[1802"",""100"",""690"",""100""]""",Org1MSP Org2MSP ,VALID, 1802 690, 1802 690,,UT,116,11404,0
2022-04-07T17:24:32.994Z,d9e9d27173e6c901c57f8a2bfbc7d00b44fadc382ea08aebb2888b7ff80e529a,Org1MSP,Func7,"[62"",""100"",""811"",""100""]""",Org1MSP Org2MSP ,VALID, 62 811, 62 811,,UT,116,11399,0
2022-04-07T17:24:32.994Z,dcfd1f00c9dfe328b11b73685b80e5bf34b0810047509ae7dc6cc2a8d58eea0e,Org1MSP,Func1,"[1489"",""243""]""",Org1MSP Org2MSP ,VALID, 1489 243,,,RT,116,11401,0
2022-04-07T17:24:32.996Z,e3886ce73cec5a1138b78a757c85c087e80de8110b1c09ef112f5fcee1d6726b,Org1MSP,Func1,"[5424"",""2""]""",Org1MSP Org2MSP ,VALID, 2 5424,,,RT,116,11403,0
2022-04-07T17:24:32.998Z,9e42cea1d2d5a2e6e7e432820006afd9af8d964305fb231ddd4e746fe0f3d5bf,Org1MSP,Func7,"[6135"",""100"",""590"",""100""]""",Org1MSP Org2MSP ,VALID, 590 6135, 590 6135,,UT,116,11389,0
2022-04-07T17:24:32.998Z,e2788db17d4051d9a98c900e1f987589c59d5d01b96f2dec5dc49a95c202bb0e,Org1MSP,Func4,"[10227"",""1022700"",""10003"",""1000300""]""",Org1MSP Org2MSP ,VALID,, 10003 10227,,WT,116,11402,0
2022-04-07T17:24:33.089Z,2d0bdfbeda55f59989b29e14cfe36cae4b732fa02d04ab142fd6c5e50a534c27,Org1MSP,Func7,"[179"",""100"",""3200"",""100""]""",Org1MSP Org2MSP ,ENDORSEMENT_POLICY_FAILURE, 179 3200, 179 3200,,UT,117,11427,0
2022-04-07T17:24:33.090Z,462942501358638d0ed6404a3eaf17440fec2c79df8c8d9fed9113548e5eacb5,Org1MSP,Func4,"[10000"",""1000000"",""10031"",""1003100""]""",Org1MSP Org2MSP ,VALID,, 10000 10031,,WT,116,11369,0
2022-04-07T17:24:33.091Z,b879569150f7b868094a6dc2e65edbbcfcddee6d161235b8aba95a24c369895f,Org1MSP,Func1,"[3"",""31""]""",Org1MSP Org2MSP ,VALID, 3 31,,,RT,117,11495,0
2022-04-07T17:24:33.093Z,2a9579559bddc772e6644b063d19bf5893a08dd0abbd42a1343ae008c8ffd134,Org1MSP,Func4,"[12361"",""1236100"",""10000"",""1000000""]""",Org1MSP Org2MSP ,VALID,, 10000 12361,,WT,117,11426,0
2022-04-07T17:24:33.094Z,2fb077b6489ce5419d63761070277907b8439b53bfe2b66a01191b8794b7c54a,Org1MSP,Func4,"[15720"",""1572000"",""10285"",""1028500""]""",Org1MSP Org2MSP ,VALID,, 10285 15720,,WT,116,11365,0
2022-04-07T17:24:33.096Z,6c70600a92d9c81a32311e918c00c8c9efbfde45821334e2b9b090ac552798bf,Org1MSP,Func4,"[10038"",""1003800"",""13119"",""1311900""]""",Org1MSP Org2MSP ,VALID,, 10038 13119,,WT,116,11375,0
2022-04-07T17:24:33.096Z,a1975da416a4b2e011ad55ffc7b18f536fe1abb85580bf966f37d1e8850936e6,Org1MSP,Func7,"[30"",""100"",""656"",""100""]""",Org1MSP Org2MSP ,VALID, 30 656, 30 656,,UT,117,11484,0
2022-04-07T17:24:33.097Z,88aa2827088e6e0eeb976669009267bcab4b81f4ab752b2803fc9f21e6a236da,Org1MSP,Func4,"[19904"",""1990400"",""10079"",""1007900""]""",Org1MSP Org2MSP ,VALID,, 10079 19904,,WT,117,11472,0
2022-04-07T17:24:33.099Z,a92f6c0ce79e4de4b666c4247e62c9373518ef10f83191be81230ff47b2846ff,Org1MSP,Func4,"[10011"",""1001100"",""10035"",""1003500""]""",Org1MSP Org2MSP ,VALID,, 10011 10035,,WT,117,11488,0
2022-04-07T17:24:33.190Z,26b67e5b56d85ce66b66f7ad0ec57293284b167b3f966effc2cc5dc1c2c9c39f,Org1MSP,Func7,"[4391"",""100"",""4613"",""100""]""",Org1MSP Org2MSP ,VALID, 4391 4613, 4391 4613,,UT,117,11425,0
2022-04-07T17:24:33.191Z,157f50701780598bde18204a471ba7dd405631d43e8ec003f71f26a425ebfbfd,Org1MSP,Func4,"[10560"",""1056000"",""10255"",""1025500""]""",Org1MSP Org2MSP ,VALID,, 10255 10560,,WT,117,11421,0
2022-04-07T17:24:33.192Z,0034399d5f8985014b17a69af2bc684584b5a671c957f49e999fdfd6f976a0a4,Org1MSP,Func1,"[8"",""44""]""",Org1MSP Org2MSP ,VALID, 44 8,,,RT,117,11408,0
2022-04-07T17:24:33.192Z,3a4d26fdcd64320b86ef3421b5500348137aa5b35b1c06d9a234fd2aafac91ec,Org1MSP,Func4,"[10000"",""1000000"",""10062"",""1006200""]""",Org1MSP Org2MSP ,VALID,, 10000 10062,,WT,117,11432,0
2022-04-07T17:24:33.193Z,ad6afd74370cb9fbc5be0c21a49156db8076337be2dab42beb4c243208d475d9,Org1MSP,Func4,"[10048"",""1004800"",""10190"",""1019000""]""",Org1MSP Org2MSP ,VALID,, 10048 10190,,WT,117,11489,0
2022-04-07T17:24:33.193Z,dbacb4b47e020e7fd24ec3dd03ade20885a066ba3413cb2c02dd0e84395b911e,Org1MSP,Func4,"[10255"",""1025500"",""10000"",""1000000""]""",Org1MSP Org2MSP ,VALID,, 10000 10255,,WT,117,11517,0
2022-04-07T17:24:33.195Z,0f13f49fd8370a0c0a7e3d43f080e6a3a2435e21b6fbbc65ddc67d8e2e36310a,Org1MSP,Func4,"[10024"",""1002400"",""11348"",""1134800""]""",Org1MSP Org2MSP ,VALID,, 10024 11348,,WT,117,11417,0
2022-04-07T17:24:33.196Z,bf2130b465e495ccc15548e5d7a0ceb41dd0228e02ae409395c3b3b80381b767,Org1MSP,Func4,"[10042"",""1004200"",""10002"",""1000200""]""",Org1MSP Org2MSP ,VALID,, 10002 10042,,WT,117,11499,0
2022-04-07T17:24:33.197Z,11ed0dba53c9d0a8c031535baed6712ad0b1ef6dd38172405f7593fb13810110,Org1MSP,Func7,"[3"",""100"",""4410"",""100""]""",Org1MSP Org2MSP ,VALID, 3 4410, 3 4410,,UT,117,11545,0
2022-04-07T17:24:33.199Z,71ba3f23520d31f5bd815ae6b3e46ea8d1bebb0cbb99b06ef62836c580cc1d25,Org1MSP,Func4,"[11964"",""1196400"",""10383"",""1038300""]""",Org1MSP Org2MSP ,VALID,, 10383 11964,,WT,117,11462,0
2022-04-07T17:24:33.289Z,30fd6ba2545ccb3b1a2782a9f00a251f07eb414db5946ada9c0a489dd9c70106,Org1MSP,Func7,"[4"",""100"",""102"",""100""]""",Org1MSP Org2MSP ,VALID, 102 4, 102 4,,UT,117,11537,0
2022-04-07T17:24:33.291Z,0d880ed6dc1c8b88e9cebfcd5fe09c895be55e844a4f1ef7868e071504975bd1,Org1MSP,Func1,"[41"",""994""]""",Org1MSP Org2MSP ,VALID, 41 994,,,RT,117,11416,0
2022-04-07T17:24:33.292Z,d7bd9eb8b02d8ec6b49830b9446f8d9d5d7d9e9a1eb39d5faa69c938d905a0f4,Org1MSP,Func4,"[10187"",""1018700"",""18680"",""1868000""]""",Org1MSP Org2MSP ,VALID,, 10187 18680,,WT,117,11514,0
2022-04-07T17:24:33.295Z,e5100e0b1a965e9cc51ac4d9d639a4eade00c0d7bdb829497ee367a6edfabe16,Org1MSP,Func4,"[10005"",""1000500"",""10981"",""1098100""]""",Org1MSP Org2MSP ,VALID,, 10005 10981,,WT,117,11523,0
2022-04-07T17:24:33.296Z,9b0c38a82cfd990874e67453e334c40fb9c20ebcb717a28fe4739e82110f06af,Org1MSP,Func7,"[4066"",""100"",""963"",""100""]""",Org1MSP Org2MSP ,VALID, 4066 963, 4066 963,,UT,117,11479,0
2022-04-07T17:24:33.296Z,955eb9ae724265d309d0d77828499849ead09ffdf6146173ba47f65d6f521ad0,Org1MSP,Func7,"[2"",""100"",""274"",""100""]""",Org1MSP Org2MSP ,VALID, 2 274, 2 274,,UT,117,11546,0
2022-04-07T17:24:33.297Z,191ed060a018fda8f4174e1459322ef0a0c8114269e20c336bd0fea218dc00c2,Org1MSP,Func1,"[378"",""3""]""",Org1MSP Org2MSP ,VALID, 3 378,,,RT,117,11422,0
2022-04-07T17:24:33.299Z,a542c30a0d7032daca6406df8e39fc716e699307771a223381a62c69c3ea31ab,Org1MSP,Func7,"[2089"",""100"",""458"",""100""]""",Org1MSP Org2MSP ,VALID, 2089 458, 2089 458,,UT,117,11487,0
2022-04-07T17:24:33.389Z,0a05cddd7eccf5d20149f866e62fb8948129ed7374bbdd123e329f1c0a978a1e,Org1MSP,Func4,"[10173"",""1017300"",""10031"",""1003100""]""",Org1MSP Org2MSP ,VALID,, 10031 10173,,WT,117,11413,0
2022-04-07T17:24:33.389Z,34544733d8e2f93f2f09ec1b6a1a1c86b71f55e89f1025880e36c2cdb87722dd,Org1MSP,Func7,"[260"",""100"",""14"",""100""]""",Org1MSP Org2MSP ,VALID, 14 260, 14 260,,UT,117,11429,0
2022-04-07T17:24:33.390Z,9760c45fcb4e3c3dbc0c84c371d58499e66b93425a40b9effb7204b5554c5aca,Org1MSP,Func7,"[1878"",""100"",""2688"",""100""]""",Org1MSP Org2MSP ,VALID, 1878 2688, 1878 2688,,UT,117,11477,0
2022-04-07T17:24:33.392Z,60f5e1d190b8814c109c731f1cca3152bde6e9ae33ee474b1c03e60ef060d02f,Org1MSP,Func1,"[2666"",""4972""]""",Org1MSP Org2MSP ,VALID, 2666 4972,,,RT,116,11374,0
2022-04-07T17:24:33.395Z,e6853f6b02e3f5d8ffb4ea947e5d6bbcf33851538aa0727e23b8c9c71ff82220,Org1MSP,Func4,"[10000"",""1000000"",""19229"",""1922900""]""",Org1MSP Org2MSP ,VALID,, 10000 19229,,WT,117,11524,0
2022-04-07T17:24:33.397Z,ad79a4a7164c10671dfaa537a0dff1b549f0d7ae7baa189cc235596635b8454d,Org1MSP,Func4,"[10014"",""1001400"",""10082"",""1008200""]""",Org1MSP Org2MSP ,VALID,, 10014 10082,,WT,117,11490,0
2022-04-07T17:24:33.398Z,62fbcabac22cd6a6b44e49c4ebc5fc6a16a369e05a4dcb68cc84c8a4f2d6e707,Org1MSP,Func7,"[4723"",""100"",""2721"",""100""]""",Org1MSP Org2MSP ,VALID, 2721 4723, 2721 4723,,UT,117,11450,0
2022-04-07T17:24:33.489Z,0747e723f97ec40958b609211687fb2cb16efea4afce75782b801605acea4572,Org1MSP,Func4,"[10071"",""1007100"",""11344"",""1134400""]""",Org1MSP Org2MSP ,VALID,, 10071 11344,,WT,117,11412,0
2022-04-07T17:24:33.490Z,0baad10b1d42664fc09bd36d5dd814a53c19821be7ded63fbf11eb963e6d9d83,Org1MSP,Func4,"[10023"",""1002300"",""18367"",""1836700""]""",Org1MSP Org2MSP ,VALID,, 10023 18367,,WT,117,11414,0
2022-04-07T17:24:33.490Z,bc117c7a2fd1197c2d93be7481df8a85f8aa92edb98fdf01591873823aa48839,Org1MSP,Func4,"[14455"",""1445500"",""10000"",""1000000""]""",Org1MSP Org2MSP ,VALID,, 10000 14455,,WT,117,11497,0
2022-04-07T17:24:33.491Z,066b8a3b56cbb231fddea1a9c0907629b61e88e3c2d822eda3bbb0027d8e4737,Org1MSP,Func4,"[10002"",""1000200"",""10014"",""1001400""]""",Org1MSP Org2MSP ,VALID,, 10002 10014,,WT,116,11356,0
2022-04-07T17:24:33.492Z,75b81102cab6f59aed928e982acf0e52b6ef9d8f1b1f83a441c3caf4d26df249,Org1MSP,Func4,"[10140"",""1014000"",""10059"",""1005900""]""",Org1MSP Org2MSP ,VALID,, 10059 10140,,WT,117,11464,0
2022-04-07T17:24:33.494Z,e97e9cf9f471998d893f0d27862725f0bd44a8b5fcc1b3600a5a5a2f8c1d38e0,Org1MSP,Func4,"[10070"",""1007000"",""10038"",""1003800""]""",Org1MSP Org2MSP ,VALID,, 10038 10070,,WT,117,11527,0
2022-04-07T17:24:33.496Z,b16c7784d978495004a30fdcc5525c6c03250dfc4728e2de50fa4893887f8dd0,Org1MSP,Func4,"[10013"",""1001300"",""17062"",""1706200""]""",Org1MSP Org2MSP ,VALID,, 10013 17062,,WT,117,11492,0
2022-04-07T17:24:33.497Z,d37fdeff5d8d86dd53596b63e1c502e330741c3ca470bdfbdb83ab3062a9686e,Org1MSP,Func4,"[10458"",""1045800"",""14302"",""1430200""]""",Org1MSP Org2MSP ,VALID,, 10458 14302,,WT,117,11510,0
2022-04-07T17:24:33.589Z,6726cad0e41213c5c3d1c18c381f37e172ccefbd112384c9e43f8527a31bdd9e,Org1MSP,Func4,"[10024"",""1002400"",""15345"",""1534500""]""",Org1MSP Org2MSP ,VALID,, 10024 15345,,WT,117,11454,0
2022-04-07T17:24:33.590Z,c7a2eb73d02a1e933d9061597b383525c37fe7f421572dd8cbece634400a6d78,Org1MSP,Func4,"[10002"",""1000200"",""10042"",""1004200""]""",Org1MSP Org2MSP ,VALID,, 10002 10042,,WT,117,11502,0
2022-04-07T17:24:33.591Z,6470cc25a692df7a01cc8f9b87a48a5e89f30b7bc262f4cf6e6d1410ab7f23ab,Org1MSP,Func4,"[11279"",""1127900"",""10185"",""1018500""]""",Org1MSP Org2MSP ,VALID,, 10185 11279,,WT,117,11451,0
2022-04-07T17:24:33.591Z,df995fd165bde6738b7623649ef53957627a4564488bd007472ac72800020a92,Org1MSP,Func4,"[12192"",""1219200"",""10410"",""1041000""]""",Org1MSP Org2MSP ,VALID,, 10410 12192,,WT,117,11518,0
2022-04-07T17:24:33.592Z,35cd54eb2aafaf86f7f9dea75b3427bbf84d507d3c27ec382c573c0167eea761,Org1MSP,Func7,"[332"",""100"",""3387"",""100""]""",Org1MSP Org2MSP ,VALID, 332 3387, 332 3387,,UT,117,11431,0
2022-04-07T17:24:33.594Z,0250073aabc21c1c75f4da3f15f74f783dc9ffd09eca66a55b67c4c17b2f34c6,Org1MSP,Func4,"[10959"",""1095900"",""14588"",""1458800""]""",Org1MSP Org2MSP ,VALID,, 10959 14588,,WT,117,11409,0
2022-04-07T17:24:33.598Z,92c313d5a49c21f329bb16b3177b61774fa6bcb50162cf5817e357b86ddbfb6d,Org1MSP,Func4,"[10006"",""1000600"",""10000"",""1000000""]""",Org1MSP Org2MSP ,VALID,, 10000 10006,,WT,117,11475,0
2022-04-07T17:24:33.598Z,fde21aaddc70e864b179c24f101d1a2dde517f1a47f83993812aefaebf22e749,Org1MSP,Func1,"[111"",""358""]""",Org1MSP Org2MSP ,VALID, 111 358,,,RT,117,11536,0
2022-04-07T17:24:33.599Z,705eb730d4faff0fb3ede78018dd904e88c37e92796d4e90a427c072fff22c6b,Org1MSP,Func4,"[10000"",""1000000"",""10040"",""1004000""]""",Org1MSP Org2MSP ,VALID,, 10000 10040,,WT,117,11461,0
2022-04-07T17:24:33.602Z,85fe95b38376d3d73c3478bfb47a8e3f152de8f185fc6ec6bbe3b08533675990,Org1MSP,Func1,"[120"",""26""]""",Org1MSP Org2MSP ,VALID, 120 26,,,RT,117,11470,0
2022-04-07T17:24:33.689Z,1bfbded5cf0b54da7be61b6e12ba875a9d3ce76a43865233a0d872ec2ac1d667,Org1MSP,Func1,"[447"",""1""]""",Org1MSP Org2MSP ,VALID, 1 447,,,RT,117,11423,0
2022-04-07T17:24:33.689Z,6ef6f608baf1601c9b06a888b01b222cd686782121cea389bab45d1bcdd638c1,Org1MSP,Func1,"[5"",""35""]""",Org1MSP Org2MSP ,VALID, 35 5,,,RT,117,11459,0
2022-04-07T17:24:33.690Z,23df263638852091128f3727ed5ac9a2372d2bcbb8968f0ea4b2460cded448a9,Org1MSP,Func4,"[10002"",""1000200"",""10408"",""1040800""]""",Org1MSP Org2MSP ,VALID,, 10002 10408,,WT,117,11424,0
2022-04-07T17:24:33.690Z,82a608565b87ce0f28e124cd7739b9142c282044099bbfb446951d3fd12202a4,Org1MSP,Func4,"[10000"",""1000000"",""10006"",""1000600""]""",Org1MSP Org2MSP ,VALID,, 10000 10006,,WT,117,11469,0
2022-04-07T17:24:33.692Z,d9fd8d22f62b65b429720e37ef9ab4e0a944b31342a6072e3150d0a37e156ed5,Org1MSP,Func4,"[10018"",""1001800"",""10897"",""1089700""]""",Org1MSP Org2MSP ,VALID,, 10018 10897,,WT,117,11516,0
2022-04-07T17:24:33.694Z,d2d7835d1ea1506e90cfd756f52dbbbc8a32dd620551952d18c54a2e00b81dc3,Org1MSP,Func4,"[11406"",""1140600"",""10001"",""1000100""]""",Org1MSP Org2MSP ,VALID,, 10001 11406,,WT,117,11507,0
2022-04-07T17:24:33.695Z,e37a8d40b513b948471db19470eaad5706f6390145496511f52ecfd89c87aa13,Org1MSP,Func4,"[10045"",""1004500"",""10072"",""1007200""]""",Org1MSP Org2MSP ,VALID,, 10045 10072,,WT,117,11522,0
2022-04-07T17:24:33.696Z,c0741adeecbfb0f6dd3b052da17f8561a3db8f317835bd5c363284037b20d04d,Org1MSP,Func4,"[10005"",""1000500"",""11090"",""1109000""]""",Org1MSP Org2MSP ,VALID,, 10005 11090,,WT,117,11500,0
2022-04-07T17:24:33.697Z,3be45ad61cdaf1783d22ba13f7ec6beff5e042b5d0e2696794638d2ddeebcd57,Org1MSP,Func1,"[90"",""1""]""",Org1MSP Org2MSP ,VALID, 1 90,,,RT,117,11434,0
2022-04-07T17:24:33.698Z,d7550720d0b4faad99165abab148dfb3ec380b6286a5bf4bde21025885bb3427,Org1MSP,Func4,"[17071"",""1707100"",""10105"",""1010500""]""",Org1MSP Org2MSP ,VALID,, 10105 17071,,WT,117,11513,0
2022-04-07T17:24:33.789Z,6ee52a823cb14ea440610a384f528a073970ee96eadb0e0bd1b353e4338a6d7d,Org1MSP,Func1,"[8110"",""289""]""",Org1MSP Org2MSP ,VALID, 289 8110,,,RT,117,11458,0
2022-04-07T17:24:33.790Z,d5861dd6b49925ff6b27f74eb3abc54fd3705258c795640d5892c5c424633a20,Org1MSP,Func7,"[743"",""100"",""419"",""100""]""",Org1MSP Org2MSP ,VALID, 419 743, 419 743,,UT,117,11512,0
2022-04-07T17:24:33.791Z,043701a661d50c9d3a2a0b16c90187631becca0c945b1d2db02a0b5d4bf5c394,Org1MSP,Func1,"[2"",""4135""]""",Org1MSP Org2MSP ,VALID, 2 4135,,,RT,117,11411,0
2022-04-07T17:24:33.791Z,d1ffdaa007773b1b68bb899694322f8cc21a8c77b1dcbe564b74ac72aa5e6eed,Org1MSP,Func4,"[19776"",""1977600"",""10146"",""1014600""]""",Org1MSP Org2MSP ,VALID,, 10146 19776,,WT,117,11505,0
2022-04-07T17:24:33.793Z,bb06fce4f48d0aec5a1b6c2261ec27d52c4ea9b27d871c15c8837333f38ff999,Org1MSP,Func4,"[10000"",""1000000"",""12730"",""1273000""]""",Org1MSP Org2MSP ,VALID,, 10000 12730,,WT,117,11496,0
2022-04-07T17:24:33.793Z,eec7a7b7a25adaf5a5b810b1f79c88567e1c4173e7981d5658fcad59c0aaea96,Org1MSP,Func4,"[10011"",""1001100"",""10259"",""1025900""]""",Org1MSP Org2MSP ,VALID,, 10011 10259,,WT,117,11532,0
2022-04-07T17:24:33.795Z,d3506f19cca07f507e540a4f07deb0e5e9f39be8d60bdabc8335d106914aaf3b,Org1MSP,Func4,"[10599"",""1059900"",""10435"",""1043500""]""",Org1MSP Org2MSP ,VALID,, 10435 10599,,WT,117,11509,0
2022-04-07T17:24:33.796Z,3468c302536d5b4863f24c382f4f13ff9189c5f457fe8feabe860d28cffab1df,Org1MSP,Func4,"[16110"",""1611000"",""10000"",""1000000""]""",Org1MSP Org2MSP ,VALID,, 10000 16110,,WT,117,11430,0
2022-04-07T17:24:33.797Z,ec25df2472fb0165a8686264be4dc044f0621476a333429866cf8bf1dbd30d44,Org1MSP,Func4,"[10100"",""1010000"",""10074"",""1007400""]""",Org1MSP Org2MSP ,VALID,, 10074 10100,,WT,117,11530,0
2022-04-07T17:24:33.798Z,a455182d5b2667d53738dfa9978cce16eed5eb8194034cf9ee94611e00f7300e,Org1MSP,Func4,"[11273"",""1127300"",""10032"",""1003200""]""",Org1MSP Org2MSP ,VALID,, 10032 11273,,WT,117,11486,0
2022-04-07T17:24:33.888Z,5448d1013a3e5924cbac63d8288e9313bf71903333688465b3c6ad2e192ff79e,Org1MSP,Func7,"[576"",""100"",""244"",""100""]""",Org1MSP Org2MSP ,VALID, 244 576, 244 576,,UT,117,11441,0
2022-04-07T17:24:33.890Z,4e03e4ee28fb142f19592c0181a5e1c1391d653903233b464cf630a6aac2f791,Org1MSP,Func1,"[4"",""137""]""",Org1MSP Org2MSP ,VALID, 137 4,,,RT,117,11438,0
2022-04-07T17:24:33.891Z,7db0051fb4c06e52cccd8d2b64a668aabe9cc351d9099985c52c4334f3d8e7b0,Org1MSP,Func4,"[10009"",""1000900"",""10334"",""1033400""]""",Org1MSP Org2MSP ,VALID,, 10009 10334,,WT,117,11468,0
2022-04-07T17:24:33.892Z,5dd30baf793d6dd222f6744541ba1dfc5ae740ed1bbcd9294e43ed7d6b26db56,Org1MSP,Func4,"[11117"",""1111700"",""10681"",""1068100""]""",Org1MSP Org2MSP ,VALID,, 10681 11117,,WT,117,11447,0
2022-04-07T17:24:33.893Z,ebd7d93ae3dd7e5ce3ac1496bf9f455b38eb2e65ee351c9ff9c5252c46f01d27,Org1MSP,Func4,"[10475"",""1047500"",""10004"",""1000400""]""",Org1MSP Org2MSP ,VALID,, 10004 10475,,WT,117,11529,0
2022-04-07T17:24:33.894Z,86e095c24e02b8d3e8a1afc7ac474a8c5fd600767b3ad0f4d3b9b0b6daca845c,Org1MSP,Func1,"[6889"",""1""]""",Org1MSP Org2MSP ,VALID, 1 6889,,,RT,117,11471,0
2022-04-07T17:24:33.899Z,59c84c4e6e9a73e85d31098caa29f67fe68d6ebb19ac14e372c13adeaf5e9f69,Org1MSP,Func4,"[16059"",""1605900"",""10004"",""1000400""]""",Org1MSP Org2MSP ,VALID,, 10004 16059,,WT,117,11443,0
2022-04-07T17:24:33.900Z,ae3d585205b040cdbff1dd9ec3085c07736ab444a827b1539657cb3bcfe8be77,Org1MSP,Func1,"[19"",""153""]""",Org1MSP Org2MSP ,VALID, 153 19,,,RT,117,11491,0
2022-04-07T17:24:33.902Z,a2381256e7d1a57e393ada1abc8a6aecbd19b110344378201c772c29e01c56ae,Org1MSP,Func4,"[10000"",""1000000"",""12633"",""1263300""]""",Org1MSP Org2MSP ,VALID,, 10000 12633,,WT,117,11485,0
2022-04-07T17:24:33.991Z,3b63da0724d87c136b69e6fb6ce22078a339c38277e1a5a0a70a5907c74feaf3,Org1MSP,Func1,"[208"",""139""]""",Org1MSP Org2MSP ,VALID, 139 208,,,RT,117,11433,0
2022-04-07T17:24:33.991Z,d425bb3f74629e8391f98bbb465c9a1219d7a089824a4e3a0ac8205ad300b0cf,Org1MSP,Func4,"[10011"",""1001100"",""10044"",""1004400""]""",Org1MSP Org2MSP ,VALID,, 10011 10044,,WT,117,11511,0
2022-04-07T17:24:33.992Z,9da4a339c072cb5346aa5b264944d7ead65cf2610e7eaa351e72993d4c6eaa06,Org1MSP,Func4,"[13008"",""1300800"",""10002"",""1000200""]""",Org1MSP Org2MSP ,VALID,, 10002 13008,,WT,117,11480,0
2022-04-07T17:24:33.994Z,ec30df87c07f7b77a150e807a0ee3fa30a4d0ff11d5251826262e3cda5c36fdc,Org1MSP,Func4,"[10001"",""1000100"",""10000"",""1000000""]""",Org1MSP Org2MSP ,VALID,, 10000 10001,,WT,117,11531,0
2022-04-07T17:24:33.996Z,e19dad9da2f36d938f3793e1d7df3fa7b992809fc65c84aaf28ec48c6e1d8fa8,Org1MSP,Func4,"[10715"",""1071500"",""10004"",""1000400""]""",Org1MSP Org2MSP ,VALID,, 10004 10715,,WT,117,11520,0
2022-04-07T17:24:33.997Z,69513787bb6cb2dfe725dc69c9124ebe0e48288abbf82be21281084d6f062df3,Org1MSP,Func4,"[10011"",""1001100"",""10402"",""1040200""]""",Org1MSP Org2MSP ,VALID,, 10011 10402,,WT,117,11455,0
2022-04-07T17:24:34.000Z,752a48ad11ced8666d3ddfab77f1ee8cc34ba023dbb4be88422ad6821a6b94db,Org1MSP,Func7,"[903"",""100"",""185"",""100""]""",Org1MSP Org2MSP ,VALID, 185 903, 185 903,,UT,117,11463,0
2022-04-07T17:24:34.007Z,6fe56e7591d137fcd76d83808dc92ce1d9b764d72b3d8cfd1225b7b919847006,Org1MSP,Func1,"[276"",""12""]""",Org1MSP Org2MSP ,VALID, 12 276,,,RT,117,11460,0
2022-04-07T17:24:34.009Z,4f4352652b69e353f5f746ad43ed75a76c20f14606c11ced671114170668e096,Org1MSP,Func4,"[10098"",""1009800"",""10005"",""1000500""]""",Org1MSP Org2MSP ,VALID,, 10005 10098,,WT,117,11439,0
2022-04-07T17:24:34.089Z,cc8cab3e57637d70c42fe92f6fe8a6d8a0abb129571b548c0f3c923ca081d06d,Org1MSP,Func1,"[163"",""9068""]""",Org1MSP Org2MSP ,VALID, 163 9068,,,RT,117,11503,0
2022-04-07T17:24:34.090Z,a118e12eec23aefa4e9d857397d5546c1a364761fad0c5de31ac1a8018583337,Org1MSP,Func7,"[526"",""100"",""97"",""100""]""",Org1MSP Org2MSP ,VALID, 526 97, 526 97,,UT,117,11483,0
2022-04-07T17:24:34.090Z,bd1ab106eed133aa8e123d69f1d1b0452754caa3ae4bfea4fb508c2bd5712d85,Org1MSP,Func7,"[3942"",""100"",""1669"",""100""]""",Org1MSP Org2MSP ,VALID, 1669 3942, 1669 3942,,UT,117,11498,0
2022-04-07T17:24:34.091Z,9ff054645b005215144920d3b223e3f7790248f7e1303e5abcdf613f5d499f8a,Org1MSP,Func4,"[10003"",""1000300"",""10001"",""1000100""]""",Org1MSP Org2MSP ,VALID,, 10001 10003,,WT,117,11482,0
2022-04-07T17:24:34.093Z,4d14a22be7ccb6f813268e20d07f399e4901284cbc49b9417b87f05bdad72ec6,Org1MSP,Func4,"[10207"",""1020700"",""17764"",""1776400""]""",Org1MSP Org2MSP ,VALID,, 10207 17764,,WT,117,11437,0
2022-04-07T17:24:34.094Z,5a3978acbf3305481f5651f840c0c5226e69f7a6288d1d4c327cd7570f616fc1,Org1MSP,Func7,"[6731"",""100"",""4003"",""100""]""",Org1MSP Org2MSP ,VALID, 4003 6731, 4003 6731,,UT,117,11444,0
2022-04-07T17:24:34.095Z,6dffd12d75daf6ec30a3007b5f8056a4951a79796db616335397f63f4bbe3fef,Org1MSP,Func1,"[4"",""69""]""",Org1MSP Org2MSP ,VALID, 4 69,,,RT,117,11456,0
2022-04-07T17:24:34.097Z,1178bf3b007342d3b32105e63a1c7891548c91ca17f4e53fb98f1d2f49ab8796,Org1MSP,Func4,"[10008"",""1000800"",""19000"",""1900000""]""",Org1MSP Org2MSP ,VALID,, 10008 19000,,WT,117,11418,0
2022-04-07T17:24:34.099Z,e8a0bf9f4e5ec2ee44438aa0c6c58362e4293890bb8f5b485d6f44dae22a63ea,Org1MSP,Func4,"[10000"",""1000000"",""10092"",""1009200""]""",Org1MSP Org2MSP ,VALID,, 10000 10092,,WT,117,11525,0
2022-04-07T17:24:34.189Z,7b15dfac10c02eb859c6e5539ccf3f4a594954133703b59f46bd788cbeecab93,Org1MSP,Func4,"[15781"",""1578100"",""18952"",""1895200""]""",Org1MSP Org2MSP ,VALID,, 15781 18952,,WT,117,11466,0
2022-04-07T17:24:34.189Z,cea3c798ff33e6e1c7bc525bc398fda678113cce99432e7eb6bc00546e9009a1,Org1MSP,Func7,"[5"",""100"",""2883"",""100""]""",Org1MSP Org2MSP ,VALID, 2883 5, 2883 5,,UT,117,11538,0
2022-04-07T17:24:34.189Z,fa55be4735fa5e9a68a70f4637068f55fd97a4b9f5e9c5fadc66e44555ae25c9,Org1MSP,Func1,"[1"",""2""]""",Org1MSP Org2MSP ,VALID, 1 2,,,RT,117,11539,0
2022-04-07T17:24:34.190Z,98c248908801714d546fe86717ac4c8055aee7783f20fde72c38e2a726b2b64f,Org1MSP,Func4,"[10070"",""1007000"",""10018"",""1001800""]""",Org1MSP Org2MSP ,VALID,, 10018 10070,,WT,117,11478,0
2022-04-07T17:24:34.193Z,b6eff42ce4ec04ad89f0aca21d1c6d077276cafa90ce221bea8a8fb4c4c641f2,Org1MSP,Func4,"[10000"",""1000000"",""10000"",""1000000""]""",Org1MSP Org2MSP ,VALID,, 10000,,WT,117,11494,0
2022-04-07T17:24:34.194Z,6e09ad897bc91cb6f6c7f72acf17da6566b7a538a69c816f2d95fff917924062,Org1MSP,Func4,"[17794"",""1779400"",""10051"",""1005100""]""",Org1MSP Org2MSP ,VALID,, 10051 17794,,WT,117,11457,0
2022-04-07T17:24:34.195Z,7c49bd1b77b7e14aa1529317165a9bc7060f1cae15d2a8ba0d4617b5a3e621e9,Org1MSP,Func4,"[17400"",""1740000"",""10014"",""1001400""]""",Org1MSP Org2MSP ,VALID,, 10014 17400,,WT,117,11467,0
2022-04-07T17:24:34.196Z,ebbd18250bac583e0ad2a8e81343a057451e2034f6ab70eaab8acff9a49addc6,Org1MSP,Func4,"[10648"",""1064800"",""10161"",""1016100""]""",Org1MSP Org2MSP ,VALID,, 10161 10648,,WT,117,11528,0
2022-04-07T17:24:34.197Z,5763abc3bb33f75f399260651d537f54606e727a6a18275a23a43ccd1952b706,Org1MSP,Func4,"[18099"",""1809900"",""18246"",""1824600""]""",Org1MSP Org2MSP ,VALID,, 18099 18246,,WT,117,11442,0
2022-04-07T17:24:34.199Z,90575e9378ef3ae8b0b95d7a7c368c30c8407ff1e1c5172d2689fb1d5abb5980,Org1MSP,Func7,"[20"",""100"",""21"",""100""]""",Org1MSP Org2MSP ,VALID, 20 21, 20 21,,UT,117,11473,0
2022-04-07T17:24:34.289Z,58f181557159f3e57f46a3fb3253b9fb405d1a26ca8d93227d2d633413f1ec4c,Org1MSP,Func7,"[1"",""100"",""53"",""100""]""",Org1MSP Org2MSP ,VALID, 1 53, 1 53,,UT,117,11547,0
2022-04-07T17:24:34.290Z,30783878523b636a8e2ee3f3432468c5767cfee3a957b0a383498feaf5c5b02d,Org1MSP,Func7,"[40"",""100"",""3452"",""100""]""",Org1MSP Org2MSP ,VALID, 3452 40, 3452 40,,UT,117,11428,0
2022-04-07T17:24:34.291Z,b67f45d07455b109ffaebdfd0f083990c299ef804a9e02ca705129a376944474,Org1MSP,Func1,"[1396"",""644""]""",Org1MSP Org2MSP ,VALID, 1396 644,,,RT,117,11493,0
2022-04-07T17:24:34.292Z,265b1371c3949e1a3ed94cbca602b43ff75ab12e2b74d7ad3a2aa4fc25b4ee6e,Org1MSP,Func1,"[1"",""3096""]""",Org1MSP Org2MSP ,VALID, 1 3096,,,RT,117,11540,0
2022-04-07T17:24:34.293Z,ce8d06d49d0d48b0a6b2e52aba7e9b26a4c41fdd14ed49f3c5296b269a8be3ae,Org1MSP,Func4,"[10427"",""1042700"",""13540"",""1354000""]""",Org1MSP Org2MSP ,VALID,, 10427 13540,,WT,117,11504,0
2022-04-07T17:24:34.294Z,5aa178539bfb94e17454ead53e97a061c6ea0883f03af1dae86f76ac43ba146c,Org1MSP,Func1,"[5412"",""91""]""",Org1MSP Org2MSP ,VALID, 5412 91,,,RT,117,11445,0
2022-04-07T17:24:34.296Z,d30616254e6846f6065b191bbd15108dbaae0d7e107850e4c6953f59e013a3a1,Org1MSP,Func4,"[10476"",""1047600"",""10010"",""1001000""]""",Org1MSP Org2MSP ,VALID,, 10010 10476,,WT,117,11508,0
2022-04-07T17:24:34.297Z,fd19e58f9b37ea5e435901af584176f2699c026a0531b9e2855d24f5a89ecef0,Org1MSP,Func4,"[10002"",""1000200"",""13949"",""1394900""]""",Org1MSP Org2MSP ,VALID,, 10002 13949,,WT,117,11535,0
2022-04-07T17:24:34.298Z,66b156af25c870c01d80126d4ef28b1eb3f478097d75f582462375fbf1cb1d3c,Org1MSP,Func7,"[50"",""100"",""104"",""100""]""",Org1MSP Org2MSP ,VALID, 104 50, 104 50,,UT,117,11453,0
2022-04-07T17:24:34.389Z,6535b314b11bd0cc0550e8f8981540d7b7186e41395b2535b2349dd9e4e6f123,Org1MSP,Func4,"[19678"",""1967800"",""10047"",""1004700""]""",Org1MSP Org2MSP ,VALID,, 10047 19678,,WT,117,11452,0
2022-04-07T17:24:34.389Z,f6032d7b5e9ec5d5dda253336dad0439d4d9b27ffa411a1ed92b9d8a1d31b15e,Org1MSP,Func4,"[10001"",""1000100"",""10380"",""1038000""]""",Org1MSP Org2MSP ,VALID,, 10001 10380,,WT,117,11533,0
2022-04-07T17:24:34.389Z,f7822b4155cfa9bbdc57ca36b88df96dc27f4e7afc1bef54d5dd2d238a4930ce,Org1MSP,Func4,"[10033"",""1003300"",""10002"",""1000200""]""",Org1MSP Org2MSP ,VALID,, 10002 10033,,WT,117,11534,0
2022-04-07T17:24:34.391Z,d7cd536b6fd415d501312e25b5f6e61ac2bea5339f74c85373a7845d340a5599,Org1MSP,Func4,"[10014"",""1001400"",""15697"",""1569700""]""",Org1MSP Org2MSP ,VALID,, 10014 15697,,WT,117,11515,0
2022-04-07T17:24:34.393Z,e8f40c0d61f99d791ad942b25cfd03c571f754f59ea9c2522c2b2db31933118d,Org1MSP,Func4,"[10001"",""1000100"",""10346"",""1034600""]""",Org1MSP Org2MSP ,VALID,, 10001 10346,,WT,117,11526,0
2022-04-07T17:24:34.395Z,7a29dbea21db0a3ef8a498649b5652bcc379256301bc822b3ce4840e01ea88d9,Org1MSP,Func4,"[10019"",""1001900"",""10001"",""1000100""]""",Org1MSP Org2MSP ,VALID,, 10001 10019,,WT,117,11465,0
2022-04-07T17:24:34.396Z,d20bf398dac39d25cb5432984e40ab20393c3db48d72e546e433dbc75e9d2057,Org1MSP,Func4,"[10487"",""1048700"",""10001"",""1000100""]""",Org1MSP Org2MSP ,VALID,, 10001 10487,,WT,117,11506,0
2022-04-07T17:24:34.397Z,60adf2b5f53ccabaa83ff7e38e204c44b6e8a2479a09fab097b06c2f75ad9cdc,Org1MSP,Func1,"[1862"",""69""]""",Org1MSP Org2MSP ,VALID, 1862 69,,,RT,117,11448,0
2022-04-07T17:24:34.399Z,15a7d05a0c3ef2597f334615459395d5f271ff53d996df9149d50115bd48c1e0,Org1MSP,Func1,"[389"",""1""]""",Org1MSP Org2MSP ,VALID, 1 389,,,RT,117,11541,0
2022-04-07T17:24:34.490Z,1299c7fb3fe1bfc6e818fe1d6655df5a8ec2a2fea197c630f78a2e90682abd59,Org1MSP,Func4,"[10005"",""1000500"",""10000"",""1000000""]""",Org1MSP Org2MSP ,VALID,, 10000 10005,,WT,117,11420,0
2022-04-07T17:24:34.490Z,3d7b4ddd6334fec0b225fcf005e2b16fba063d88b810da77face0b3b303a9480,Org1MSP,Func4,"[19456"",""1945600"",""10001"",""1000100""]""",Org1MSP Org2MSP ,VALID,, 10001 19456,,WT,117,11435,0
2022-04-07T17:24:34.490Z,c26f424ad113efd97b830ca006d6c9d8c748fc7ab55f828b26a7f503959adf07,Org1MSP,Func4,"[10021"",""1002100"",""18318"",""1831800""]""",Org1MSP Org2MSP ,VALID,, 10021 18318,,WT,117,11501,0
2022-04-07T17:24:34.490Z,006707e4085820df0d8da44365206a0de20fc87f575c6b88015b3d7d3242f083,Org1MSP,Func7,"[1079"",""100"",""19"",""100""]""",Org1MSP Org2MSP ,VALID, 1079 19, 1079 19,,UT,117,11544,0
2022-04-07T17:24:34.493Z,511e8cf34f9251eacdebd6a640afcfb844daa16af24612f1c6bd44abc6ce8c47,Org1MSP,Func1,"[84"",""243""]""",Org1MSP Org2MSP ,VALID, 243 84,,,RT,117,11440,0
2022-04-07T17:24:34.493Z,61bb509fd0878188e9f43200bf9bb5be960a7c9622ed4c175ae560dc32484deb,Org1MSP,Func4,"[10304"",""1030400"",""10003"",""1000300""]""",Org1MSP Org2MSP ,VALID,, 10003 10304,,WT,117,11449,0
2022-04-07T17:24:34.497Z,5c3fb95fe248fec7f577c159c37b5402a839712c075d40d55b3deb9c0587dabf,Org1MSP,Func4,"[10004"",""1000400"",""11004"",""1100400""]""",Org1MSP Org2MSP ,VALID,, 10004 11004,,WT,117,11446,0
2022-04-07T17:24:34.497Z,545763ce323682dae1e361632deb409240846034b0a99e699ce48a90772f581a,Org1MSP,Func1,"[361"",""1""]""",Org1MSP Org2MSP ,VALID, 1 361,,,RT,117,11542,0
2022-04-07T17:24:34.498Z,055dcb2cc1828720bdbb9c49d7becaf2f6b30c876786c6c04f8a1948f9dba2ae,Org1MSP,Func1,"[24"",""1""]""",Org1MSP Org2MSP ,VALID, 1 24,,,RT,117,11543,0
2022-04-07T17:24:34.500Z,9114e09dc11f79fe6d5862d1e8e998466cb074320101b23fb5bb6197ffb81a98,Org1MSP,Func1,"[16"",""31""]""",Org1MSP Org2MSP ,VALID, 16 31,,,RT,117,11474,0
2022-04-07T17:24:34.589Z,9f1ec552f30b1d7e96667285070d327ffb19640ef28f77295664fea61777d6f4,Org1MSP,Func1,"[73"",""1119""]""",Org1MSP Org2MSP ,VALID, 1119 73,,,RT,117,11481,0
2022-04-07T17:24:34.589Z,e13677e4dbd556a663e0da9f671bf7fcbb3ec65b4e7cc250bc3071f3daee5af6,Org1MSP,Func4,"[10964"",""1096400"",""10039"",""1003900""]""",Org1MSP Org2MSP ,VALID,, 10039 10964,,WT,117,11519,0
2022-04-07T17:24:34.591Z,02aa97fb88030e5b9b323c7a5c06d53a6ef91795ecf3111df10dffba97a5f564,Org1MSP,Func1,"[5016"",""59""]""",Org1MSP Org2MSP ,VALID, 5016 59,,,RT,117,11410,0
2022-04-07T17:24:34.592Z,1183413e319c5bee525b3dbd7150e6ffe0a86c75ae23ef8dbaa73f7fcf46dbcc,Org1MSP,Func4,"[10048"",""1004800"",""14715"",""1471500""]""",Org1MSP Org2MSP ,VALID,, 10048 14715,,WT,117,11419,0
2022-04-07T17:24:34.595Z,e2f4aa0c6300f0141c9ad9e371b2647945171670a8d51d60657361e36f80dc3a,Org1MSP,Func4,"[12603"",""1260300"",""10022"",""1002200""]""",Org1MSP Org2MSP ,VALID,, 10022 12603,,WT,117,11521,0
2022-04-07T17:24:34.596Z,0d6316b0041c52d6c44f82afe0af3e34e20c1503c16fa0c116b450c1c2147963,Org1MSP,Func1,"[920"",""1801""]""",Org1MSP Org2MSP ,VALID, 1801 920,,,RT,117,11415,0
2022-04-07T17:24:34.597Z,45997b58075fd738603bf07f272c5a2e7ca69a3f4c93764c364f145ea84871c0,Org1MSP,Func4,"[14897"",""1489700"",""10088"",""1008800""]""",Org1MSP Org2MSP ,VALID,, 10088 14897,,WT,117,11436,0
2022-04-07T17:24:34.598Z,942fcd8273be441f8a44b8a1d26adeef5f0ce8c3617f01c7381f15e9bf9999c7,Org1MSP,Func4,"[10000"",""1000000"",""10048"",""1004800""]""",Org1MSP Org2MSP ,VALID,, 10000 10048,,WT,117,11476,0
2022-04-07T17:24:34.689Z,7773d771d7f20c88039caeb20b49a6bfdc36a29b140777e88bb6e31631ec7c8e,Org1MSP,Func4,"[10018"",""1001800"",""11309"",""1130900""]""",Org1MSP Org2MSP ,VALID,, 10018 11309,,WT,118,11582,0
2022-04-07T17:24:34.689Z,8e156671e358e67f0a092f1322226ff11bd89e07874de04e4c0638fc8e5f7d36,Org1MSP,Func1,"[177"",""119""]""",Org1MSP Org2MSP ,VALID, 119 177,,,RT,118,11591,0
2022-04-07T17:24:34.690Z,7d6a84a0f3d272ae017e63f354f0f85db1df2e22382dd612a136dfcb903a42ea,Org1MSP,Func4,"[10015"",""1001500"",""10159"",""1015900""]""",Org1MSP Org2MSP ,VALID,, 10015 10159,,WT,118,11584,0
2022-04-07T17:24:34.690Z,ff31f8a908ab9ea94f8067051fbce1e95a86944684e6307008b4a3cf5c8b685f,Org1MSP,Func4,"[10782"",""1078200"",""10019"",""1001900""]""",Org1MSP Org2MSP ,VALID,, 10019 10782,,WT,118,11627,0
2022-04-07T17:24:34.692Z,7e3f0dda9d97c4624f751d509e8b916c40ebbd2c2e354fb34eecf2e291700842,Org1MSP,Func1,"[471"",""815""]""",Org1MSP Org2MSP ,VALID, 471 815,,,RT,118,11586,0
2022-04-07T17:24:34.693Z,1f947aa983b3f39ff6b3f7e16939599a8fbc404c54b1fd018a5fdea66c7d12e3,Org1MSP,Func4,"[10001"",""1000100"",""10065"",""1006500""]""",Org1MSP Org2MSP ,VALID,, 10001 10065,,WT,118,11558,0
2022-04-07T17:24:34.694Z,e9d31040d644fc57b3d0c70b41f70253e78bae9158a3b8d90cc0e2ad6abd442f,Org1MSP,Func4,"[10000"",""1000000"",""10051"",""1005100""]""",Org1MSP Org2MSP ,VALID,, 10000 10051,,WT,118,11619,0
2022-04-07T17:24:34.696Z,6da6eed753a037178d70982506e0e33964e302737a34c4f35a7fc3178672699e,Org1MSP,Func7,"[77"",""100"",""144"",""100""]""",Org1MSP Org2MSP ,VALID, 144 77, 144 77,,UT,118,11579,0
2022-04-07T17:24:34.698Z,3aec9bc376299bd5fb19b894fa3db67c84a48f66777873202c71bd71900f1028,Org1MSP,Func4,"[10791"",""1079100"",""12706"",""1270600""]""",Org1MSP Org2MSP ,VALID,, 10791 12706,,WT,118,11567,0
2022-04-07T17:24:34.700Z,d13c05da26ed0d417210238b2699d9d36f527c8a67c400202fd3a5fb8f8fafbc,Org1MSP,Func4,"[10028"",""1002800"",""10265"",""1026500""]""",Org1MSP Org2MSP ,VALID,, 10028 10265,,WT,118,11612,0
2022-04-07T17:24:34.789Z,2e0b017df8e71d2d8f30e5c6ba79cee1b446f845af9d7e0dd3bf20eb5589458c,Org1MSP,Func4,"[10000"",""1000000"",""10048"",""1004800""]""",Org1MSP Org2MSP ,VALID,, 10000 10048,,WT,118,11564,0
2022-04-07T17:24:34.790Z,1974133085c5e018a8271fcb0930bc7012831f9309391de52b6195f17df4cb7a,Org1MSP,Func4,"[10002"",""1000200"",""10004"",""1000400""]""",Org1MSP Org2MSP ,VALID,, 10002 10004,,WT,118,11556,0
2022-04-07T17:24:34.790Z,45da8d54866f803a5afe9649457d990b7f4b3bf71c08bd5577a125dfee8ca31c,Org1MSP,Func4,"[11437"",""1143700"",""10000"",""1000000""]""",Org1MSP Org2MSP ,VALID,, 10000 11437,,WT,118,11571,0
2022-04-07T17:24:34.790Z,50a977ce7726aaf81c0fef347e88c840cfbd6897b7635d4d736d7da5e902650b,Org1MSP,Func7,"[18"",""100"",""6925"",""100""]""",Org1MSP Org2MSP ,VALID, 18 6925, 18 6925,,UT,118,11635,0
2022-04-07T17:24:34.794Z,78252131e6b927f239062929d6dae0ec86c4f26cf49935b48ab8a8d559426356,Org1MSP,Func4,"[10002"",""1000200"",""10031"",""1003100""]""",Org1MSP Org2MSP ,VALID,, 10002 10031,,WT,118,11583,0
2022-04-07T17:24:34.797Z,7d6e98f640f7782c4c5b2eb64b645e3fe5b7bbaa6b272cd209eb4a758c437920,Org1MSP,Func4,"[19012"",""1901200"",""18096"",""1809600""]""",Org1MSP Org2MSP ,VALID,, 18096 19012,,WT,118,11585,0
2022-04-07T17:24:34.797Z,e0a7c7a52622a00486f05885cf22980f43f832945942dc5ed35ecde6b47c45e6,Org1MSP,Func4,"[11072"",""1107200"",""11417"",""1141700""]""",Org1MSP Org2MSP ,VALID,, 11072 11417,,WT,118,11616,0
2022-04-07T17:24:34.799Z,269c82c457db9b7c833dc5ef67ff794fad9e8b70ef2ea862576dea262fd12441,Org1MSP,Func4,"[10721"",""1072100"",""10001"",""1000100""]""",Org1MSP Org2MSP ,VALID,, 10001 10721,,WT,118,11560,0
2022-04-07T17:24:34.889Z,09b105a564865f319a97e700e7e9e55ffc412c4704ffce431883e9889940a5c2,Org1MSP,Func4,"[10157"",""1015700"",""10058"",""1005800""]""",Org1MSP Org2MSP ,VALID,, 10058 10157,,WT,118,11552,0
2022-04-07T17:24:34.889Z,4850d9651972aa60c1abb23221c5e87b59b64cb2e345fe0193d53f06a4369bf8,Org1MSP,Func4,"[10064"",""1006400"",""10021"",""1002100""]""",Org1MSP Org2MSP ,VALID,, 10021 10064,,WT,118,11572,0
2022-04-07T17:24:34.890Z,f115156d98ede196f2aedf0a6d73f58fd4ebceffe40b09da08ba3adf2447333e,Org1MSP,Func4,"[10029"",""1002900"",""10007"",""1000700""]""",Org1MSP Org2MSP ,VALID,, 10007 10029,,WT,118,11622,0
2022-04-07T17:24:34.892Z,fcf6d1210f522c2f6aad12b7c475ecfe4723f55026bbc1d03f687a8558f46e9a,Org1MSP,Func4,"[10000"",""1000000"",""10058"",""1005800""]""",Org1MSP Org2MSP ,VALID,, 10000 10058,,WT,118,11626,0
2022-04-07T17:24:34.894Z,998d8b7341c572f1af6c22f0afeceb5e87c094027a4de8d6b898048e8762cb11,Org1MSP,Func1,"[2412"",""1""]""",Org1MSP Org2MSP ,VALID, 1 2412,,,RT,118,11596,0
2022-04-07T17:24:34.896Z,314e04f8165d99b88ab7cb4a9b37489250ffe8452afc7386b0dc2822cfa93342,Org1MSP,Func4,"[10023"",""1002300"",""10213"",""1021300""]""",Org1MSP Org2MSP ,VALID,, 10023 10213,,WT,118,11566,0
2022-04-07T17:24:34.896Z,cc8f93b9dabeeace53979d9e97e531ec678bb032e75365795416c318eb859da9,Org1MSP,Func1,"[20"",""6""]""",Org1MSP Org2MSP ,VALID, 20 6,,,RT,118,11610,0
2022-04-07T17:24:34.897Z,0963ff0c175be90bb159552908b61b8a59b1d19ca64f8d8720ac4d74b899bc0d,Org1MSP,Func4,"[12712"",""1271200"",""10000"",""1000000""]""",Org1MSP Org2MSP ,VALID,, 10000 12712,,WT,118,11550,0
2022-04-07T17:24:34.899Z,20dbf3182f8685247c1ac4a27a9e9d4dba3ad25a87efce42068e97ad6023a69b,Org1MSP,Func4,"[10004"",""1000400"",""10093"",""1009300""]""",Org1MSP Org2MSP ,VALID,, 10004 10093,,WT,118,11559,0
2022-04-07T17:24:34.990Z,a27a5d8aa6ad7110b3b5f9c314896fe96b9ccc24943b2e6010122fb51f9e3ef6,Org1MSP,Func4,"[10078"",""1007800"",""14854"",""1485400""]""",Org1MSP Org2MSP ,VALID,, 10078 14854,,WT,118,11599,0
2022-04-07T17:24:34.990Z,c67dba4c43c8740724731a9ad7e31082b826375df36308c3088bb5b5187a15af,Org1MSP,Func4,"[11242"",""1124200"",""10000"",""1000000""]""",Org1MSP Org2MSP ,VALID,, 10000 11242,,WT,118,11607,0
2022-04-07T17:24:34.991Z,db7176e23d1175bf525c98d21fdb4e7af900860b949420ce8b295a76860476b9,Org1MSP,Func1,"[2"",""3729""]""",Org1MSP Org2MSP ,VALID, 2 3729,,,RT,118,11615,0
2022-04-07T17:24:34.992Z,590954e028ba07fdc1ef7fd9a6e0ca090004cb3e2e027a9567eca57c525b560e,Org1MSP,Func4,"[10863"",""1086300"",""11083"",""1108300""]""",Org1MSP Org2MSP ,VALID,, 10863 11083,,WT,118,11574,0
2022-04-07T17:24:34.993Z,befed912b5b2a736a32056bb2e53741101e7310fdc7d532dadd2ba7f6e74702f,Org1MSP,Func4,"[10002"",""1000200"",""10002"",""1000200""]""",Org1MSP Org2MSP ,VALID,, 10002,,WT,118,11603,0
2022-04-07T17:24:34.994Z,f98bb050a1521ca7b5611c3e460b87cb42c3cf6e929ceb6e1379eb76ed055f33,Org1MSP,Func4,"[12715"",""1271500"",""13166"",""1316600""]""",Org1MSP Org2MSP ,VALID,, 12715 13166,,WT,118,11624,0
2022-04-07T17:24:34.996Z,8efec943c6518f5bc2bba3dbe2299c3483ab1bcac5eebe03394eabf916f283b8,Org1MSP,Func4,"[10015"",""1001500"",""10096"",""1009600""]""",Org1MSP Org2MSP ,VALID,, 10015 10096,,WT,118,11592,0
2022-04-07T17:24:34.998Z,1918a100ace164adaf8c6e13089cbf70cfbe24ec986f1654e3d7a4690121f287,Org1MSP,Func7,"[38"",""100"",""272"",""100""]""",Org1MSP Org2MSP ,VALID, 272 38, 272 38,,UT,118,11555,0
2022-04-07T17:24:35.089Z,86a260ef44168845478ee6914481a5bacb096f236cea525f20d601382f14891a,Org1MSP,Func7,"[2761"",""100"",""2698"",""100""]""",Org1MSP Org2MSP ,VALID, 2698 2761, 2698 2761,,UT,118,11588,0
2022-04-07T17:24:35.089Z,7b349fdb000a87b109022b9c4a876b6b0b5f984e8e4234653cb705c89ee5e839,Org1MSP,Func7,"[20"",""100"",""2939"",""100""]""",Org1MSP Org2MSP ,VALID, 20 2939, 20 2939,,UT,118,11633,0
2022-04-07T17:24:35.090Z,92a27db756ecabdf33950ba48cbf24a3a211123b833d7bceb2201f9743ed2386,Org1MSP,Func4,"[10001"",""1000100"",""11013"",""1101300""]""",Org1MSP Org2MSP ,VALID,, 10001 11013,,WT,118,11595,0
2022-04-07T17:24:35.090Z,62835025df2ef2f9ee394870cc675919b146be8b18475156e593e26a5df3a9f1,Org1MSP,Func7,"[3085"",""100"",""5"",""100""]""",Org1MSP Org2MSP ,VALID, 3085 5, 3085 5,,UT,118,11636,0
2022-04-07T17:24:35.092Z,27f184df8f0bb9b2c13e141ab2afb1e2286781cd181042ae846dba1dd957d1d3,Org1MSP,Func7,"[378"",""100"",""215"",""100""]""",Org1MSP Org2MSP ,VALID, 215 378, 215 378,,UT,118,11561,0
2022-04-07T17:24:35.094Z,e168f3eda1d49e3894eb26aa0824ec01bc8749b9e42683b0ab7f3182396e70e4,Org1MSP,Func4,"[10179"",""1017900"",""10000"",""1000000""]""",Org1MSP Org2MSP ,VALID,, 10000 10179,,WT,118,11618,0
2022-04-07T17:24:35.095Z,6db2d085fc222fa257eca30ba217c4815b00756556f821f3341efe0382d0fd3d,Org1MSP,Func7,"[40"",""100"",""1"",""100""]""",Org1MSP Org2MSP ,VALID, 1 40, 1 40,,UT,118,11637,0
2022-04-07T17:24:35.096Z,61d96169515ff555779d126fee500eb6c41863a66629ccf41e51bfaa314a12f2,Org1MSP,Func4,"[13515"",""1351500"",""10132"",""1013200""]""",Org1MSP Org2MSP ,VALID,, 10132 13515,,WT,118,11576,0
2022-04-07T17:24:35.097Z,b4a8fe43ec1536d142df1b8cbc3c802b66f99313fb5cb1ad165941fe7f88a1bc,Org1MSP,Func4,"[10003"",""1000300"",""10002"",""1000200""]""",Org1MSP Org2MSP ,VALID,, 10002 10003,,WT,118,11602,0
2022-04-07T17:24:35.098Z,edbed4b66f4ad27b565746cb9bd4008f6b1761f08b25d098082f1c60e6d10571,Org1MSP,Func4,"[10662"",""1066200"",""11099"",""1109900""]""",Org1MSP Org2MSP ,VALID,, 10662 11099,,WT,118,11620,0
2022-04-07T17:24:35.189Z,2c159de6820076da251b0dbf1cae843e63c3efcfd3ceac20600a87ccbe8ab80c,Org1MSP,Func4,"[10075"",""1007500"",""16150"",""1615000""]""",Org1MSP Org2MSP ,VALID,, 10075 16150,,WT,118,11563,0
2022-04-07T17:24:35.189Z,3f81b83dd36c5a0cc1230dc995b2dc947e7191bba268e9de9fa582065b411dd7,Org1MSP,Func4,"[10003"",""1000300"",""10000"",""1000000""]""",Org1MSP Org2MSP ,VALID,, 10000 10003,,WT,118,11568,0
2022-04-07T17:24:35.189Z,6ab15cb104e067df7f9c40168e396823d475037e5a0cda6af3b3a9c230659d29,Org1MSP,Func4,"[10004"",""1000400"",""10000"",""1000000""]""",Org1MSP Org2MSP ,VALID,, 10000 10004,,WT,118,11578,0
2022-04-07T17:24:35.191Z,d400b01e5e6cc9ff6a58e260503103ccc68e1d3e74bc60c10a02f3244ab87b8f,Org1MSP,Func4,"[10000"",""1000000"",""10000"",""1000000""]""",Org1MSP Org2MSP ,VALID,, 10000,,WT,118,11613,0
2022-04-07T17:24:35.192Z,c7516452e5af5303d03b196abdfbe4aae8c28a28c109ce586cf2d839631cad36,Org1MSP,Func7,"[274"",""100"",""513"",""100""]""",Org1MSP Org2MSP ,VALID, 274 513, 274 513,,UT,118,11634,0
2022-04-07T17:24:35.193Z,00f4c957b40976e8576c2e9549c8272a069782d0df1dac15ced5825e23dec168,Org1MSP,Func4,"[10045"",""1004500"",""10040"",""1004000""]""",Org1MSP Org2MSP ,VALID,, 10040 10045,,WT,118,11548,0
2022-04-07T17:24:35.195Z,58ee24722f3bc1e1df6500a708bc455e0c8a49eb300f54bda3bb5ac38be5bb25,Org1MSP,Func4,"[10001"",""1000100"",""11004"",""1100400""]""",Org1MSP Org2MSP ,VALID,, 10001 11004,,WT,118,11573,0
2022-04-07T17:24:35.197Z,0913172e423fb4bbe225a05432c399dfdbcea6f110f3227f9e3117a8206e11ca,Org1MSP,Func4,"[10039"",""1003900"",""10125"",""1012500""]""",Org1MSP Org2MSP ,VALID,, 10039 10125,,WT,118,11549,0
2022-04-07T17:24:35.197Z,90b9ea0f2d002c31272a2e443a8d2fcd9f3676240e8929356679270ebff3aee1,Org1MSP,Func4,"[10041"",""1004100"",""10006"",""1000600""]""",Org1MSP Org2MSP ,VALID,, 10006 10041,,WT,118,11593,0
2022-04-07T17:24:35.199Z,ccdf3387142197f00bbb022356fdfcb2c1dedb5e7109f8b67b53b8dbba21a34a,Org1MSP,Func4,"[10246"",""1024600"",""10000"",""1000000""]""",Org1MSP Org2MSP ,VALID,, 10000 10246,,WT,118,11611,0
2022-04-07T17:24:35.288Z,7028e6c0bdb108e7934ff8e626c0cbda32abbcfa46d16f9ac62c483474c67f51,Org1MSP,Func1,"[742"",""7148""]""",Org1MSP Org2MSP ,VALID, 7148 742,,,RT,118,11580,0
2022-04-07T17:24:35.290Z,1163ee4aaad5d84d82fced7eaa399bd2e45c68f0c1d12d265f3b2a28a1b1d567,Org1MSP,Func4,"[12679"",""1267900"",""11241"",""1124100""]""",Org1MSP Org2MSP ,VALID,, 11241 12679,,WT,118,11553,0
2022-04-07T17:24:35.290Z,455335bcca33daf59d21647678135c12db9e999ba6d3a9b4e612e21f7286afdd,Org1MSP,Func4,"[10348"",""1034800"",""10025"",""1002500""]""",Org1MSP Org2MSP ,VALID,, 10025 10348,,WT,118,11570,0
2022-04-07T17:24:35.290Z,6bdde5a5936b2870d1175cda50e1bf661535d60be07112e5c52e3708ad68bd30,Org1MSP,Func1,"[1"",""18""]""",Org1MSP Org2MSP ,VALID, 1 18,,,RT,118,11628,0
2022-04-07T17:24:35.293Z,097d34b18cb5e86a867a9e4251d1efb3071d291a12c67fc76a4b5fd885fc7281,Org1MSP,Func7,"[19"",""100"",""7"",""100""]""",Org1MSP Org2MSP ,VALID, 19 7, 19 7,,UT,118,11551,0
2022-04-07T17:24:35.294Z,a7fe75e56a464c9e2648fbf730e1935a4c31edc7c7b2175fcaf18a7a8ffc1ba0,Org1MSP,Func4,"[10291"",""1029100"",""18374"",""1837400""]""",Org1MSP Org2MSP ,VALID,, 10291 18374,,WT,118,11600,0
2022-04-07T17:24:35.295Z,9b6f047653628220b25c21de6aa05c72dab2f10a1fc12762bc53d7ba671a343d,Org1MSP,Func1,"[14"",""3046""]""",Org1MSP Org2MSP ,VALID, 14 3046,,,RT,118,11597,0
2022-04-07T17:24:35.297Z,5965d2d60167be9b301f58e27da20acf15bb0737dc43ad6567e0e576b5d6fa80,Org1MSP,Func7,"[9"",""100"",""665"",""100""]""",Org1MSP Org2MSP ,VALID, 665 9, 665 9,,UT,118,11575,0
2022-04-07T17:24:35.297Z,87eca98727a252588a6e8a0e6ecbf80e58897d522ba37d637ccf3a4ccbe5d595,Org1MSP,Func4,"[14340"",""1434000"",""12207"",""1220700""]""",Org1MSP Org2MSP ,VALID,, 12207 14340,,WT,118,11590,0
2022-04-07T17:24:35.299Z,a9e7286b0709ba3cdbb47256ae8442fadb3f619f9b7b0934e9f7f063c1f655cd,Org1MSP,Func7,"[416"",""100"",""3"",""100""]""",Org1MSP Org2MSP ,VALID, 3 416, 3 416,,UT,118,11601,0
2022-04-07T17:24:35.388Z,ff8b59035acc2d1d64259349ad32aace9c9b11601283da3b9bd572d2312fdc59,Org1MSP,Func1,"[1"",""5""]""",Org1MSP Org2MSP ,VALID, 1 5,,,RT,118,11629,0
2022-04-07T17:24:35.389Z,c5674695a3da801a7f6e3a90354550ff1961b06015c0dc6cb76a51e4c6735d8a,Org1MSP,Func4,"[13771"",""1377100"",""10190"",""1019000""]""",Org1MSP Org2MSP ,VALID,, 10190 13771,,WT,118,11606,0
2022-04-07T17:24:35.393Z,c13de4c7662d289b595ca491ca42e9b3f0db0a52f609da45491a025fc5317288,Org1MSP,Func4,"[12024"",""1202400"",""10000"",""1000000""]""",Org1MSP Org2MSP ,VALID,, 10000 12024,,WT,118,11604,0
2022-04-07T17:24:35.394Z,9fbec4dc1f43c310a2ef2eebc055e09a255083886c3c6f9a6fc04e1d6a01ba64,Org1MSP,Func4,"[18714"",""1871400"",""10325"",""1032500""]""",Org1MSP Org2MSP ,VALID,, 10325 18714,,WT,118,11598,0
2022-04-07T17:24:35.395Z,275619e4629d7d98ee2865166f68c024dcc5ead51f4fe0438b16db8e397c8c4d,Org1MSP,Func1,"[28"",""1""]""",Org1MSP Org2MSP ,VALID, 1 28,,,RT,118,11630,0
2022-04-07T17:24:35.396Z,760ece9b82ecf9ea29fdc3d7639bcb072e70e4efcaee607b7c07c895f8ddf35a,Org1MSP,Func4,"[12065"",""1206500"",""18851"",""1885100""]""",Org1MSP Org2MSP ,VALID,, 12065 18851,,WT,118,11581,0
2022-04-07T17:24:35.396Z,f0b3c6227ad9a504e6e4b512bd1f073b5b78fd0cb55843ab1b564bdb5911f93a,Org1MSP,Func7,"[6"",""100"",""1658"",""100""]""",Org1MSP Org2MSP ,VALID, 1658 6, 1658 6,,UT,118,11632,0
2022-04-07T17:24:35.398Z,c35a379fddb93f936cdcd4dcc985f4fec02bf7c911184534e24f6af10044085f,Org1MSP,Func4,"[10281"",""1028100"",""10013"",""1001300""]""",Org1MSP Org2MSP ,VALID,, 10013 10281,,WT,118,11605,0
2022-04-07T17:24:35.399Z,c8329047ec2692c6f0167a530f51b99612df7ee6ee05f166d9da995c8309daab,Org1MSP,Func4,"[10199"",""1019900"",""10159"",""1015900""]""",Org1MSP Org2MSP ,VALID,, 10159 10199,,WT,118,11608,0
2022-04-07T17:24:35.399Z,f0586a26d15947994aacafe912d7b737a2c1aa476555fbe873e4ff4752b6cc61,Org1MSP,Func4,"[10017"",""1001700"",""10010"",""1001000""]""",Org1MSP Org2MSP ,VALID,, 10010 10017,,WT,118,11621,0
2022-04-07T17:24:35.489Z,91daf703addf26e080edabedc96879d203702ae2b8be50b75d320b19e4c4ce67,Org1MSP,Func4,"[10776"",""1077600"",""10012"",""1001200""]""",Org1MSP Org2MSP ,VALID,, 10012 10776,,WT,118,11594,0
2022-04-07T17:24:35.490Z,12d62f2af597298eb67724d48617981bf0ae1de499659602a2ca28481b5d92d0,Org1MSP,Func4,"[10075"",""1007500"",""12177"",""1217700""]""",Org1MSP Org2MSP ,VALID,, 10075 12177,,WT,118,11554,0
2022-04-07T17:24:35.491Z,6681cdcf5c76242920e94234283d9095c7021b68d4e1219a54039134ea94715c,Org1MSP,Func4,"[19022"",""1902200"",""10000"",""1000000""]""",Org1MSP Org2MSP ,VALID,, 10000 19022,,WT,118,11577,0
2022-04-07T17:24:35.492Z,2a86225807c8de1c816f039018ce8a5cf9df050b48d8f4cc55caa6f6451d7023,Org1MSP,Func4,"[10020"",""1002000"",""13199"",""1319900""]""",Org1MSP Org2MSP ,VALID,, 10020 13199,,WT,118,11562,0
2022-04-07T17:24:35.496Z,3124977aba40b4c8c9d45ad0829b0f0d7fa973a00fb2678ec2262aa228751101,Org1MSP,Func7,"[1065"",""100"",""623"",""100""]""",Org1MSP Org2MSP ,VALID, 1065 623, 1065 623,,UT,118,11565,0
2022-04-07T17:24:35.498Z,d95bb6b9f59b515b3269b66a581edbb1f1d8f77b1f233a2c583207a7379dd84c,Org1MSP,Func4,"[10016"",""1001600"",""10191"",""1019100""]""",Org1MSP Org2MSP ,VALID,, 10016 10191,,WT,118,11614,0
2022-04-07T17:24:35.500Z,409557df375a15318c4066ea4144f6fbf2561c63145c1d3183e1781dd4a212f6,Org1MSP,Func4,"[12602"",""1260200"",""10000"",""1000000""]""",Org1MSP Org2MSP ,VALID,, 10000 12602,,WT,118,11569,0
2022-04-07T17:24:35.500Z,e0bddc8c25b230d63a8e2ad74c753159f0462b1ddc0614705520912a3ee0c854,Org1MSP,Func7,"[6321"",""100"",""89"",""100""]""",Org1MSP Org2MSP ,VALID, 6321 89, 6321 89,,UT,118,11617,0
2022-04-07T17:24:35.589Z,810c9e093f2908a91758a4ffd3d8337126b2a2a8219b0672e9674c01dd4c202f,Org1MSP,Func4,"[10003"",""1000300"",""12390"",""1239000""]""",Org1MSP Org2MSP ,VALID,, 10003 12390,,WT,118,11587,0
2022-04-07T17:24:35.589Z,f7ed73014a39c988dd6c3a3c020f3aec99b57aa746f51603d31646d1b0471457,Org1MSP,Func4,"[11257"",""1125700"",""10959"",""1095900""]""",Org1MSP Org2MSP ,VALID,, 10959 11257,,WT,118,11623,0
2022-04-07T17:24:35.590Z,873b1af2e4454643b891584e31a95152288c3018809fa501cd695c03edc7ddb2,Org1MSP,Func4,"[10223"",""1022300"",""10004"",""1000400""]""",Org1MSP Org2MSP ,VALID,, 10004 10223,,WT,118,11589,0
2022-04-07T17:24:35.593Z,44c077d0af03ed3de1a8750ea8720a7a556a2d8cfc165b87359b4877f8aaf091,Org1MSP,Func1,"[1"",""180""]""",Org1MSP Org2MSP ,VALID, 1 180,,,RT,118,11631,0
2022-04-07T17:24:35.594Z,1ef8dd341ff1cdce8f1c07a214ad14cccbc71468f3b0a3892eb3543b620e2cd5,Org1MSP,Func4,"[19362"",""1936200"",""10008"",""1000800""]""",Org1MSP Org2MSP ,VALID,, 10008 19362,,WT,118,11557,0
2022-04-07T17:24:35.597Z,f9e42147c39fdd4c0c606f2fe57793bbb587913570f5b9ea67e28c1f6571535b,Org1MSP,Func4,"[10047"",""1004700"",""11543"",""1154300""]""",Org1MSP Org2MSP ,VALID,, 10047 11543,,WT,118,11625,0
2022-04-07T17:24:35.601Z,c83d5baf5d66e7c00cf0dd0f52fa12bb58ea1b1c0380290d26dfd4585a324bdd,Org1MSP,Func4,"[10004"",""1000400"",""10291"",""1029100""]""",Org1MSP Org2MSP ,VALID,, 10004 10291,,WT,118,11609,0
2022-04-07T17:24:35.689Z,80b6b69f8e73b6db574cc735a0375e55903fd5467ceec9062dcf3b4682a1cb3d,Org1MSP,Func4,"[10060"",""1006000"",""10040"",""1004000""]""",Org1MSP Org2MSP ,VALID,, 10040 10060,,WT,119,11687,0
2022-04-07T17:24:35.690Z,2885e3be7dfc63eccd10ae6e21a9180a02d4dd018e972dfae6de463e407a01c1,Org1MSP,Func4,"[10007"",""1000700"",""10000"",""1000000""]""",Org1MSP Org2MSP ,VALID,, 10000 10007,,WT,119,11656,0
2022-04-07T17:24:35.690Z,5f5a193b065e9627f0f7a836e520dd7af9a99ad235c1c19c3052533803772b5c,Org1MSP,Func4,"[10009"",""1000900"",""10011"",""1001100""]""",Org1MSP Org2MSP ,VALID,, 10009 10011,,WT,119,11675,0
2022-04-07T17:24:35.692Z,6e5a8b908db950e9e735cd305da3dc657b6a90e486e3ac3eb7084bcb04df8f85,Org1MSP,Func1,"[329"",""357""]""",Org1MSP Org2MSP ,VALID, 329 357,,,RT,119,11683,0
2022-04-07T17:24:35.692Z,d2752223c663a76f9de46580739da0a488713c184cc8acc28b4bc1dc9a3c8eea,Org1MSP,Func1,"[1"",""3""]""",Org1MSP Org2MSP ,VALID, 1 3,,,RT,119,11717,0
2022-04-07T17:24:35.694Z,39c6a55516c964449a146ed9c4e4cac10045819b18ff4b6ce8d8e3ed4d3721d4,Org1MSP,Func7,"[12"",""100"",""297"",""100""]""",Org1MSP Org2MSP ,VALID, 12 297, 12 297,,UT,119,11661,0
2022-04-07T17:24:35.694Z,6990432b9540222df8d5cac7481472c9b0bd39d36d348678d1e1c02e51f31066,Org1MSP,Func4,"[10008"",""1000800"",""16118"",""1611800""]""",Org1MSP Org2MSP ,VALID,, 10008 16118,,WT,119,11680,0
2022-04-07T17:24:35.696Z,0258bd0e7423b58d7765beea3fb96b574a79d96d491434aae9f166d8d194847e,Org1MSP,Func4,"[10182"",""1018200"",""10017"",""1001700""]""",Org1MSP Org2MSP ,VALID,, 10017 10182,,WT,119,11639,0
2022-04-07T17:24:35.697Z,3b0c6f693814b4929a9d9ddd9f5180723d5662767e16c67e29f9b0737edee698,Org1MSP,Func4,"[10009"",""1000900"",""10287"",""1028700""]""",Org1MSP Org2MSP ,VALID,, 10009 10287,,WT,119,11662,0
2022-04-07T17:24:35.698Z,0dc62dd88ca2f18ef3329a5e789dbd62b3159afd5581af0d154cc7cb9eafd6c5,Org1MSP,Func1,"[279"",""107""]""",Org1MSP Org2MSP ,VALID, 107 279,,,RT,119,11644,0
2022-04-07T17:24:35.789Z,04abc65850d33230473e102d7ea416f8bd35d6e2edd12003f7023de72d82fd5a,Org1MSP,Func4,"[10002"",""1000200"",""10021"",""1002100""]""",Org1MSP Org2MSP ,VALID,, 10002 10021,,WT,119,11640,0
2022-04-07T17:24:35.789Z,641000a223d5cbe4779ab2b6e4d6592f4033dcb9538ecb8c4f52537fabfa2c03,Org1MSP,Func4,"[10247"",""1024700"",""10002"",""1000200""]""",Org1MSP Org2MSP ,VALID,, 10002 10247,,WT,119,11678,0
2022-04-07T17:24:35.791Z,58ac8f5d7bea39a92f6664c563b8c7e29ddcf6d17d8125ba4d7929b69b5c995a,Org1MSP,Func7,"[3954"",""100"",""2007"",""100""]""",Org1MSP Org2MSP ,VALID, 2007 3954, 2007 3954,,UT,119,11672,0
2022-04-07T17:24:35.791Z,c77f757f691cc79bd5822d1999230bc63a638abfb4a9255daac006111221d05d,Org1MSP,Func4,"[12701"",""1270100"",""13709"",""1370900""]""",Org1MSP Org2MSP ,VALID,, 12701 13709,,WT,119,11712,0
2022-04-07T17:24:35.792Z,b08db4fffa826c6bc456071f7906fbe2f125082614b0b643c9f5143dbc6285ef,Org1MSP,Func1,"[30"",""1""]""",Org1MSP Org2MSP ,VALID, 1 30,,,RT,119,11701,0
2022-04-07T17:24:35.793Z,bac15c3735e8760bdb0751d14c9c8ebace6f679c9004ffb6f86d0d0d2ed8153a,Org1MSP,Func4,"[10073"",""1007300"",""10174"",""1017400""]""",Org1MSP Org2MSP ,VALID,, 10073 10174,,WT,119,11705,0
2022-04-07T17:24:35.794Z,db95268e7ae6c289c82803e64a15693f43a3d7d9ab6b96099b675bfe74ff1c85,Org1MSP,Func4,"[10055"",""1005500"",""10012"",""1001200""]""",Org1MSP Org2MSP ,VALID,, 10012 10055,,WT,119,11721,0
2022-04-07T17:24:35.796Z,31d143991eee5ed9e7a6348d7c634f8780b0464a3de2f094c39004c03203e7da,Org1MSP,Func4,"[10009"",""1000900"",""10004"",""1000400""]""",Org1MSP Org2MSP ,VALID,, 10004 10009,,WT,119,11660,0
2022-04-07T17:24:35.798Z,25c26ff736e6052ce10966d8159e16a8ea5d40ec02e371cf19c12860fbc8a903,Org1MSP,Func4,"[10002"",""1000200"",""10089"",""1008900""]""",Org1MSP Org2MSP ,VALID,, 10002 10089,,WT,119,11654,0
2022-04-07T17:24:35.798Z,5258db831708f3cd9274770eecbbb0d2d6fc9839b424272e2d1cecc8ced258a6,Org1MSP,Func7,"[154"",""100"",""769"",""100""]""",Org1MSP Org2MSP ,VALID, 154 769, 154 769,,UT,119,11670,0
2022-04-07T17:24:35.889Z,63d4d948fc7f293bad24efa2f1d70eb6891e134759496d2ff1afaad5c58832c0,Org1MSP,Func1,"[4610"",""2""]""",Org1MSP Org2MSP ,VALID, 2 4610,,,RT,119,11677,0
2022-04-07T17:24:35.889Z,b16295003056a2438a642133f6ebc9550fe3f1bb7f3592b96aacad21e6bb5a56,Org1MSP,Func4,"[10001"",""1000100"",""10481"",""1048100""]""",Org1MSP Org2MSP ,VALID,, 10001 10481,,WT,119,11702,0
2022-04-07T17:24:35.890Z,9635fdbee93c9eaffaa27be2f514351c056a4dc0304738d2eab4be1a6faa5d25,Org1MSP,Func4,"[10479"",""1047900"",""10003"",""1000300""]""",Org1MSP Org2MSP ,VALID,, 10003 10479,,WT,119,11694,0
2022-04-07T17:24:35.891Z,ab2c8b780d7b46a8dc269ea1d48f4947aa04a572f39387f81ff1cf491159b141,Org1MSP,Func4,"[10005"",""1000500"",""10015"",""1001500""]""",Org1MSP Org2MSP ,VALID,, 10005 10015,,WT,119,11700,0
2022-04-07T17:24:35.892Z,93368a0925fd3cba6e6bc187f89083a319a84139657dfb65b31032ea10f942e7,Org1MSP,Func7,"[1296"",""100"",""29"",""100""]""",Org1MSP Org2MSP ,VALID, 1296 29, 1296 29,,UT,119,11692,0
2022-04-07T17:24:35.893Z,64b845d57173efb8e7e17f5689f4d0050c9e018655e220d226432d1c0affff0d,Org1MSP,Func4,"[19456"",""1945600"",""10123"",""1012300""]""",Org1MSP Org2MSP ,VALID,, 10123 19456,,WT,119,11679,0
2022-04-07T17:24:35.894Z,2e061c5c3f1ac65439fedfbaa691c40e1c18f90f1e6ae2faf19668d7b591bc3d,Org1MSP,Func4,"[10035"",""1003500"",""10003"",""1000300""]""",Org1MSP Org2MSP ,VALID,, 10003 10035,,WT,119,11659,0
2022-04-07T17:24:35.896Z,ccf86bb116b6ecb9263853acf99668b942118148470fe0a886a2708201ae965f,Org1MSP,Func4,"[10000"",""1000000"",""10002"",""1000200""]""",Org1MSP Org2MSP ,VALID,, 10000 10002,,WT,119,11713,0
2022-04-07T17:24:35.897Z,b56a3a6efe638b6f736cbdd75c874e6d5dbcc2e47573dfda53e4317e63b5c55d,Org1MSP,Func4,"[10001"",""1000100"",""10001"",""1000100""]""",Org1MSP Org2MSP ,VALID,, 10001,,WT,119,11703,0
2022-04-07T17:24:35.898Z,6d81c1189a771544d535a5195931fdc17e8a68c1a70e2026637f19bc0a05d368,Org1MSP,Func4,"[10007"",""1000700"",""10061"",""1006100""]""",Org1MSP Org2MSP ,VALID,, 10007 10061,,WT,119,11681,0
2022-04-07T17:24:35.989Z,d0dbc8449c325321c8cc47491e7b25d4aaa43fa05d666ca67a876d4f9abe6189,Org1MSP,Func4,"[10053"",""1005300"",""10025"",""1002500""]""",Org1MSP Org2MSP ,VALID,, 10025 10053,,WT,119,11715,0
2022-04-07T17:24:35.990Z,2d591401e695335e0f2429f3746111f1bd3540981a93f102bae42f6851ef3830,Org1MSP,Func4,"[14690"",""1469000"",""17521"",""1752100""]""",Org1MSP Org2MSP ,VALID,, 14690 17521,,WT,119,11658,0
2022-04-07T17:24:35.991Z,7315808fd5045578dfc6bf211c06b96a245f9f15091e205f74e695e94427e277,Org1MSP,Func1,"[9"",""5""]""",Org1MSP Org2MSP ,VALID, 5 9,,,RT,119,11685,0
2022-04-07T17:24:35.991Z,ead64ede3aa6043b83589fcaf5a19ae7fde9d85ebd17b790412af2008ff04ee5,Org1MSP,Func4,"[10200"",""1020000"",""10004"",""1000400""]""",Org1MSP Org2MSP ,VALID,, 10004 10200,,WT,119,11724,0
2022-04-07T17:24:35.992Z,1c13d1563c8d0f5c340b920f5f7659d8d9017f7480830b711e5266d8c61447e5,Org1MSP,Func4,"[14119"",""1411900"",""10049"",""1004900""]""",Org1MSP Org2MSP ,VALID,, 10049 14119,,WT,119,11651,0
2022-04-07T17:24:35.995Z,1aefb9e44b61b796f78b153388e560a48042ba9fb4f493c64aea2270ebee0174,Org1MSP,Func4,"[10000"",""1000000"",""16413"",""1641300""]""",Org1MSP Org2MSP ,VALID,, 10000 16413,,WT,119,11648,0
2022-04-07T17:24:35.996Z,1d817e276f98411a14762648cc49c6cbcc6816db0132879a71c65f730b1d6fa1,Org1MSP,Func7,"[8"",""100"",""16"",""100""]""",Org1MSP Org2MSP ,VALID, 16 8, 16 8,,UT,119,11652,0
2022-04-07T17:24:35.996Z,6e2c1770ad9b1bf3739784aeff363bb84882c52faad6c4ddbf735eacb3675f92,Org1MSP,Func7,"[4071"",""100"",""11"",""100""]""",Org1MSP Org2MSP ,VALID, 11 4071, 11 4071,,UT,119,11682,0
2022-04-07T17:24:35.998Z,48e4c3510ff31d63320998ba72dfc6cd4a231ff63dd614b49b829759679fbcc2,Org1MSP,Func4,"[10015"",""1001500"",""10057"",""1005700""]""",Org1MSP Org2MSP ,VALID,, 10015 10057,,WT,119,11667,0
2022-04-07T17:24:35.999Z,d68b1e0ac6e23f10a24de7a06509d4b272283b93a649e1148e9845abe998c159,Org1MSP,Func1,"[5813"",""4156""]""",Org1MSP Org2MSP ,VALID, 4156 5813,,,RT,119,11719,0
2022-04-07T17:24:36.088Z,3c37d92cad31d60b16cc18f731b68c29e9b9f60438b3d73ba0ac43ebcc3ae4cb,Org1MSP,Func4,"[10054"",""1005400"",""10059"",""1005900""]""",Org1MSP Org2MSP ,VALID,, 10054 10059,,WT,119,11663,0
2022-04-07T17:24:36.089Z,9beb3e3bbb21039dd9d2966fae7c8e3e9389391719953530fa4991ab605118fb,Org1MSP,Func4,"[10011"",""1001100"",""10034"",""1003400""]""",Org1MSP Org2MSP ,VALID,, 10011 10034,,WT,119,11698,0
2022-04-07T17:24:36.090Z,96e4a35c0f1114d6314256f8a4a455e843fc87234ebd3e1f9732f79a7774183f,Org1MSP,Func4,"[10002"",""1000200"",""10001"",""1000100""]""",Org1MSP Org2MSP ,VALID,, 10001 10002,,WT,119,11695,0
2022-04-07T17:24:36.091Z,4a2f58a229f8beb27efeb8df26a648c62359f817538721eeb39085df82ac1a36,Org1MSP,Func4,"[10154"",""1015400"",""19810"",""1981000""]""",Org1MSP Org2MSP ,VALID,, 10154 19810,,WT,119,11669,0
2022-04-07T17:24:36.092Z,1c109e48c0b19a611aa4944db86c72341cbd157da4990b7182b3639d722032ba,Org1MSP,Func4,"[10015"",""1001500"",""10009"",""1000900""]""",Org1MSP Org2MSP ,VALID,, 10009 10015,,WT,119,11650,0
2022-04-07T17:24:36.093Z,8a609044559084131776bd63a9bcfc06969918248faf3f3c6a0c764464a46184,Org1MSP,Func4,"[10001"",""1000100"",""10009"",""1000900""]""",Org1MSP Org2MSP ,VALID,, 10001 10009,,WT,119,11689,0
2022-04-07T17:24:36.095Z,7b1cf7d6efb1ff5e27b003f7be955640514aa80f92f52dfc2e566328d5f04b82,Org1MSP,Func4,"[10000"",""1000000"",""10293"",""1029300""]""",Org1MSP Org2MSP ,VALID,, 10000 10293,,WT,119,11686,0
2022-04-07T17:24:36.095Z,ea16f4dead85ae8f4ccd45d05b8c04d887d83b0022a88c3611d587d4a4aefd45,Org1MSP,Func4,"[10011"",""1001100"",""10078"",""1007800""]""",Org1MSP Org2MSP ,VALID,, 10011 10078,,WT,119,11723,0
2022-04-07T17:24:36.096Z,05beb1dca32a4b3a4d8fad37202e6d9296b98f75658850d74a8d062e0d552fbb,Org1MSP,Func4,"[10011"",""1001100"",""10000"",""1000000""]""",Org1MSP Org2MSP ,VALID,, 10000 10011,,WT,119,11641,0
2022-04-07T17:24:36.099Z,29ff2b54236530a485b64345d7b679c5cac5f3c36928a41aabd012d08a0b611b,Org1MSP,Func4,"[10003"",""1000300"",""10131"",""1013100""]""",Org1MSP Org2MSP ,VALID,, 10003 10131,,WT,119,11657,0
2022-04-07T17:24:36.189Z,c68df2c26689d47e5cc0318e3206abdd279cec6ae3e9484b8aed2fd93531d958,Org1MSP,Func4,"[10736"",""1073600"",""10025"",""1002500""]""",Org1MSP Org2MSP ,VALID,, 10025 10736,,WT,119,11711,0
2022-04-07T17:24:36.189Z,883e74806e65a61aa9c8ec1780da4ae51a36f8aaebe8a38e944032390d230cec,Org1MSP,Func7,"[1466"",""100"",""9"",""100""]""",Org1MSP Org2MSP ,VALID, 1466 9, 1466 9,,UT,119,11731,0
2022-04-07T17:24:36.191Z,147cb206f9802555f67346803f03658b011e1b5ff310a84189c024a457bcd004,Org1MSP,Func4,"[11802"",""1180200"",""10012"",""1001200""]""",Org1MSP Org2MSP ,VALID,, 10012 11802,,WT,119,11646,0
2022-04-07T17:24:36.193Z,9462d55ce8c8f0185a080283de28fa333fdd1aa0fff80819cb050cfde133e540,Org1MSP,Func7,"[13"",""100"",""3402"",""100""]""",Org1MSP Org2MSP ,VALID, 13 3402, 13 3402,,UT,119,11693,0
2022-04-07T17:24:36.193Z,a7a0b3a716cf6beb9bd9415f0a66b175852e96090e9b461acace7345c1c2c817,Org1MSP,Func4,"[10388"",""1038800"",""10007"",""1000700""]""",Org1MSP Org2MSP ,VALID,, 10007 10388,,WT,119,11699,0
2022-04-07T17:24:36.197Z,f9740f910189edbdddf8fd6d25d01708f6183cb75e4961679ee0cf0c5f1375bc,Org1MSP,Func7,"[36"",""100"",""1"",""100""]""",Org1MSP Org2MSP ,VALID, 1 36, 1 36,,UT,119,11732,0
2022-04-07T17:24:36.198Z,98610c1689c3d23f3667d0ef65f19b4b26db8730e0ab557581e34f0d0706d602,Org1MSP,Func4,"[10124"",""1012400"",""10000"",""1000000""]""",Org1MSP Org2MSP ,VALID,, 10000 10124,,WT,119,11696,0
2022-04-07T17:24:36.199Z,020871afeeae972ca46cc4f98440614a7990fd231765fd5b4674fbdb24a010f2,Org1MSP,Func1,"[86"",""4""]""",Org1MSP Org2MSP ,VALID, 4 86,,,RT,119,11638,0
2022-04-07T17:24:36.199Z,dd26edf3e2a6e5456211171c3e0a44e1cac5c601f671e710c2a2a3bac52e1a35,Org1MSP,Func4,"[11478"",""1147800"",""10019"",""1001900""]""",Org1MSP Org2MSP ,VALID,, 10019 11478,,WT,119,11722,0
2022-04-07T17:24:36.289Z,635c65e9a5d609b8192e2aab81db7e96598beceb39f3278b85cd3fb6507e312c,Org1MSP,Func4,"[10087"",""1008700"",""10226"",""1022600""]""",Org1MSP Org2MSP ,VALID,, 10087 10226,,WT,119,11676,0
2022-04-07T17:24:36.290Z,21d84a8c7cf1e74431f4ebcde2a06afcb2fd56effb8bb4d21ce5ea6dacb2122c,Org1MSP,Func1,"[2"",""713""]""",Org1MSP Org2MSP ,VALID, 2 713,,,RT,119,11653,0
2022-04-07T17:24:36.290Z,9bb1c3a01961cdf19d4d4a84fc10f1e22b64a892d4542a787340c199afc66617,Org1MSP,Func4,"[11376"",""1137600"",""10009"",""1000900""]""",Org1MSP Org2MSP ,VALID,, 10009 11376,,WT,119,11697,0
2022-04-07T17:24:36.290Z,bda7204547cf2541762dd3ba0dbf9b996cda7ba120431edbf7f4234eb2d6ddae,Org1MSP,Func4,"[10000"",""1000000"",""10025"",""1002500""]""",Org1MSP Org2MSP ,VALID,, 10000 10025,,WT,119,11706,0
2022-04-07T17:24:36.293Z,596597b98586b02e0f6f292e697955b8520e5df8427d51275b105eb09c908483,Org1MSP,Func4,"[10230"",""1023000"",""11236"",""1123600""]""",Org1MSP Org2MSP ,VALID,, 10230 11236,,WT,119,11673,0
2022-04-07T17:24:36.293Z,d4982982fe026534a0f9b0b718b9df9b103ecd7516a39840405621abd8860793,Org1MSP,Func4,"[10011"",""1001100"",""10002"",""1000200""]""",Org1MSP Org2MSP ,VALID,, 10002 10011,,WT,119,11718,0
2022-04-07T17:24:36.294Z,2107ad0fd6bbb9489f269801a314079cee62bdea52c380bc577eaebe14cad4d2,Org1MSP,Func1,"[541"",""3""]""",Org1MSP Org2MSP ,VALID, 3 541,,,RT,119,11727,0
2022-04-07T17:24:36.296Z,0bed8347df92ad244d37614be957278251b7c537254f61fbae4c43ea539bbcb9,Org1MSP,Func1,"[542"",""3092""]""",Org1MSP Org2MSP ,VALID, 3092 542,,,RT,119,11643,0
2022-04-07T17:24:36.298Z,4a1d722e08f5e2b40cd8a650f54b35acb67d505aea444e02737f6b69c369e8fe,Org1MSP,Func4,"[10007"",""1000700"",""10167"",""1016700""]""",Org1MSP Org2MSP ,VALID,, 10007 10167,,WT,119,11668,0
2022-04-07T17:24:36.389Z,b816895fc68350d21a04f298ea634f511e29a69c8c1ec093017e30d0f92f4c02,Org1MSP,Func4,"[11264"",""1126400"",""10000"",""1000000""]""",Org1MSP Org2MSP ,VALID,, 10000 11264,,WT,119,11704,0
2022-04-07T17:24:36.389Z,cdb836a52f0ee580518c1154b31790052e50786d9f5b0087238df6f4ae757ef0,Org1MSP,Func4,"[10217"",""1021700"",""10001"",""1000100""]""",Org1MSP Org2MSP ,VALID,, 10001 10217,,WT,119,11714,0
2022-04-07T17:24:36.389Z,d751447cf85d80862adbcd466a915057c7063295464b2350cb5f06085d8a0874,Org1MSP,Func7,"[755"",""100"",""3588"",""100""]""",Org1MSP Org2MSP ,VALID, 3588 755, 3588 755,,UT,119,11720,0
2022-04-07T17:24:36.390Z,c9d2d3fbb99c581523f6eeaf3b45c7fae68371bd29d337cce77ecbda68a3ce2a,Org1MSP,Func1,"[5"",""1""]""",Org1MSP Org2MSP ,VALID, 1 5,,,RT,119,11729,0
2022-04-07T17:24:36.393Z,cf09262d3cc15ad489dac9d2d4e3ab7d492dfc6c82b70964e00279c2e8902219,Org1MSP,Func1,"[3"",""215""]""",Org1MSP Org2MSP ,VALID, 215 3,,,RT,119,11728,0
2022-04-07T17:24:36.394Z,14d9e2f6bcacd0bba787af4c69477035a45273d5a587a84b4dca25a54d064836,Org1MSP,Func4,"[10000"",""1000000"",""10013"",""1001300""]""",Org1MSP Org2MSP ,VALID,, 10000 10013,,WT,119,11647,0
2022-04-07T17:24:36.395Z,1b64e905523f6f6fd5d133ce22c5bf7c8a1c7dcca8e81366626aadea5272f2df,Org1MSP,Func4,"[12126"",""1212600"",""10135"",""1013500""]""",Org1MSP Org2MSP ,VALID,, 10135 12126,,WT,119,11649,0
2022-04-07T17:24:36.397Z,5ea2009f558273cfb0e298bf103b983f620367bacdba5b7785af09ad87ef9d73,Org1MSP,Func4,"[11429"",""1142900"",""10014"",""1001400""]""",Org1MSP Org2MSP ,VALID,, 10014 11429,,WT,119,11674,0
2022-04-07T17:24:36.398Z,c377448fa8257e144119d91c039a2efb8b20726cfb4bc2ffbd59162093758ec7,Org1MSP,Func4,"[13936"",""1393600"",""12008"",""1200800""]""",Org1MSP Org2MSP ,VALID,, 12008 13936,,WT,119,11710,0
2022-04-07T17:24:36.490Z,42b37188fbf6e027ac936668f663bb06162387166f3078ea8245566617bc2d5d,Org1MSP,Func4,"[10001"",""1000100"",""10008"",""1000800""]""",Org1MSP Org2MSP ,VALID,, 10001 10008,,WT,119,11664,0
2022-04-07T17:24:36.490Z,c03bd26c39e7590b802132132300316e578a0bcc00b42df2ac864539353cea9e,Org1MSP,Func7,"[182"",""100"",""37"",""100""]""",Org1MSP Org2MSP ,VALID, 182 37, 182 37,,UT,119,11707,0
2022-04-07T17:24:36.492Z,d13500a233ec9b7d1ede5db29fdc8113c91454a54c4f86acb0531a535dbf5abd,Org1MSP,Func4,"[10003"",""1000300"",""10192"",""1019200""]""",Org1MSP Org2MSP ,VALID,, 10003 10192,,WT,119,11716,0
2022-04-07T17:24:36.493Z,4767a34c5ab61dd0aa0eccb851044e4ebb38a357c46779ba812b13c7a65a372e,Org1MSP,Func4,"[10001"",""1000100"",""10008"",""1000800""]""",Org1MSP Org2MSP ,VALID,, 10001 10008,,WT,119,11665,0
2022-04-07T17:24:36.494Z,925991828e9adb8891b95b35ca0d13cdffc9db1ad5e6af55b4ccc27ba3ff1dc7,Org1MSP,Func4,"[16859"",""1685900"",""10256"",""1025600""]""",Org1MSP Org2MSP ,VALID,, 10256 16859,,WT,119,11691,0
2022-04-07T17:24:36.494Z,fa8bc57aa0dbdc856a2c619ff91a833fe4d563554a9931ec00e94ce9e168aac0,Org1MSP,Func1,"[31"",""9""]""",Org1MSP Org2MSP ,VALID, 31 9,,,RT,119,11726,0
2022-04-07T17:24:36.496Z,24f11f7df36101e755e875ddcb75b7e2f2e61a24b1f5ef1b809415bf2a8dcee2,Org1MSP,Func1,"[3"",""19""]""",Org1MSP Org2MSP ,VALID, 19 3,,,RT,119,11730,0
2022-04-07T17:24:36.498Z,092ec9ccd2811923786978f4bad13f0f1a509dea334e388cfb178d3f5df9b180,Org1MSP,Func4,"[10017"",""1001700"",""16791"",""1679100""]""",Org1MSP Org2MSP ,VALID,, 10017 16791,,WT,119,11642,0
2022-04-07T17:24:36.498Z,ed935ee5fbfc61ac04e97c6534e87ab6e0febd59626e5ac5c9de5df8f024979e,Org1MSP,Func4,"[10006"",""1000600"",""10044"",""1004400""]""",Org1MSP Org2MSP ,VALID,, 10006 10044,,WT,119,11725,0
2022-04-07T17:24:36.589Z,11f5968abda692a3ee46e1ce12842160a57fc0330f9a7be8214db51aa2cd22d9,Org1MSP,Func4,"[17360"",""1736000"",""10182"",""1018200""]""",Org1MSP Org2MSP ,VALID,, 10182 17360,,WT,119,11645,0
2022-04-07T17:24:36.589Z,c361241fc5d5a446841614586398a66e75507b80d63e2226ae65bd48b4c031f6,Org1MSP,Func4,"[13146"",""1314600"",""15247"",""1524700""]""",Org1MSP Org2MSP ,VALID,, 13146 15247,,WT,119,11709,0
2022-04-07T17:24:36.590Z,2796585edccb9228569a5bae1e038ae8e4211f25026c86f4f521f27ad24bc6cf,Org1MSP,Func4,"[18842"",""1884200"",""10005"",""1000500""]""",Org1MSP Org2MSP ,VALID,, 10005 18842,,WT,119,11655,0
2022-04-07T17:24:36.591Z,894299ec61fe082b284b5b623b8a9f13b3af008a05171ea50496643d7c7909b3,Org1MSP,Func4,"[10010"",""1001000"",""10004"",""1000400""]""",Org1MSP Org2MSP ,VALID,, 10004 10010,,WT,119,11688,0
2022-04-07T17:24:36.592Z,52f8de58d46a6b2552b00e43806c06441eda3aebcba7375b2ddaf3efc37b4a4b,Org1MSP,Func4,"[10074"",""1007400"",""10027"",""1002700""]""",Org1MSP Org2MSP ,VALID,, 10027 10074,,WT,119,11671,0
2022-04-07T17:24:36.592Z,c11681010a3d5e5eb70a73027466b45349b89b2ec6d76187ca2663d96467217d,Org1MSP,Func4,"[10000"",""1000000"",""10000"",""1000000""]""",Org1MSP Org2MSP ,VALID,, 10000,,WT,119,11708,0
2022-04-07T17:24:36.597Z,4888bb63bfa53a51658d6673b3e98ac5813b2f290fc682a50bb93cf64b54185f,Org1MSP,Func4,"[10002"",""1000200"",""14738"",""1473800""]""",Org1MSP Org2MSP ,VALID,, 10002 14738,,WT,119,11666,0
2022-04-07T17:24:36.598Z,6fa1679c1d4786ef8d83b48cf64205ad3df78e3224756bbf71b3955655b90316,Org1MSP,Func4,"[10020"",""1002000"",""10086"",""1008600""]""",Org1MSP Org2MSP ,VALID,, 10020 10086,,WT,119,11684,0
2022-04-07T17:24:36.689Z,90e0e5862a5e261140530429c2e4187267e46a6d743f5bfbbb582445a06d97f3,Org1MSP,Func1,"[408"",""163""]""",Org1MSP Org2MSP ,VALID, 163 408,,,RT,119,11690,0
2022-04-07T17:24:36.689Z,c3b49717c201a5a659c6a5b25cd8d99b23d9d986d3ea11cf63dde3ebcb0d0a9a,Org1MSP,Func4,"[11976"",""1197600"",""10013"",""1001300""]""",Org1MSP Org2MSP ,VALID,, 10013 11976,,WT,120,11807,0
2022-04-07T17:24:36.691Z,09b0bb289dd17e3de960a8776e007ba3adc913a60b41dac42c8014effb7fc6b8,Org1MSP,Func7,"[4"",""100"",""1067"",""100""]""",Org1MSP Org2MSP ,VALID, 1067 4, 1067 4,,UT,120,11736,0
2022-04-07T17:24:36.692Z,c6319176fcfc7b97f5536ae4d21bb4a07000e1ed637375044b31c2bf8b2172c9,Org1MSP,Func4,"[13506"",""1350600"",""10174"",""1017400""]""",Org1MSP Org2MSP ,VALID,, 10174 13506,,WT,120,11808,0
2022-04-07T17:24:36.694Z,adcfbb2cf4fc8b062c92369da012ca168adaa7a596709c6250dd2db21054fdc0,Org1MSP,Func4,"[10281"",""1028100"",""10001"",""1000100""]""",Org1MSP Org2MSP ,VALID,, 10001 10281,,WT,120,11801,0
2022-04-07T17:24:36.695Z,3e4bea4961e3946907ded242e852c64e31e61dd27394a9d66d57ab69f7861b1c,Org1MSP,Func4,"[11113"",""1111300"",""10013"",""1001300""]""",Org1MSP Org2MSP ,VALID,, 10013 11113,,WT,120,11755,0
2022-04-07T17:24:36.697Z,de7bc40a080f617c14b2ece693bf6eefd30a75e15cf3b608dca5f95287118d28,Org1MSP,Func7,"[3"",""100"",""1666"",""100""]""",Org1MSP Org2MSP ,VALID, 1666 3, 1666 3,,UT,120,11815,0
2022-04-07T17:24:36.698Z,819df3290024dd06e1cc869304dfda06704478d52f1434a49d95a543b7e635f0,Org1MSP,Func4,"[11611"",""1161100"",""10241"",""1024100""]""",Org1MSP Org2MSP ,VALID,, 10241 11611,,WT,120,11778,0
2022-04-07T17:24:36.698Z,9715fd7741c567aa748d33bb8ceb9d6c2fd7dbe43cbffdbcb4d6372698f8231a,Org1MSP,Func4,"[10000"",""1000000"",""11721"",""1172100""]""",Org1MSP Org2MSP ,VALID,, 10000 11721,,WT,120,11788,0
2022-04-07T17:24:36.789Z,28b40364ff352da503531b71cf3cdd08024181316058744716d5566559bc706e,Org1MSP,Func1,"[1"",""1""]""",Org1MSP Org2MSP ,VALID, 1,,,RT,120,11745,0
2022-04-07T17:24:36.789Z,a6a3c6b56e62e230e9e7a312436d24f191607409d0e25a5e9869504c92a38b8f,Org1MSP,Func7,"[2114"",""100"",""1424"",""100""]""",Org1MSP Org2MSP ,VALID, 1424 2114, 1424 2114,,UT,120,11796,0
2022-04-07T17:24:36.791Z,b27a8e52271d3c566bc5851152ad2e7a3cd9375face50db3c1153e51314a8163,Org1MSP,Func1,"[1453"",""2008""]""",Org1MSP Org2MSP ,VALID, 1453 2008,,,RT,120,11802,0
2022-04-07T17:24:36.792Z,c20ab88c033eb7fdbd0a5177b1bf7b655ce580472949d94213d869190250425a,Org1MSP,Func7,"[55"",""100"",""49"",""100""]""",Org1MSP Org2MSP ,VALID, 49 55, 49 55,,UT,120,11805,0
2022-04-07T17:24:36.794Z,a789fd38b6eec8b6f02bdced52a6630f1a67faa9044102d7034f0851b7250d16,Org1MSP,Func4,"[13803"",""1380300"",""10000"",""1000000""]""",Org1MSP Org2MSP ,VALID,, 10000 13803,,WT,120,11797,0
2022-04-07T17:24:36.794Z,bbfb0b5b35652209218118024fa589ec562f105264742d3af824165701f472c3,Org1MSP,Func7,"[4439"",""100"",""2"",""100""]""",Org1MSP Org2MSP ,VALID, 2 4439, 2 4439,,UT,120,11827,0
2022-04-07T17:24:36.798Z,722ffae8ca6546fcf94f420115e69c8f0ecd037109ed92a3d19d567812267d8f,Org1MSP,Func4,"[10004"",""1000400"",""10000"",""1000000""]""",Org1MSP Org2MSP ,VALID,, 10000 10004,,WT,120,11773,0
2022-04-07T17:24:36.798Z,efde7e547a9e81d3f80240b38edd85e80d684d55bbb51747a45f9bb45095b073,Org1MSP,Func7,"[90"",""100"",""26"",""100""]""",Org1MSP Org2MSP ,VALID, 26 90, 26 90,,UT,120,11819,0
2022-04-07T17:24:36.889Z,25c367a1d27f98f560d0129297486565904b3516532172604a7cf9fb9bbda459,Org1MSP,Func4,"[13647"",""1364700"",""10106"",""1010600""]""",Org1MSP Org2MSP ,VALID,, 10106 13647,,WT,120,11744,0
2022-04-07T17:24:36.890Z,074c9259125aa265f0a62577d24abb024e99e527aad8ade61c2077c602860b3a,Org1MSP,Func4,"[10008"",""1000800"",""11496"",""1149600""]""",Org1MSP Org2MSP ,VALID,, 10008 11496,,WT,120,11735,0
2022-04-07T17:24:36.890Z,54dec1f22fb13a0d114db03549c3c22912377bee9f5a90e6699b0b7dd044c12a,Org1MSP,Func4,"[10003"",""1000300"",""11910"",""1191000""]""",Org1MSP Org2MSP ,VALID,, 10003 11910,,WT,120,11769,0
2022-04-07T17:24:36.895Z,17a3ef59a3b03ead3a6edd58e1502d453f7a695cefb0bf202b800603c0c7348c,Org1MSP,Func4,"[10150"",""1015000"",""14814"",""1481400""]""",Org1MSP Org2MSP ,VALID,, 10150 14814,,WT,120,11739,0
2022-04-07T17:24:36.897Z,fde72963192b42d83a9acee0e2c642c09cfee0af8d07c2ca98b72f873f72d29b,Org1MSP,Func4,"[10003"",""1000300"",""10296"",""1029600""]""",Org1MSP Org2MSP ,VALID,, 10003 10296,,WT,120,11821,0
2022-04-07T17:24:36.898Z,9ad272f0f95b014479d2284fc416eaf678a2e8b7fe102f3eabef6ea206fecef2,Org1MSP,Func4,"[11288"",""1128800"",""11460"",""1146000""]""",Org1MSP Org2MSP ,VALID,, 11288 11460,,WT,120,11793,0
2022-04-07T17:24:36.898Z,9b87c0ce9e37383192fd269957977f6ee3d1d7c3d982d827aa55f841bf200d44,Org1MSP,Func1,"[229"",""261""]""",Org1MSP Org2MSP ,VALID, 229 261,,,RT,120,11794,0
2022-04-07T17:24:36.989Z,3755f6beebd805a256de7ccb611b3e1e3af6594ff1c8161c42284e07c36cca49,Org1MSP,Func1,"[201"",""16""]""",Org1MSP Org2MSP ,VALID, 16 201,,,RT,120,11750,0
2022-04-07T17:24:36.989Z,48d36c7361a6af187318e519dd56b15bdffa0e5ef1e1d4c12c877ac7d359d5c4,Org1MSP,Func4,"[10001"",""1000100"",""10000"",""1000000""]""",Org1MSP Org2MSP ,VALID,, 10000 10001,,WT,120,11762,0
2022-04-07T17:24:36.989Z,9a5e5eda547fdf5ee793fa375eb244854a469d1315500dc58f079dbed583c913,Org1MSP,Func1,"[104"",""8""]""",Org1MSP Org2MSP ,VALID, 104 8,,,RT,120,11792,0
2022-04-07T17:24:36.990Z,2dff7f0f62ccc0584f01b6540ae32960ad0459ab44d998ddc466f3463b4bd608,Org1MSP,Func1,"[7"",""531""]""",Org1MSP Org2MSP ,VALID, 531 7,,,RT,120,11747,0
2022-04-07T17:24:36.992Z,98fded9f630940338e66b932d732480a717ca7e83462e15605a1890c7046320c,Org1MSP,Func1,"[4131"",""2""]""",Org1MSP Org2MSP ,VALID, 2 4131,,,RT,120,11790,0
2022-04-07T17:24:36.995Z,215afc4d6396ad8b221c3c1ed9eff66b8fc0d9f56a5c70ac42819bf14ac2d249,Org1MSP,Func1,"[44"",""8""]""",Org1MSP Org2MSP ,VALID, 44 8,,,RT,120,11743,0
2022-04-07T17:24:36.996Z,cd699e5751f204404dc783dca8df5cb677c61c0b2ba7e4b24d24b7b379909ebe,Org1MSP,Func1,"[50"",""8""]""",Org1MSP Org2MSP ,VALID, 50 8,,,RT,120,11812,0
2022-04-07T17:24:36.997Z,0063b6d65973a45cb31dec03006548e2d91b0009b4190d1087724486809a3f15,Org1MSP,Func1,"[2"",""4859""]""",Org1MSP Org2MSP ,VALID, 2 4859,,,RT,120,11733,0
2022-04-07T17:24:36.998Z,5dbf16998f01ddfed2fe027b7c247f0bad4d4e7dcac52b37187184ec55fdb98d,Org1MSP,Func4,"[10105"",""1010500"",""10119"",""1011900""]""",Org1MSP Org2MSP ,VALID,, 10105 10119,,WT,120,11771,0
2022-04-07T17:24:37.089Z,5f5147029330eed97bbf3964db2a3995bd8c696886ee5cd444dff95a01b95167,Org1MSP,Func4,"[13160"",""1316000"",""10190"",""1019000""]""",Org1MSP Org2MSP ,VALID,, 10190 13160,,WT,120,11772,0
2022-04-07T17:24:37.089Z,a9ccfb58224408b74b3802bf08366c103e3d4eef730e619da2eb38141e11a506,Org1MSP,Func1,"[124"",""169""]""",Org1MSP Org2MSP ,VALID, 124 169,,,RT,120,11798,0
2022-04-07T17:24:37.089Z,d8a8de695e58435da3512f30735d8c7162a37bae7c9232a5129bac9ab02ba423,Org1MSP,Func1,"[1914"",""1576""]""",Org1MSP Org2MSP ,VALID, 1576 1914,,,RT,120,11813,0
2022-04-07T17:24:37.090Z,7a44fe561732fe6e8eedf81ddb090ff2412152fb206af49a2ef1b5d135f9f5c9,Org1MSP,Func4,"[10014"",""1001400"",""17787"",""1778700""]""",Org1MSP Org2MSP ,VALID,, 10014 17787,,WT,120,11775,0
2022-04-07T17:24:37.093Z,97abbcabb55837d4f72c3ed3bf9c3f852d5e190e1b4c0c7a3783436f1fdbcb54,Org1MSP,Func4,"[10215"",""1021500"",""10043"",""1004300""]""",Org1MSP Org2MSP ,VALID,, 10043 10215,,WT,120,11789,0
2022-04-07T17:24:37.094Z,0b266faacda46f1ef99c5091f8f045044ca01e65c52881d7df07c8ca32215a76,Org1MSP,Func4,"[10262"",""1026200"",""10216"",""1021600""]""",Org1MSP Org2MSP ,VALID,, 10216 10262,,WT,120,11737,0
2022-04-07T17:24:37.096Z,5168036ed3527d28292cbf630c993f903634284d7e37070653d04db44f9e1d61,Org1MSP,Func4,"[12593"",""1259300"",""10028"",""1002800""]""",Org1MSP Org2MSP ,VALID,, 10028 12593,,WT,120,11765,0
2022-04-07T17:24:37.097Z,53407018d954b2bb58a890a9fd346aa64ca1876066fca816d31fbeac3a7f1e20,Org1MSP,Func4,"[16434"",""1643400"",""10000"",""1000000""]""",Org1MSP Org2MSP ,VALID,, 10000 16434,,WT,120,11768,0
2022-04-07T17:24:37.097Z,7e1b39aab319e34f885c2bfd200bcaac16fa1ab0adf5fb9529240344bf6f2ebd,Org1MSP,Func4,"[10022"",""1002200"",""10001"",""1000100""]""",Org1MSP Org2MSP ,VALID,, 10001 10022,,WT,120,11777,0
2022-04-07T17:24:37.097Z,8651070279f34b2edb6752066ac9254f33943ee069ea1614af12f781032375cb,Org1MSP,Func4,"[10010"",""1001000"",""10109"",""1010900""]""",Org1MSP Org2MSP ,VALID,, 10010 10109,,WT,120,11781,0
2022-04-07T17:24:37.189Z,2077fcd692128076846b6c4f4d05de3be0b039f39dad2deea15bb11c15a4c2fd,Org1MSP,Func4,"[15341"",""1534100"",""10044"",""1004400""]""",Org1MSP Org2MSP ,VALID,, 10044 15341,,WT,120,11742,0
2022-04-07T17:24:37.189Z,47d5638b8078c25c7c5a93ea16039c8d414e709333ef3aaa7971fe6c9fb0dab3,Org1MSP,Func7,"[1279"",""100"",""4235"",""100""]""",Org1MSP Org2MSP ,VALID, 1279 4235, 1279 4235,,UT,120,11761,0
2022-04-07T17:24:37.189Z,7bfe5f407fd06326e043cb3d14720cc0698bad10e3973ab46057b8e1e6fab025,Org1MSP,Func4,"[10108"",""1010800"",""10000"",""1000000""]""",Org1MSP Org2MSP ,VALID,, 10000 10108,,WT,120,11776,0
2022-04-07T17:24:37.191Z,e3436893a1a3ed5f6ccbb80d5a6eed5723b8759ad6c6e438e40a517540303f5e,Org1MSP,Func7,"[10"",""100"",""80"",""100""]""",Org1MSP Org2MSP ,VALID, 10 80, 10 80,,UT,120,11826,0
2022-04-07T17:24:37.192Z,758929715ba84f3c028fbc2d246f33c18ff764deade9964868685e86e7572a33,Org1MSP,Func4,"[10005"",""1000500"",""10001"",""1000100""]""",Org1MSP Org2MSP ,VALID,, 10001 10005,,WT,120,11774,0
2022-04-07T17:24:37.197Z,18abce1888b010f159027b1e93f87a8d80ccf4e7d5810a3e7aa2a11c6ab25b46,Org1MSP,Func4,"[19683"",""1968300"",""13417"",""1341700""]""",Org1MSP Org2MSP ,VALID,, 13417 19683,,WT,120,11740,0
2022-04-07T17:24:37.197Z,ea397fac9bc1a72ed26f04f910abc5b55b1209d516d57b92a3a350ff1c10fa88,Org1MSP,Func1,"[15"",""15""]""",Org1MSP Org2MSP ,VALID, 15,,,RT,120,11817,0
2022-04-07T17:24:37.198Z,3aba2aa9cc501e399e83b9a12687c0377f99e51482875ffc32524d620fb42094,Org1MSP,Func1,"[815"",""2712""]""",Org1MSP Org2MSP ,VALID, 2712 815,,,RT,120,11753,0
2022-04-07T17:24:37.198Z,c818ee4511e609d43ffc755dabe67d27612c132ae01ef8e75fca6ace70de8934,Org1MSP,Func4,"[10001"",""1000100"",""11526"",""1152600""]""",Org1MSP Org2MSP ,VALID,, 10001 11526,,WT,120,11809,0
2022-04-07T17:24:37.289Z,35a093c15ac5a0226ac55a783ee12ca34efa6ba70734cffd593f0b018fe57470,Org1MSP,Func4,"[10001"",""1000100"",""10214"",""1021400""]""",Org1MSP Org2MSP ,VALID,, 10001 10214,,WT,120,11748,0
2022-04-07T17:24:37.289Z,90e74bb0db3a3ff735ae608708d23995fa84bdc018b146c2a67cec484eed5af9,Org1MSP,Func1,"[48"",""2118""]""",Org1MSP Org2MSP ,VALID, 2118 48,,,RT,120,11786,0
2022-04-07T17:24:37.290Z,95fef209a9cbf4a2fb5a3aeec1378e35e1abec1e0a2c2c1403b24d365196c0b9,Org1MSP,Func1,"[59"",""2221""]""",Org1MSP Org2MSP ,VALID, 2221 59,,,RT,120,11787,0
2022-04-07T17:24:37.290Z,aa438505201ba880799c2dc180137a2ca00d6d3bbe1aa9826c8d6f649d02f535,Org1MSP,Func7,"[798"",""100"",""102"",""100""]""",Org1MSP Org2MSP ,VALID, 102 798, 102 798,,UT,120,11799,0
2022-04-07T17:24:37.292Z,39aa1f247985a4e9a85a74d9bc8428c2f83c6a49b41848d84a2ab5731d7fa6f3,Org1MSP,Func4,"[10024"",""1002400"",""11287"",""1128700""]""",Org1MSP Org2MSP ,VALID,, 10024 11287,,WT,120,11752,0
2022-04-07T17:24:37.293Z,c22171a103b6c741b066002294e3309f101a769199bc093468185c04335eb7cc,Org1MSP,Func1,"[325"",""30""]""",Org1MSP Org2MSP ,VALID, 30 325,,,RT,120,11806,0
2022-04-07T17:24:37.295Z,8bff0c298943583e7dac950eb7949dd3083c7ae6c93d8eb270661d104851754b,Org1MSP,Func4,"[10054"",""1005400"",""10109"",""1010900""]""",Org1MSP Org2MSP ,VALID,, 10054 10109,,WT,120,11784,0
2022-04-07T17:24:37.296Z,39165c612ccc2f02d2096bda0bb70f1de2822208aa40954a02c45c0aeb7aceca,Org1MSP,Func4,"[10185"",""1018500"",""10003"",""1000300""]""",Org1MSP Org2MSP ,VALID,, 10003 10185,,WT,120,11751,0
2022-04-07T17:24:37.298Z,995d45a14ccfce0654a69c37c1b200d5805a74707dac0166a032b769232fc031,Org1MSP,Func4,"[10000"",""1000000"",""10004"",""1000400""]""",Org1MSP Org2MSP ,VALID,, 10000 10004,,WT,120,11791,0
2022-04-07T17:24:37.298Z,fd1623025760d50bb58f4b9daeec30dbceb6705e9e6c1902300af36b20ca0d75,Org1MSP,Func4,"[17243"",""1724300"",""16678"",""1667800""]""",Org1MSP Org2MSP ,VALID,, 16678 17243,,WT,120,11820,0
2022-04-07T17:24:37.389Z,3d2ff745dfef3ad06dc9d3b7989316158c83b49330f149458b86ceb79c44a46e,Org1MSP,Func4,"[11010"",""1101000"",""10006"",""1000600""]""",Org1MSP Org2MSP ,VALID,, 10006 11010,,WT,120,11754,0
2022-04-07T17:24:37.389Z,fe55b2f09441f057c09cd0156add79301cd1de590c82e948686c43da14605ebd,Org1MSP,Func1,"[23"",""28""]""",Org1MSP Org2MSP ,VALID, 23 28,,,RT,120,11822,0
2022-04-07T17:24:37.390Z,ba14170e01cd141db4bac58ba3d78e90d26d4e400f43c0dbf1e7063be3bd7df1,Org1MSP,Func4,"[10647"",""1064700"",""15589"",""1558900""]""",Org1MSP Org2MSP ,VALID,, 10647 15589,,WT,120,11804,0
2022-04-07T17:24:37.390Z,ff89504c49e7daf25e3397c3f29e66ec7d1eee741391e0c01ca5f304b0c335b4,Org1MSP,Func4,"[10010"",""1001000"",""10000"",""1000000""]""",Org1MSP Org2MSP ,VALID,, 10000 10010,,WT,120,11823,0
2022-04-07T17:24:37.393Z,b64a95ba19183b9ba9c7c3980a7357fbc517bf06f7b324e5a1baf72fbb524ed3,Org1MSP,Func4,"[10000"",""1000000"",""10106"",""1010600""]""",Org1MSP Org2MSP ,VALID,, 10000 10106,,WT,120,11803,0
2022-04-07T17:24:37.394Z,41cc06d3d5ec2e993fd100b31b0f107ac89accbcf0349969b3614d445b298a2a,Org1MSP,Func4,"[10037"",""1003700"",""10590"",""1059000""]""",Org1MSP Org2MSP ,VALID,, 10037 10590,,WT,120,11756,0
2022-04-07T17:24:37.397Z,5109b93c4371f68c65f2ae3318fd0b2f5d50e07766dd07f2f960cc63f01e2902,Org1MSP,Func4,"[10623"",""1062300"",""10001"",""1000100""]""",Org1MSP Org2MSP ,VALID,, 10001 10623,,WT,120,11764,0
2022-04-07T17:24:37.398Z,72ee527dbf67f19c34ea9ca106006db1eb0e7d5f3f7fed9dee4f32d6407313d6,Org1MSP,Func1,"[1"",""1""]""",Org1MSP Org2MSP ,VALID, 1,,,RT,120,11824,0
2022-04-07T17:24:37.489Z,8a1b49535099d016e9b3c801588b0126616798f863c807c962f7edf501267bc9,Org1MSP,Func4,"[10191"",""1019100"",""10689"",""1068900""]""",Org1MSP Org2MSP ,VALID,, 10191 10689,,WT,120,11783,0
2022-04-07T17:24:37.489Z,c858e3f6942ac39ef614286d03054791cff22d548019519c1c294fb3f79d26df,Org1MSP,Func4,"[12622"",""1262200"",""14282"",""1428200""]""",Org1MSP Org2MSP ,VALID,, 12622 14282,,WT,120,11810,0
2022-04-07T17:24:37.489Z,ceddb9a2645a0973f415bce07ee2660dd9212dcf0784fce692a08ee62d6047d5,Org1MSP,Func7,"[1"",""100"",""698"",""100""]""",Org1MSP Org2MSP ,VALID, 1 698, 1 698,,UT,120,11828,0
2022-04-07T17:24:37.491Z,ca93462ad10408e699fb8b5851859391fb8a9408ef47103370d2baf9bc76d727,Org1MSP,Func1,"[1"",""6""]""",Org1MSP Org2MSP ,VALID, 1 6,,,RT,120,11825,0
2022-04-07T17:24:37.494Z,00cc255ab42c2878c03e716e2c35d0ba50d7ad0bbced01e5ea24e5ef75af5cfa,Org1MSP,Func4,"[10025"",""1002500"",""10032"",""1003200""]""",Org1MSP Org2MSP ,VALID,, 10025 10032,,WT,120,11734,0
2022-04-07T17:24:37.495Z,c92d05917da74f18c7f805c36e91de9b13e6c7994f402fa6fe7a9fd6f3029b4e,Org1MSP,Func4,"[10340"",""1034000"",""10006"",""1000600""]""",Org1MSP Org2MSP ,VALID,, 10006 10340,,WT,120,11811,0
2022-04-07T17:24:37.496Z,46f0591a84e1054be780609fe489dd71d238c7d8b7a4450dfc116e901db87d48,Org1MSP,Func4,"[10000"",""1000000"",""10000"",""1000000""]""",Org1MSP Org2MSP ,VALID,, 10000,,WT,120,11760,0
2022-04-07T17:24:37.497Z,da81592f8702d8e7262ccb5957aa03f0613010a576b7869dd5684f900c1c01da,Org1MSP,Func4,"[10020"",""1002000"",""10026"",""1002600""]""",Org1MSP Org2MSP ,VALID,, 10020 10026,,WT,120,11814,0
2022-04-07T17:24:37.498Z,2b89a2b84250ac542bb5679ac4766f7192b88561b903101ebd8bba8c40dda57f,Org1MSP,Func7,"[8241"",""100"",""2867"",""100""]""",Org1MSP Org2MSP ,VALID, 2867 8241, 2867 8241,,UT,120,11746,0
2022-04-07T17:24:37.589Z,1f7a551897a07c0435c16922fe4c82fb5b52ffa3466c0f6c04c9f63033d438f8,Org1MSP,Func4,"[10105"",""1010500"",""10005"",""1000500""]""",Org1MSP Org2MSP ,VALID,, 10005 10105,,WT,120,11741,0
2022-04-07T17:24:37.589Z,5b0765d9cd51875172b5936c049d5b84ef05c6196a42dbc5bf40eb044dd31b89,Org1MSP,Func4,"[13572"",""1357200"",""10006"",""1000600""]""",Org1MSP Org2MSP ,VALID,, 10006 13572,,WT,120,11770,0
2022-04-07T17:24:37.590Z,455935b543d47cc631c28adf6dfb0fe779778fa35bf2446f110e97cd8650ff97,Org1MSP,Func4,"[10109"",""1010900"",""14480"",""1448000""]""",Org1MSP Org2MSP ,VALID,, 10109 14480,,WT,120,11757,0
2022-04-07T17:24:37.590Z,ab52da63cdbcb33b6bbef7e7b6360176de22c9b3d5a7cae6fd1bad88a10b95da,Org1MSP,Func4,"[11259"",""1125900"",""10167"",""1016700""]""",Org1MSP Org2MSP ,VALID,, 10167 11259,,WT,120,11800,0
2022-04-07T17:24:37.592Z,0b6a8084ad03b3b7692d292cac2c387120e95d4825854a33f3c8b33487a60eae,Org1MSP,Func4,"[10116"",""1011600"",""10033"",""1003300""]""",Org1MSP Org2MSP ,VALID,, 10033 10116,,WT,120,11738,0
2022-04-07T17:24:37.593Z,4a2cd66edb1ce69c31d313c834cd6dcedece9b3ba064b0d4270e82bd73ef305c,Org1MSP,Func4,"[10135"",""1013500"",""10015"",""1001500""]""",Org1MSP Org2MSP ,VALID,, 10015 10135,,WT,120,11763,0
2022-04-07T17:24:37.595Z,36618ba9a3fe0bcf0c11a4b9ed253633741e83bf7753e91c02c7c8d9de3a23b7,Org1MSP,Func4,"[10069"",""1006900"",""10095"",""1009500""]""",Org1MSP Org2MSP ,VALID,, 10069 10095,,WT,120,11749,0
2022-04-07T17:24:37.596Z,ec9fa7bdb64b7bd94838133763f3c5aac157e5aabd24c90ab5c01bd55078f720,Org1MSP,Func1,"[2"",""423""]""",Org1MSP Org2MSP ,VALID, 2 423,,,RT,120,11818,0
2022-04-07T17:24:37.597Z,45ec379719f1c976950ab62bcb426ac60ef50db1f2ded71c958ca935ae767f2e,Org1MSP,Func7,"[106"",""100"",""881"",""100""]""",Org1MSP Org2MSP ,VALID, 106 881, 106 881,,UT,120,11758,0
2022-04-07T17:24:37.597Z,892f1c7a2588cbb235903f79329ca19c8c8f9aa15c2394352f32a4e220e6159a,Org1MSP,Func1,"[208"",""6""]""",Org1MSP Org2MSP ,VALID, 208 6,,,RT,120,11782,0
2022-04-07T17:24:37.689Z,a022c0df4835fc3803c9406624280923a4b4fca514e61bb2eabd286f94bfe2d7,Org1MSP,Func1,"[2"",""10""]""",Org1MSP Org2MSP ,VALID, 10 2,,,RT,120,11795,0
2022-04-07T17:24:37.690Z,521690ffccaeca537b3ac74585c564fe7439e5c2f9242d44fd29a1eeec3dc4ca,Org1MSP,Func4,"[10040"",""1004000"",""10047"",""1004700""]""",Org1MSP Org2MSP ,VALID,, 10040 10047,,WT,120,11767,0
2022-04-07T17:24:37.690Z,e3ed69ccd0d776b5046181429a81072344d8e155fbbf98c9ec66347bbe05a8f1,Org1MSP,Func4,"[18547"",""1854700"",""12453"",""1245300""]""",Org1MSP Org2MSP ,VALID,, 12453 18547,,WT,120,11816,0
2022-04-07T17:24:37.692Z,8e48595b32f2e7b3690279291389b80196a1da8b49706d29db4e7a0a2dbf6367,Org1MSP,Func4,"[10850"",""1085000"",""10076"",""1007600""]""",Org1MSP Org2MSP ,VALID,, 10076 10850,,WT,120,11785,0
2022-04-07T17:24:37.694Z,46b44d996d731c965a91236be9b1288809a5ec582ebae90d8afe47e2ec6b860a,Org1MSP,Func4,"[16548"",""1654800"",""10076"",""1007600""]""",Org1MSP Org2MSP ,VALID,, 10076 16548,,WT,120,11759,0
2022-04-07T17:24:37.697Z,517e9f373aad9229b8587d65b7e5c254278a7689b3c0efd2cfcd5d62a5ce14c2,Org1MSP,Func4,"[10116"",""1011600"",""13818"",""1381800""]""",Org1MSP Org2MSP ,VALID,, 10116 13818,,WT,120,11766,0
2022-04-07T17:24:37.698Z,833b4ca4665d5bdcd74596db95dc9a485f9786b8e6c8b838d668343f15d7292d,Org1MSP,Func7,"[1087"",""100"",""3618"",""100""]""",Org1MSP Org2MSP ,VALID, 1087 3618, 1087 3618,,UT,120,11779,0
2022-04-07T17:24:37.699Z,83e6232459a02644072b775f37d4a34a2b42c4ae7b19cbd271a964a7e89c2464,Org1MSP,Func4,"[14561"",""1456100"",""10084"",""1008400""]""",Org1MSP Org2MSP ,VALID,, 10084 14561,,WT,120,11780,0
2022-04-07T17:24:37.789Z,5ab32f89b8d520255e3acb6e23c3033847c16323319fcfaaf22419b6c61b2719,Org1MSP,Func1,"[2865"",""15""]""",Org1MSP Org2MSP ,VALID, 15 2865,,,RT,121,11864,0
2022-04-07T17:24:37.789Z,a2632cb5ee663667a3b2adb45d456da8ba0a1cf8b4ceed224bcc717a2fd4ac4d,Org1MSP,Func4,"[10001"",""1000100"",""10631"",""1063100""]""",Org1MSP Org2MSP ,VALID,, 10001 10631,,WT,121,11881,0
2022-04-07T17:24:37.792Z,4c7f193910ce54579398964ef055700ba2bdc09fb170358537492f366b04a39d,Org1MSP,Func4,"[10001"",""1000100"",""10036"",""1003600""]""",Org1MSP Org2MSP ,VALID,, 10001 10036,,WT,121,11853,0
2022-04-07T17:24:37.794Z,389ec0faa6e2443554e32bba3dda5101be47054c22d3cb9b17c11f3ae4459bb1,Org1MSP,Func4,"[10008"",""1000800"",""10158"",""1015800""]""",Org1MSP Org2MSP ,VALID,, 10008 10158,,WT,121,11844,0
2022-04-07T17:24:37.794Z,631cacf7b82836d0657a3f7ad813cedca289fa6361f2d57790ac8b6afee9e102,Org1MSP,Func4,"[15599"",""1559900"",""10001"",""1000100""]""",Org1MSP Org2MSP ,VALID,, 10001 15599,,WT,121,11867,0
2022-04-07T17:24:37.796Z,80cce484269c9e9ddc5a7c92b954e83f1f5da2a9fc8c46ade1267d2b68f59490,Org1MSP,Func4,"[10001"",""1000100"",""10104"",""1010400""]""",Org1MSP Org2MSP ,VALID,, 10001 10104,,WT,121,11870,0
2022-04-07T17:24:37.796Z,c05c7bb3b125784e12aeeec35af064d8693d408a3e01d61e6202422ee64eb757,Org1MSP,Func1,"[148"",""12""]""",Org1MSP Org2MSP ,VALID, 12 148,,,RT,121,11892,0
2022-04-07T17:24:37.797Z,cb170aed2adc0e708dec0337ecb480ccc283ea691ec21384be2789f37f1ed10c,Org1MSP,Func4,"[10214"",""1021400"",""12810"",""1281000""]""",Org1MSP Org2MSP ,VALID,, 10214 12810,,WT,121,11897,0
2022-04-07T17:24:37.889Z,046ee12ff93d05f19cba1b48ce68d7a5634aca43d9becb71f24bb17d834b42dd,Org1MSP,Func1,"[2523"",""21""]""",Org1MSP Org2MSP ,VALID, 21 2523,,,RT,121,11829,0
2022-04-07T17:24:37.889Z,90f48dddb261207557726d3623d5613bfbbad2b690b63b180f9b729e8440fe88,Org1MSP,Func4,"[11100"",""1110000"",""10000"",""1000000""]""",Org1MSP Org2MSP ,VALID,, 10000 11100,,WT,121,11875,0
2022-04-07T17:24:37.889Z,efefe075a9361e9a1974b0c43c58f449e91bc1dd0856c099a1e589aa0184e504,Org1MSP,Func4,"[10821"",""1082100"",""10000"",""1000000""]""",Org1MSP Org2MSP ,VALID,, 10000 10821,,WT,121,11913,0
2022-04-07T17:24:37.890Z,5b7fe1ce95a00dbeccef59f629a3296f7717960d8435406e58f152782c8664ab,Org1MSP,Func4,"[10000"",""1000000"",""11110"",""1111000""]""",Org1MSP Org2MSP ,VALID,, 10000 11110,,WT,121,11865,0
2022-04-07T17:24:37.892Z,2e9a41d40dacd99901676cb603d78107d987d05dc50d69e749bc533170a26c44,Org1MSP,Func4,"[10004"",""1000400"",""10000"",""1000000""]""",Org1MSP Org2MSP ,VALID,, 10000 10004,,WT,121,11841,0
2022-04-07T17:24:37.892Z,45788a9d20e2e9bc010311d59dc306289fcfb56f522087d2769c1814938210e5,Org1MSP,Func7,"[949"",""100"",""51"",""100""]""",Org1MSP Org2MSP ,VALID, 51 949, 51 949,,UT,121,11852,0
2022-04-07T17:24:37.896Z,f911c089bee9022824655e2cb3fb5c14fea5d79068f209ac9393644656e9cd94,Org1MSP,Func4,"[10002"",""1000200"",""16732"",""1673200""]""",Org1MSP Org2MSP ,VALID,, 10002 16732,,WT,121,11918,0
2022-04-07T17:24:37.898Z,b710f9ac2fdac47cbc57682c5cfbcbcc3047202d30172ebde410ba092a6f7b23,Org1MSP,Func4,"[10057"",""1005700"",""13766"",""1376600""]""",Org1MSP Org2MSP ,VALID,, 10057 13766,,WT,121,11888,0
2022-04-07T17:24:37.898Z,e719b4493f4133a80249fed0b144f5bff817106e21af47941ef36bb461bb9652,Org1MSP,Func4,"[11376"",""1137600"",""10103"",""1010300""]""",Org1MSP Org2MSP ,VALID,, 10103 11376,,WT,121,11910,0
2022-04-07T17:24:37.899Z,dc944457f627fb4473ecd4826cf6c83d50ac477bbd0a81d7d6074e69348c4423,Org1MSP,Func4,"[10379"",""1037900"",""10009"",""1000900""]""",Org1MSP Org2MSP ,VALID,, 10009 10379,,WT,121,11906,0
2022-04-07T17:24:37.988Z,a90f3c0662c8eb74fa46413ac2755b0581b124a49b0f18c5f45270d373847372,Org1MSP,Func7,"[7"",""100"",""7615"",""100""]""",Org1MSP Org2MSP ,VALID, 7 7615, 7 7615,,UT,121,11883,0
2022-04-07T17:24:37.990Z,04aaae083a69d50bba1a5bfe5f208c5ceccd36d8af26559225e4dc4ed998c3b7,Org1MSP,Func4,"[10005"",""1000500"",""11099"",""1109900""]""",Org1MSP Org2MSP ,VALID,, 10005 11099,,WT,121,11830,0
2022-04-07T17:24:37.990Z,867700c733bb1b373b373e155d910a3cc0d3a6524155de8e7e3ff4e91c7312d7,Org1MSP,Func4,"[10021"",""1002100"",""10001"",""1000100""]""",Org1MSP Org2MSP ,VALID,, 10001 10021,,WT,121,11873,0
2022-04-07T17:24:37.990Z,86cfdbd2d5e0fb1a63239b38cd0e529e989d9e49ff9ec7206fdb8f869d3f7fe1,Org1MSP,Func4,"[18731"",""1873100"",""10039"",""1003900""]""",Org1MSP Org2MSP ,VALID,, 10039 18731,,WT,121,11874,0
2022-04-07T17:24:37.992Z,54865495559d7ef3d5bb101c073556838a1ac6386ae3082d4b2ac69b949f49de,Org1MSP,Func1,"[199"",""6""]""",Org1MSP Org2MSP ,VALID, 199 6,,,RT,121,11860,0
2022-04-07T17:24:37.995Z,2709c1846b857277e91061d51cfc22ba180e448ad7b7a70b4be532ed6826e081,Org1MSP,Func4,"[10023"",""1002300"",""16800"",""1680000""]""",Org1MSP Org2MSP ,VALID,, 10023 16800,,WT,121,11840,0
2022-04-07T17:24:37.995Z,31cf389245d352f2b026bd8e69ab0fc872af7316e3386d8a5936cc4ffcf65a0b,Org1MSP,Func4,"[10252"",""1025200"",""18617"",""1861700""]""",Org1MSP Org2MSP ,VALID,, 10252 18617,,WT,121,11842,0
2022-04-07T17:24:37.997Z,4ddaab1e223258464e49fc6ea0d2f557cd364d4a7a4a3fcaa826b1e1804fae16,Org1MSP,Func4,"[10137"",""1013700"",""11999"",""1199900""]""",Org1MSP Org2MSP ,VALID,, 10137 11999,,WT,121,11854,0
2022-04-07T17:24:37.997Z,b1cada9fc2e745140a3678ff7684dbb16417741ea0b828848e949d6d1217d958,Org1MSP,Func7,"[869"",""100"",""1240"",""100""]""",Org1MSP Org2MSP ,VALID, 1240 869, 1240 869,,UT,121,11886,0
2022-04-07T17:24:37.998Z,1c43338daef196ddfd3d565c0b065bf807df2c6375831f1af1822c31b7f75fbb,Org1MSP,Func4,"[10002"",""1000200"",""10001"",""1000100""]""",Org1MSP Org2MSP ,VALID,, 10001 10002,,WT,121,11838,0
2022-04-07T17:24:38.088Z,5264bdb5574094e6ed089abeab414924a3519933c492707a7399770d10380e98,Org1MSP,Func4,"[10399"",""1039900"",""10003"",""1000300""]""",Org1MSP Org2MSP ,VALID,, 10003 10399,,WT,121,11858,0
2022-04-07T17:24:38.088Z,535b076257c8b669015010604e9fcd4bdaa23062fe522aa8bc7f417b5b67f585,Org1MSP,Func4,"[10040"",""1004000"",""13006"",""1300600""]""",Org1MSP Org2MSP ,VALID,, 10040 13006,,WT,121,11859,0
2022-04-07T17:24:38.089Z,25e6cdde9e3cc60f9bfbbe82594644e60b4853449d2912b89477efd202617177,Org1MSP,Func4,"[10759"",""1075900"",""10559"",""1055900""]""",Org1MSP Org2MSP ,VALID,, 10559 10759,,WT,121,11839,0
2022-04-07T17:24:38.089Z,c3d1ee6e1a2831e25dcca4f623dae6e989a74089f29065821a164c5cbf18b65d,Org1MSP,Func4,"[10014"",""1001400"",""13418"",""1341800""]""",Org1MSP Org2MSP ,VALID,, 10014 13418,,WT,121,11894,0
2022-04-07T17:24:38.092Z,f72c5c72f1ce26499996fbe18b33f3adec4767ec874b0881624c77651788559b,Org1MSP,Func1,"[5561"",""1838""]""",Org1MSP Org2MSP ,ENDORSEMENT_POLICY_FAILURE, 1838 5561,,,RT,121,11916,0
2022-04-07T17:24:38.095Z,d7780ab24fd7662e98c45d962a6381912a87cb43c75b3fa7fce974a2f82b1daa,Org1MSP,Func4,"[10000"",""1000000"",""10002"",""1000200""]""",Org1MSP Org2MSP ,VALID,, 10000 10002,,WT,121,11905,0
2022-04-07T17:24:38.096Z,852442c86e640e0b53345652532783576c5dd3f5f4ea565b6faaef41ea622ffe,Org1MSP,Func4,"[10109"",""1010900"",""10538"",""1053800""]""",Org1MSP Org2MSP ,VALID,, 10109 10538,,WT,121,11872,0
2022-04-07T17:24:38.097Z,d1ad22bae71c9f6c0fb6c2419105e83e6404a1e463ef7286e5860263083865a0,Org1MSP,Func1,"[131"",""14""]""",Org1MSP Org2MSP ,ENDORSEMENT_POLICY_FAILURE, 131 14,,,RT,121,11903,0
2022-04-07T17:24:38.098Z,6f6f9b19e4f897a79047e928dd80d573f06ce997a8c39621755c3c7dc8645f67,Org1MSP,Func4,"[10093"",""1009300"",""10000"",""1000000""]""",Org1MSP Org2MSP ,VALID,, 10000 10093,,WT,121,11868,0
2022-04-07T17:24:38.102Z,50270ce194da90fd4c0a287b6599bd7370a212a333a98a0cb662719a081cd1e9,Org1MSP,Func1,"[22"",""45""]""",Org1MSP Org2MSP ,ENDORSEMENT_POLICY_FAILURE, 22 45,,,RT,121,11856,0
2022-04-07T17:24:38.188Z,b776e824e569fdb6ae3702054a8986d87931348d58b807264d72208606a77806,Org1MSP,Func4,"[11250"",""1125000"",""10711"",""1071100""]""",Org1MSP Org2MSP ,VALID,, 10711 11250,,WT,121,11889,0
2022-04-07T17:24:38.189Z,4df3bfc2075ead6c7e2a26be71f273765b08e3d5ba99f8818b87e9bb810f8132,Org1MSP,Func4,"[11261"",""1126100"",""10010"",""1001000""]""",Org1MSP Org2MSP ,VALID,, 10010 11261,,WT,121,11855,0
2022-04-07T17:24:38.190Z,c1a57c8b41cd4faa347bc1132f58b7f87eb5447f97bee0d413977962e41779c2,Org1MSP,Func1,"[106"",""2776""]""",Org1MSP Org2MSP ,VALID, 106 2776,,,RT,121,11893,0
2022-04-07T17:24:38.192Z,365f028efb50b8580305721c6db624a36f60c1b0cd7aae576a7da2be9aec321f,Org1MSP,Func4,"[10001"",""1000100"",""10005"",""1000500""]""",Org1MSP Org2MSP ,VALID,, 10001 10005,,WT,121,11843,0
2022-04-07T17:24:38.195Z,9fafaadc716f29a3d6eb1df314f20d61010da197a2894b42a294330a5f8661bc,Org1MSP,Func7,"[65"",""100"",""128"",""100""]""",Org1MSP Org2MSP ,VALID, 128 65, 128 65,,UT,121,11879,0
2022-04-07T17:24:38.195Z,4b911d5994706043163526749b2b98091139201fbaf5e6412a5dc0f66c6933a9,Org1MSP,Func7,"[5211"",""100"",""4"",""100""]""",Org1MSP Org2MSP ,VALID, 4 5211, 4 5211,,UT,121,11923,0
2022-04-07T17:24:38.196Z,a5f95da53e10774294b29365a4e8cd7243cde78b1961c08fcdedaaa6c50be7eb,Org1MSP,Func4,"[18424"",""1842400"",""10000"",""1000000""]""",Org1MSP Org2MSP ,VALID,, 10000 18424,,WT,121,11882,0
2022-04-07T17:24:38.197Z,9773e7499661367f5ed297d5b104b91955ce4c0bdcf6554cc389c17be4d888de,Org1MSP,Func7,"[6803"",""100"",""9"",""100""]""",Org1MSP Org2MSP ,VALID, 6803 9, 6803 9,,UT,121,11878,0
2022-04-07T17:24:38.200Z,c7e83bb572fc605bc0bad3d24fcf7531ecb9e0bea6bc9beb0c96f52795e7007c,Org1MSP,Func4,"[10697"",""1069700"",""11687"",""1168700""]""",Org1MSP Org2MSP ,VALID,, 10697 11687,,WT,121,11896,0
2022-04-07T17:24:38.288Z,ebf081c172ab215d52cefa8aadd492d6516599fc6e9198be5882eaeae423929f,Org1MSP,Func4,"[10002"",""1000200"",""10823"",""1082300""]""",Org1MSP Org2MSP ,VALID,, 10002 10823,,WT,121,11912,0
2022-04-07T17:24:38.289Z,08c94fe911fa8d4d60dd415bc4c376418b5cdd4d426e59c29e840c03d294b581,Org1MSP,Func7,"[101"",""100"",""2617"",""100""]""",Org1MSP Org2MSP ,VALID, 101 2617, 101 2617,,UT,121,11833,0
2022-04-07T17:24:38.289Z,cd163a920bbb9d814161ccd3dc0da0091e27fa7f4ecae364f73ffd5d1b16d1d3,Org1MSP,Func4,"[10658"",""1065800"",""10016"",""1001600""]""",Org1MSP Org2MSP ,VALID,, 10016 10658,,WT,121,11899,0
2022-04-07T17:24:38.291Z,125f426f6f31b76b598b7117ada78ad82d60a6d2ba06758f07a93121dafb6519,Org1MSP,Func4,"[10864"",""1086400"",""10010"",""1001000""]""",Org1MSP Org2MSP ,VALID,, 10010 10864,,WT,121,11835,0
2022-04-07T17:24:38.292Z,b125074809c18f900d0bea36759e90db4fedfa6149c2dfe77b64a5e709aa0e55,Org1MSP,Func4,"[10001"",""1000100"",""10073"",""1007300""]""",Org1MSP Org2MSP ,VALID,, 10001 10073,,WT,121,11885,0
2022-04-07T17:24:38.293Z,d0a439cac8f5145e2f715ba00eef32a66607c17250228880d4568bfeeedd89cb,Org1MSP,Func4,"[10001"",""1000100"",""10019"",""1001900""]""",Org1MSP Org2MSP ,VALID,, 10001 10019,,WT,121,11902,0
2022-04-07T17:24:38.294Z,f79e6f493162baa8683c2898baff6d6123593f5dc257c01af26bd815e23653b3,Org1MSP,Func4,"[10002"",""1000200"",""10003"",""1000300""]""",Org1MSP Org2MSP ,VALID,, 10002 10003,,WT,121,11917,0
2022-04-07T17:24:38.296Z,97606a46b3a09d40da2f4e383d37066f5a0453087b597f165113b30d17f41b49,Org1MSP,Func7,"[5"",""100"",""1"",""100""]""",Org1MSP Org2MSP ,VALID, 1 5, 1 5,,UT,121,11877,0
2022-04-07T17:24:38.300Z,ded71a79d3b3c4ab2cc73fc7fce172f22c7dcf97b84bd1cf2e38bba0c5d5affe,Org1MSP,Func4,"[10002"",""1000200"",""10591"",""1059100""]""",Org1MSP Org2MSP ,VALID,, 10002 10591,,WT,121,11908,0
2022-04-07T17:24:38.389Z,40018c6d4f3f2a28c802f9d0de13f5e5a1f56b03cb0a9c17f83ea0016edeadfe,Org1MSP,Func1,"[4526"",""3""]""",Org1MSP Org2MSP ,VALID, 3 4526,,,RT,121,11845,0
2022-04-07T17:24:38.389Z,f59ff6a62a380981035ee9dfdccee9d53c2a2fba0db62ab456d52bbb69678045,Org1MSP,Func1,"[4"",""3""]""",Org1MSP Org2MSP ,VALID, 3 4,,,RT,121,11915,0
2022-04-07T17:24:38.391Z,c03bf27766e989b1ea753aaf32ba0b3a3f21e367e24bfa20494f4e628084b233,Org1MSP,Func7,"[26"",""100"",""99"",""100""]""",Org1MSP Org2MSP ,VALID, 26 99, 26 99,,UT,121,11891,0
2022-04-07T17:24:38.392Z,ccd83d2f184151446cd014313a09a04ed1473cea4e8d0ba46f2f8bfa8cf7bb71,Org1MSP,Func4,"[10000"",""1000000"",""10001"",""1000100""]""",Org1MSP Org2MSP ,VALID,, 10000 10001,,WT,121,11898,0
2022-04-07T17:24:38.394Z,cd9eb97fce1890ae7a16fd9baa6ae898dfeb0d4e4c9ca48e6a6df3caaf146767,Org1MSP,Func7,"[393"",""100"",""27"",""100""]""",Org1MSP Org2MSP ,VALID, 27 393, 27 393,,UT,121,11900,0
2022-04-07T17:24:38.395Z,5972e8fb18c4741c5d658c9faf5e6d5825777ce06530e5976b281ba9dd377765,Org1MSP,Func4,"[11391"",""1139100"",""10013"",""1001300""]""",Org1MSP Org2MSP ,VALID,, 10013 11391,,WT,121,11863,0
2022-04-07T17:24:38.397Z,05ec4dfdce4163d3f0596e58500d3425beb3f813344c0a331b6c67dc2269d909,Org1MSP,Func4,"[10066"",""1006600"",""10119"",""1011900""]""",Org1MSP Org2MSP ,VALID,, 10066 10119,,WT,121,11832,0
2022-04-07T17:24:38.397Z,54ea06248b0b29ac5495f6db4fc61b01e59999c6733317c6306d13280c05a829,Org1MSP,Func1,"[767"",""193""]""",Org1MSP Org2MSP ,VALID, 193 767,,,RT,121,11862,0
2022-04-07T17:24:38.399Z,44fe93c49e46cb44aa88b8289557315c79c4f1e1dcf97bf756089ab8507f497a,Org1MSP,Func4,"[12916"",""1291600"",""10289"",""1028900""]""",Org1MSP Org2MSP ,VALID,, 10289 12916,,WT,121,11851,0
2022-04-07T17:24:38.489Z,404007c8cb2961e61a218eb859ad9b27936adbf75e748fa8be920fe20d9cb140,Org1MSP,Func4,"[10002"",""1000200"",""10000"",""1000000""]""",Org1MSP Org2MSP ,VALID,, 10000 10002,,WT,121,11846,0
2022-04-07T17:24:38.489Z,94d762b420edd2ed44032df3585bdffb5a1a7b8e5d47c6fa62626257554a68e0,Org1MSP,Func4,"[10058"",""1005800"",""10002"",""1000200""]""",Org1MSP Org2MSP ,VALID,, 10002 10058,,WT,121,11876,0
2022-04-07T17:24:38.490Z,54ced16857c20bbf03f17c47306b51665ec4adcd6354aa85f8505a255f5c2ef3,Org1MSP,Func1,"[92"",""2716""]""",Org1MSP Org2MSP ,VALID, 2716 92,,,RT,121,11861,0
2022-04-07T17:24:38.492Z,416397b0e8053d642ba236117735194915771169fdc537b2c661a8169386a730,Org1MSP,Func1,"[7079"",""1366""]""",Org1MSP Org2MSP ,VALID, 1366 7079,,,RT,121,11848,0
2022-04-07T17:24:38.493Z,054b548cf9c4e401fed4c99cdf8c48782eb83a0f9fc480b68e5c1c261384afdb,Org1MSP,Func7,"[7469"",""100"",""1507"",""100""]""",Org1MSP Org2MSP ,VALID, 1507 7469, 1507 7469,,UT,121,11831,0
2022-04-07T17:24:38.493Z,3686701be386afc9feb1da4d9d64973b8674929f8b4d5052b3828cc21d700430,Org1MSP,Func7,"[3"",""100"",""10"",""100""]""",Org1MSP Org2MSP ,VALID, 10 3, 10 3,,UT,121,11922,0
2022-04-07T17:24:38.494Z,ebeff581892246650ada7f16ce92b92d36caa3bfb8421b472ea01b97b0abea24,Org1MSP,Func4,"[10000"",""1000000"",""10113"",""1011300""]""",Org1MSP Org2MSP ,VALID,, 10000 10113,,WT,121,11911,0
2022-04-07T17:24:38.495Z,ae789e42124db002f28916919a863b2146ef6d8e1b07bab3a2561b63cfae2972,Org1MSP,Func4,"[10003"",""1000300"",""10050"",""1005000""]""",Org1MSP Org2MSP ,VALID,, 10003 10050,,WT,121,11884,0
2022-04-07T17:24:38.497Z,d4db64476cc068506653787235ccaf9c5463d2ec070c5260c00f7ea0393b87e7,Org1MSP,Func4,"[10073"",""1007300"",""10947"",""1094700""]""",Org1MSP Org2MSP ,VALID,, 10073 10947,,WT,121,11904,0
2022-04-07T17:24:38.501Z,e67c6962632e5917e48217f4a46162a01ffd2d9c91a582df9f9763f9c0ba435a,Org1MSP,Func4,"[10011"",""1001100"",""10030"",""1003000""]""",Org1MSP Org2MSP ,VALID,, 10011 10030,,WT,121,11909,0
2022-04-07T17:24:38.589Z,80d324bae79c7542226992a8bec70bef094342bdf3f0b659bf56b14d0adf25b5,Org1MSP,Func4,"[10000"",""1000000"",""10604"",""1060400""]""",Org1MSP Org2MSP ,VALID,, 10000 10604,,WT,121,11871,0
2022-04-07T17:24:38.589Z,f3e5de88ebc90cf8f870b51b0a736ec14cfe9ccf6840d87ae96eceb10619c885,Org1MSP,Func4,"[10008"",""1000800"",""10069"",""1006900""]""",Org1MSP Org2MSP ,VALID,, 10008 10069,,WT,121,11914,0
2022-04-07T17:24:38.593Z,7ab0f6fc427625cf81018ff4964088d3232be585b4e67e49ddf0a3e5ab09b623,Org1MSP,Func1,"[2648"",""8""]""",Org1MSP Org2MSP ,VALID, 2648 8,,,RT,121,11869,0
2022-04-07T17:24:38.594Z,bba7498f0bf4c4ad7b04cb8a32fc19893c81ff8fdfeae9dc02527669ec3a55db,Org1MSP,Func4,"[10021"",""1002100"",""10004"",""1000400""]""",Org1MSP Org2MSP ,VALID,, 10004 10021,,WT,121,11890,0
2022-04-07T17:24:38.595Z,50c6edb4f990c685aa4af6cdece6c8dbb6c8506651d1bef9aa002769be2799d1,Org1MSP,Func7,"[4635"",""100"",""17"",""100""]""",Org1MSP Org2MSP ,VALID, 17 4635, 17 4635,,UT,121,11857,0
2022-04-07T17:24:38.597Z,4126d0eced8fd56a72b2caee8a93c23bc17e80396e7fa84b0b553013ae0de35b,Org1MSP,Func4,"[10108"",""1010800"",""11266"",""1126600""]""",Org1MSP Org2MSP ,VALID,, 10108 11266,,WT,121,11847,0
2022-04-07T17:24:38.600Z,441b38c424fef219d15a84921fa9e08be88a323ae1edb90a48e4c91a0641bcde,Org1MSP,Func7,"[56"",""100"",""13"",""100""]""",Org1MSP Org2MSP ,VALID, 13 56, 13 56,,UT,121,11850,0
2022-04-07T17:24:38.602Z,bd6e7bc8c9ed6b9720b16d44707f2ba22fa692a38ebe4020e556e3ea6db79d5e,Org1MSP,Func7,"[8"",""100"",""2573"",""100""]""",Org1MSP Org2MSP ,VALID, 2573 8, 2573 8,,UT,121,11921,0
2022-04-07T17:24:38.604Z,b6fd451c49d27c308a2364dd838ca3d16b5b57bb1adffdda99b7655960666ef3,Org1MSP,Func4,"[10016"",""1001600"",""16329"",""1632900""]""",Org1MSP Org2MSP ,VALID,, 10016 16329,,WT,121,11887,0
2022-04-07T17:24:38.611Z,19dd7b6dca40b7d888381e401561c508f3fb8776d4c918f1668683da036844a6,Org1MSP,Func4,"[13767"",""1376700"",""13732"",""1373200""]""",Org1MSP Org2MSP ,VALID,, 13732 13767,,WT,121,11837,0
2022-04-07T17:24:38.689Z,5d2ee0b7df4b568b48cfecc308842fd21f708ecd877b55fc49a9f5b85adbd89d,Org1MSP,Func1,"[1494"",""9347""]""",Org1MSP Org2MSP ,VALID, 1494 9347,,,RT,121,11866,0
2022-04-07T17:24:38.690Z,dcf24df38c6aa7da7ab9640a1f12c36954460733f5539af0d411a2b4618f2fe5,Org1MSP,Func4,"[19155"",""1915500"",""10013"",""1001300""]""",Org1MSP Org2MSP ,VALID,, 10013 19155,,WT,121,11907,0
2022-04-07T17:24:38.690Z,fb525466618f60547ccf1378ca5a1c4ee32857b386c56fed0b78011bf82cd538,Org1MSP,Func4,"[10000"",""1000000"",""10013"",""1001300""]""",Org1MSP Org2MSP ,VALID,, 10000 10013,,WT,121,11919,0
2022-04-07T17:24:38.692Z,a1b521993738b212ecd4751c5cc14bf671ac5cdde18c605681e75c26a877f27e,Org1MSP,Func4,"[10034"",""1003400"",""10025"",""1002500""]""",Org1MSP Org2MSP ,VALID,, 10025 10034,,WT,121,11880,0
2022-04-07T17:24:38.692Z,c5393aaebbc4a51af646a3a34cd3e399670a83f0b533b1bd36667b014ade6688,Org1MSP,Func4,"[13192"",""1319200"",""10001"",""1000100""]""",Org1MSP Org2MSP ,VALID,, 10001 13192,,WT,121,11895,0
2022-04-07T17:24:38.692Z,cee724046ba5589d797c3c408a78efd3c857074d7e555d82022c25e995b22202,Org1MSP,Func4,"[12677"",""1267700"",""10017"",""1001700""]""",Org1MSP Org2MSP ,VALID,, 10017 12677,,WT,121,11901,0
2022-04-07T17:24:38.694Z,0affe5d2aa1e14a72a8a61adebfa5925c8c027f97c8568b416bdaef15ef69527,Org1MSP,Func1,"[8"",""69""]""",Org1MSP Org2MSP ,VALID, 69 8,,,RT,121,11834,0
2022-04-07T17:24:38.696Z,fcd4568b66e0011ae3d2aa19ee97304d1a2c8e7b15368e9b753fca3cec7f576b,Org1MSP,Func4,"[12629"",""1262900"",""10115"",""1011500""]""",Org1MSP Org2MSP ,VALID,, 10115 12629,,WT,121,11920,0
2022-04-07T17:24:38.697Z,4203a313aed5937dc2b2019d3eb7eda015707cb4fe3f723b8b34da2f34b55741,Org1MSP,Func7,"[82"",""100"",""113"",""100""]""",Org1MSP Org2MSP ,VALID, 113 82, 113 82,,UT,121,11849,0
2022-04-07T17:24:38.699Z,156e9e00399eb93a0a969661cf76a4faf055ddcdfa998f968c21fcd5c8c1ac42,Org1MSP,Func4,"[13953"",""1395300"",""10065"",""1006500""]""",Org1MSP Org2MSP ,VALID,, 10065 13953,,WT,121,11836,0
2022-04-07T17:24:38.790Z,e5e5d4c133700f716a6ad6af46f525b2cb1e4c27bd8b630063b996e3207942ac,Org1MSP,Func7,"[1511"",""100"",""5966"",""100""]""",Org1MSP Org2MSP ,VALID, 1511 5966, 1511 5966,,UT,122,12007,0
2022-04-07T17:24:38.790Z,ef0d9eeffb9afd09bdd7a2d829b44bcbf105355455ba18ff6abd5d91eb543ae5,Org1MSP,Func4,"[10859"",""1085900"",""10012"",""1001200""]""",Org1MSP Org2MSP ,VALID,, 10012 10859,,WT,122,12010,0
2022-04-07T17:24:38.790Z,fca252bbbfe13446086fea9f5988e55da03f2a3df4a5a9910e619555c93946e2,Org1MSP,Func1,"[4940"",""4""]""",Org1MSP Org2MSP ,VALID, 4 4940,,,RT,122,12016,0
2022-04-07T17:24:38.792Z,017c668219a1ac7359d4c8679535088d2d5ab139b354e75f9848a48139d40fb5,Org1MSP,Func1,"[11"",""20""]""",Org1MSP Org2MSP ,VALID, 11 20,,,RT,122,11925,0
2022-04-07T17:24:38.794Z,80b12cf1e523d15be89f9861cc6f9d30fb438aa976f85581bba563c5f2077316,Org1MSP,Func4,"[10128"",""1012800"",""10021"",""1002100""]""",Org1MSP Org2MSP ,VALID,, 10021 10128,,WT,122,11970,0
2022-04-07T17:24:38.796Z,24b17479236ffd81a8d299061ef82ad0902dda48704b35857b04f364907c1f10,Org1MSP,Func4,"[10029"",""1002900"",""15488"",""1548800""]""",Org1MSP Org2MSP ,VALID,, 10029 15488,,WT,122,11938,0
2022-04-07T17:24:38.796Z,4044fa4cd35056a22aa441276fef480bc6b0e60cf70be5e3a247742405910bea,Org1MSP,Func4,"[10033"",""1003300"",""11925"",""1192500""]""",Org1MSP Org2MSP ,VALID,, 10033 11925,,WT,122,11950,0
2022-04-07T17:24:38.798Z,ebcb0b8d7a72b039a079398be17c55883ce714e28c06cedd008d0b1fab15d964,Org1MSP,Func1,"[16"",""58""]""",Org1MSP Org2MSP ,VALID, 16 58,,,RT,122,12009,0
2022-04-07T17:24:38.800Z,d83c3a6330cbf81520c053629fc20265127f98ba53e0e02a88e6f8ce6df52b88,Org1MSP,Func1,"[29"",""3163""]""",Org1MSP Org2MSP ,VALID, 29 3163,,,RT,122,11998,0
2022-04-07T17:24:38.890Z,3c1aba97b6d231ef288469d223eb88010a4167143c47ee9063f46ffe76cac6eb,Org1MSP,Func4,"[10556"",""1055600"",""10290"",""1029000""]""",Org1MSP Org2MSP ,VALID,, 10290 10556,,WT,122,11947,0
2022-04-07T17:24:38.891Z,1b555b8b8ace8dafb2ff09a8bff434cb9a786efb6bc470073f18368812668a46,Org1MSP,Func4,"[10000"",""1000000"",""10000"",""1000000""]""",Org1MSP Org2MSP ,VALID,, 10000,,WT,122,11935,0
2022-04-07T17:24:38.891Z,396cc6300b76bf64aa9c22569febf2da35784db09ccf4f2f4313f1f98ef3cf56,Org1MSP,Func4,"[16551"",""1655100"",""10011"",""1001100""]""",Org1MSP Org2MSP ,VALID,, 10011 16551,,WT,122,11944,0
2022-04-07T17:24:38.892Z,a3c16991a5e99b3700dd54e87fd33044ce437e44a93fbd6f9735b78ede398c9a,Org1MSP,Func4,"[10022"",""1002200"",""10918"",""1091800""]""",Org1MSP Org2MSP ,VALID,, 10022 10918,,WT,122,11983,0
2022-04-07T17:24:38.894Z,54621803da9c5a50f685661d72053dca1e4f3ec578340f445b5a7bb220785e8d,Org1MSP,Func7,"[30"",""100"",""9977"",""100""]""",Org1MSP Org2MSP ,VALID, 30 9977, 30 9977,,UT,122,11954,0
2022-04-07T17:24:38.894Z,ab7a7fb1d95a68f298f20f147b98f6ce509a5cc480370a33b95db80bdbb7af17,Org1MSP,Func4,"[12907"",""1290700"",""10028"",""1002800""]""",Org1MSP Org2MSP ,VALID,, 10028 12907,,WT,122,11985,0
2022-04-07T17:24:38.896Z,73e4043a0fb7a4788371405cd9e08641d48a8c7e7f0650b3c5fa2dfab45353c5,Org1MSP,Func4,"[10005"",""1000500"",""10000"",""1000000""]""",Org1MSP Org2MSP ,VALID,, 10000 10005,,WT,122,11966,0
2022-04-07T17:24:38.897Z,e297c8fc7f7268aba908d2b13ad5e7f948cf2167e027b20160d49d26c5e8ff91,Org1MSP,Func7,"[1375"",""100"",""54"",""100""]""",Org1MSP Org2MSP ,VALID, 1375 54, 1375 54,,UT,122,12004,0
2022-04-07T17:24:38.899Z,3f798086e3ee10b7b73d8a9f014ad206ad619eec2f706121658b67d717c80248,Org1MSP,Func4,"[18000"",""1800000"",""10005"",""1000500""]""",Org1MSP Org2MSP ,VALID,, 10005 18000,,WT,122,11949,0
2022-04-07T17:24:38.989Z,b7c97c660ee2f7f5fae2d9c8683c0d55b35d5a17ecd91bcc0b2f9c800774aa5e,Org1MSP,Func4,"[13634"",""1363400"",""10028"",""1002800""]""",Org1MSP Org2MSP ,VALID,, 10028 13634,,WT,122,11991,0
2022-04-07T17:24:38.989Z,d801f8398b7c0bbba256ccc9ddd9c3e792b385f5be7508e3baff5eca2fb23a8d,Org1MSP,Func7,"[2"",""100"",""6812"",""100""]""",Org1MSP Org2MSP ,VALID, 2 6812, 2 6812,,UT,122,11997,0
2022-04-07T17:24:38.991Z,6ceac405736ec47898b7efda6cf3a42bb7f6ece9a7449d129bf4b92990f3330d,Org1MSP,Func4,"[10688"",""1068800"",""10001"",""1000100""]""",Org1MSP Org2MSP ,VALID,, 10001 10688,,WT,122,11962,0
2022-04-07T17:24:38.992Z,388d9c5ad781271e271e5e35cf999a0e663be7bfe7e9480162b43cc1da8ec7c2,Org1MSP,Func4,"[10218"",""1021800"",""12740"",""1274000""]""",Org1MSP Org2MSP ,VALID,, 10218 12740,,WT,122,11943,0
2022-04-07T17:24:38.992Z,61d689b2032d0c0c4c30daae0f2449ae2b9d1c78edf92f5cfa5a484efdb64912,Org1MSP,Func7,"[197"",""100"",""146"",""100""]""",Org1MSP Org2MSP ,VALID, 146 197, 146 197,,UT,122,11960,0
2022-04-07T17:24:38.993Z,a17af74c45a881463654c71d86234a8291f59caa3333730ec5c6e8a275ef1618,Org1MSP,Func4,"[10003"",""1000300"",""10129"",""1012900""]""",Org1MSP Org2MSP ,VALID,, 10003 10129,,WT,122,11981,0
2022-04-07T17:24:38.995Z,01db90d9660d1f4e71b93db9b441c09ade079eec7921fffb810af96c9d1501c4,Org1MSP,Func4,"[12228"",""1222800"",""10004"",""1000400""]""",Org1MSP Org2MSP ,VALID,, 10004 12228,,WT,122,11926,0
2022-04-07T17:24:38.997Z,32927e4eb9c466e2b74f154b4276442b6b116bc080b1909a61b682f54eeef90b,Org1MSP,Func4,"[10051"",""1005100"",""10000"",""1000000""]""",Org1MSP Org2MSP ,VALID,, 10000 10051,,WT,122,11941,0
2022-04-07T17:24:38.997Z,56fd14854bf8a488fedbd5fa12dd982cf32a040030ce21c9e3e1825a1110f039,Org1MSP,Func4,"[10814"",""1081400"",""12921"",""1292100""]""",Org1MSP Org2MSP ,VALID,, 10814 12921,,WT,122,11955,0
2022-04-07T17:24:38.999Z,a39593fbf99eb1f6f46bc44b1b688ae6f1af687821329b5f036b899df78f5e91,Org1MSP,Func1,"[4824"",""352""]""",Org1MSP Org2MSP ,VALID, 352 4824,,,RT,122,11982,0
2022-04-07T17:24:39.089Z,2a63db5e0ca3f217754acc10874b461fe7573c05ccf150bfab7775412f8e2c05,Org1MSP,Func4,"[10011"",""1001100"",""10000"",""1000000""]""",Org1MSP Org2MSP ,VALID,, 10000 10011,,WT,122,11939,0
2022-04-07T17:24:39.090Z,a031e3378841b036d14faf2f2de07873d8a9034cc2dce54d8f674238032d31a0,Org1MSP,Func4,"[10019"",""1001900"",""10000"",""1000000""]""",Org1MSP Org2MSP ,VALID,, 10000 10019,,WT,122,11980,0
2022-04-07T17:24:39.095Z,22795c1beeb80aac5b1aecf6f493ae3ee044f3b86c807645baf4e4147bafb70a,Org1MSP,Func4,"[10000"",""1000000"",""10001"",""1000100""]""",Org1MSP Org2MSP ,VALID,, 10000 10001,,WT,122,11937,0
2022-04-07T17:24:39.095Z,76252a5762dd50c2ded9311b8de2354f4227c6f9eac4546ff9ed469a8442ac76,Org1MSP,Func1,"[71"",""25""]""",Org1MSP Org2MSP ,VALID, 25 71,,,RT,122,11968,0
2022-04-07T17:24:39.095Z,ea646b0b50bb60b6814a9a7d24ac3668eed12b31f474ca6828b749cd8556d470,Org1MSP,Func7,"[53"",""100"",""298"",""100""]""",Org1MSP Org2MSP ,VALID, 298 53, 298 53,,UT,122,12008,0
2022-04-07T17:24:39.096Z,48edbf1638d4a07874ab532b6b5b32fcbc6709d747baa8e8e192c60e428c4ac2,Org1MSP,Func1,"[13"",""12""]""",Org1MSP Org2MSP ,VALID, 12 13,,,RT,122,11953,0
2022-04-07T17:24:39.097Z,41f4c7cb6306da556ff6565253be7bda382759740c9775e62a8bc17b649a654f,Org1MSP,Func7,"[3929"",""100"",""20"",""100""]""",Org1MSP Org2MSP ,VALID, 20 3929, 20 3929,,UT,122,12018,0
2022-04-07T17:24:39.101Z,1160373f7b7cc501cf1ac75de55a42922672339a5a9dd9ea6892569e30f61b03,Org1MSP,Func1,"[435"",""1910""]""",Org1MSP Org2MSP ,VALID, 1910 435,,,RT,122,11932,0
2022-04-07T17:24:39.189Z,bd7114b2e07fdccb0705992ab6c11a195c27eaaabfe4e95a80b48ac21d89e568,Org1MSP,Func4,"[19105"",""1910500"",""10035"",""1003500""]""",Org1MSP Org2MSP ,VALID,, 10035 19105,,WT,122,11992,0
2022-04-07T17:24:39.189Z,db7ba4db96af360ebe843129dbd0d6f93c5697c2164ac15c80b6ad492418c3ad,Org1MSP,Func1,"[1"",""4499""]""",Org1MSP Org2MSP ,VALID, 1 4499,,,RT,122,12000,0
2022-04-07T17:24:39.189Z,dc237c7956f4f1a67ee53d3a25cdad2839c466a994098bb041791c22455c142f,Org1MSP,Func4,"[10042"",""1004200"",""10117"",""1011700""]""",Org1MSP Org2MSP ,VALID,, 10042 10117,,WT,122,12001,0
2022-04-07T17:24:39.190Z,5cc2d432f93596e3f5b3e68591b7b53444fae8d2f048d49c54eac66b77f69432,Org1MSP,Func7,"[32"",""100"",""3914"",""100""]""",Org1MSP Org2MSP ,VALID, 32 3914, 32 3914,,UT,122,11957,0
2022-04-07T17:24:39.192Z,b00feb050132c50865d479897fc84e190b759f0243eddac4ebac9d4b82bd88b3,Org1MSP,Func4,"[11889"",""1188900"",""10684"",""1068400""]""",Org1MSP Org2MSP ,VALID,, 10684 11889,,WT,122,11988,0
2022-04-07T17:24:39.194Z,482a793a223c299f2dda44a64005589f8504dceea02d8573ba38b85d63289b42,Org1MSP,Func4,"[11430"",""1143000"",""16890"",""1689000""]""",Org1MSP Org2MSP ,VALID,, 11430 16890,,WT,122,11952,0
2022-04-07T17:24:39.194Z,764f7ff625f693cb5ef6f74e1be8abdfb01a8b0100fcaae365eb9d87b5bb5669,Org1MSP,Func4,"[12231"",""1223100"",""10000"",""1000000""]""",Org1MSP Org2MSP ,VALID,, 10000 12231,,WT,122,11969,0
2022-04-07T17:24:39.197Z,00eb4d12415a6bfabdbba9890e53da9ac688c8631cf5dd9417d3fa153d219d31,Org1MSP,Func4,"[11500"",""1150000"",""10000"",""1000000""]""",Org1MSP Org2MSP ,VALID,, 10000 11500,,WT,122,11924,0
2022-04-07T17:24:39.197Z,f44f2521daec9eedcc9b302dd1c215852f275f6cf4632cf032edd90ffa513010,Org1MSP,Func1,"[3699"",""6613""]""",Org1MSP Org2MSP ,VALID, 3699 6613,,,RT,122,12012,0
2022-04-07T17:24:39.200Z,c4129c2d80db796678c7f3ba63e7a918c593a54bdfa73fd586d71246225561d6,Org1MSP,Func1,"[1"",""1""]""",Org1MSP Org2MSP ,VALID, 1,,,RT,122,11994,0
2022-04-07T17:24:39.289Z,913449c6b340ea8347c0402aa6b73fd54baa6f200de67f04610351315b9fd507,Org1MSP,Func4,"[12254"",""1225400"",""10326"",""1032600""]""",Org1MSP Org2MSP ,VALID,, 10326 12254,,WT,122,11974,0
2022-04-07T17:24:39.290Z,36ece2fd8ace817430a7d9aed41089a5778451ae8d480aaf841aae86f621df2b,Org1MSP,Func4,"[17942"",""1794200"",""10001"",""1000100""]""",Org1MSP Org2MSP ,VALID,, 10001 17942,,WT,122,11942,0
2022-04-07T17:24:39.290Z,ff38a97d10744551256a82d876fb1e13371ee18256b8e8a74cebc5777d6ccde8,Org1MSP,Func4,"[10002"",""1000200"",""11379"",""1137900""]""",Org1MSP Org2MSP ,VALID,, 10002 11379,,WT,122,12017,0
2022-04-07T17:24:39.293Z,925943c125e61e4b1e247aeb24692e59243da04aed3c38dd9fa8abec6136f8a4,Org1MSP,Func7,"[1380"",""100"",""4746"",""100""]""",Org1MSP Org2MSP ,VALID, 1380 4746, 1380 4746,,UT,122,11976,0
2022-04-07T17:24:39.293Z,c79a5ad17e08d43a88e847a69b001d372e5fdf8391d0f09fe855ff990791651a,Org1MSP,Func7,"[95"",""100"",""1"",""100""]""",Org1MSP Org2MSP ,VALID, 1 95, 1 95,,UT,122,12022,0
2022-04-07T17:24:39.296Z,14713d6b408c267270692e0914eee0c9179d373615e23c588b5a5f510b90b05e,Org1MSP,Func1,"[1956"",""5""]""",Org1MSP Org2MSP ,VALID, 1956 5,,,RT,122,11933,0
2022-04-07T17:24:39.296Z,e5c3fb34f2bf1290d0976b63375a4fb38f597e871d81a49fa017978bc5b01938,Org1MSP,Func4,"[11821"",""1182100"",""10001"",""1000100""]""",Org1MSP Org2MSP ,VALID,, 10001 11821,,WT,122,12005,0
2022-04-07T17:24:39.298Z,9119cbef4b2612a77dd6ba82e2ff6db3cab7bb85472880ae39c13e4587561dc1,Org1MSP,Func4,"[10646"",""1064600"",""10903"",""1090300""]""",Org1MSP Org2MSP ,VALID,, 10646 10903,,WT,122,11973,0
2022-04-07T17:24:39.300Z,0a032765f9c01961fc9339cd1ebd187e9b33f6bed3d2614842a14bbe37e9ac4e,Org1MSP,Func7,"[5"",""100"",""760"",""100""]""",Org1MSP Org2MSP ,VALID, 5 760, 5 760,,UT,122,12020,0
2022-04-07T17:24:39.389Z,075980d9d483b16c4a18159d2eca03973719a4f9811e6ec119eacb9369dede13,Org1MSP,Func4,"[12329"",""1232900"",""10144"",""1014400""]""",Org1MSP Org2MSP ,VALID,, 10144 12329,,WT,122,11928,0
2022-04-07T17:24:39.389Z,71069b7414b2f9c93653bd407114fb06a99abdd98b4e83d246cb9d3a01933281,Org1MSP,Func4,"[10021"",""1002100"",""10004"",""1000400""]""",Org1MSP Org2MSP ,VALID,, 10004 10021,,WT,122,11965,0
2022-04-07T17:24:39.390Z,086bb5c50e73cb1a61148d95162553c69380ad0b4f9bd17781f7db75019823d4,Org1MSP,Func1,"[5260"",""1""]""",Org1MSP Org2MSP ,VALID, 1 5260,,,RT,122,11929,0
2022-04-07T17:24:39.390Z,aca39bcea8a3529c7d3e48d21a2631000335f18f022e348c128c28211feeea16,Org1MSP,Func1,"[4236"",""6""]""",Org1MSP Org2MSP ,VALID, 4236 6,,,RT,122,11986,0
2022-04-07T17:24:39.392Z,c157cdf423216ef5ff3ea9a85eb4b7ffc9edc16d5586adad23991b62961617ec,Org1MSP,Func4,"[10456"",""1045600"",""12597"",""1259700""]""",Org1MSP Org2MSP ,VALID,, 10456 12597,,WT,122,11993,0
2022-04-07T17:24:39.395Z,43ef22ebaf17db153d06d4079b88a00fd139fe9ce7fd46d924d2f8f92cc85947,Org1MSP,Func7,"[4"",""100"",""3"",""100""]""",Org1MSP Org2MSP ,VALID, 3 4, 3 4,,UT,122,12023,0
2022-04-07T17:24:39.396Z,1cd101543388248650d43a9f0f829654a76b12f45a57b60141ec14b66901900e,Org1MSP,Func4,"[10000"",""1000000"",""11869"",""1186900""]""",Org1MSP Org2MSP ,VALID,, 10000 11869,,WT,122,11936,0
2022-04-07T17:24:39.396Z,ad06147f8f074d113f539eaa2e7456b139d49e627f6c165d13f49b3d51f5017d,Org1MSP,Func4,"[10001"",""1000100"",""15831"",""1583100""]""",Org1MSP Org2MSP ,VALID,, 10001 15831,,WT,122,11987,0
2022-04-07T17:24:39.399Z,b3e7e4ecadc32d913592d5d22a812edf69ac09ae45375add3c4c078d08a5170a,Org1MSP,Func7,"[50"",""100"",""13"",""100""]""",Org1MSP Org2MSP ,VALID, 13 50, 13 50,,UT,122,12019,0
2022-04-07T17:24:39.402Z,86d02f0c7ec4735cceba4d72dc38f9625c61b7a62047a0d34281ec18c6f80c2f,Org1MSP,Func4,"[10516"",""1051600"",""14913"",""1491300""]""",Org1MSP Org2MSP ,VALID,, 10516 14913,,WT,122,11972,0
2022-04-07T17:24:39.489Z,0ddb53b245028c040dfa609ea684349a5bfa74aa49dbe6342c1f92f89bcd7e49,Org1MSP,Func4,"[14504"",""1450400"",""10009"",""1000900""]""",Org1MSP Org2MSP ,VALID,, 10009 14504,,WT,122,11931,0
2022-04-07T17:24:39.489Z,b5b69118e07e90824160129eac0098ac4f316e91f9391da8870138d896d43176,Org1MSP,Func4,"[10000"",""1000000"",""10002"",""1000200""]""",Org1MSP Org2MSP ,VALID,, 10000 10002,,WT,122,11990,0
2022-04-07T17:24:39.490Z,83eb16ac65168070e776d2d0e081aae40cf81da3475e127aa670211f24f97557,Org1MSP,Func1,"[18"",""1""]""",Org1MSP Org2MSP ,VALID, 1 18,,,RT,122,11971,0
2022-04-07T17:24:39.491Z,c7e647a840d1ef3553808b6a0b4c779c82eaf29636645a678ac20417f0cd99f1,Org1MSP,Func4,"[10017"",""1001700"",""10586"",""1058600""]""",Org1MSP Org2MSP ,VALID,, 10017 10586,,WT,122,11995,0
2022-04-07T17:24:39.493Z,f57dd0221740c942a99bb6bb44133beff312e4cbda4aabb9a49741a419a960df,Org1MSP,Func4,"[10000"",""1000000"",""16704"",""1670400""]""",Org1MSP Org2MSP ,VALID,, 10000 16704,,WT,122,12013,0
2022-04-07T17:24:39.494Z,e06a9dcf267bc9d42045b7683e928bfb466729dc42b420a67ef9825bcfdfa1c9,Org1MSP,Func7,"[1089"",""100"",""198"",""100""]""",Org1MSP Org2MSP ,VALID, 1089 198, 1089 198,,UT,122,12002,0
2022-04-07T17:24:39.494Z,e143d4a0726dc5fc8c307e0eeccd102ddad76d89dc5ee63d4f456a235ce279ef,Org1MSP,Func7,"[7"",""100"",""3289"",""100""]""",Org1MSP Org2MSP ,VALID, 3289 7, 3289 7,,UT,122,12003,0
2022-04-07T17:24:39.497Z,3b120627a5f672dc10ccb0cd9fec4e2180401e1f8f667490e61a8738a9fdbb45,Org1MSP,Func4,"[10786"",""1078600"",""10653"",""1065300""]""",Org1MSP Org2MSP ,VALID,, 10653 10786,,WT,122,11946,0
2022-04-07T17:24:39.498Z,75faef0945043f0ed5c916a9906958f2718b34326f9cd4390b875782d850133c,Org1MSP,Func1,"[11"",""8612""]""",Org1MSP Org2MSP ,VALID, 11 8612,,,RT,122,11967,0
2022-04-07T17:24:39.588Z,cf2c422468f1d1bd7e7a3c108c320b529853d40e7b6d7f4037ef9e2807e61286,Org1MSP,Func1,"[4839"",""513""]""",Org1MSP Org2MSP ,VALID, 4839 513,,,RT,122,11996,0
2022-04-07T17:24:39.589Z,fad6301ff6ba45eb3eb20a803bb310e6dd5c711433e1412e99523c1e81a54991,Org1MSP,Func1,"[40"",""838""]""",Org1MSP Org2MSP ,VALID, 40 838,,,RT,122,12015,0
2022-04-07T17:24:39.590Z,b4b25cedff7cbf3d1ae874ef3ebe394429f5eee29540ad2e02f1c84f16d8e761,Org1MSP,Func4,"[10810"",""1081000"",""10000"",""1000000""]""",Org1MSP Org2MSP ,VALID,, 10000 10810,,WT,122,11989,0
2022-04-07T17:24:39.592Z,9772dd78511855e28c3e8eb5de7329a4dccbe9c682d616f0dc73680d26615eb2,Org1MSP,Func4,"[10510"",""1051000"",""10334"",""1033400""]""",Org1MSP Org2MSP ,VALID,, 10334 10510,,WT,122,11979,0
2022-04-07T17:24:39.593Z,9297e07cabe91b5e39a447a1cfe13b4cdc679056913bac0100a0e13de0198b2e,Org1MSP,Func4,"[10002"",""1000200"",""10002"",""1000200""]""",Org1MSP Org2MSP ,VALID,, 10002,,WT,122,11977,0
2022-04-07T17:24:39.594Z,6187e956cd4e24d99974cfad5b052ca62ca7cd04a097c8eed32ba33cdbd40efb,Org1MSP,Func4,"[10003"",""1000300"",""10848"",""1084800""]""",Org1MSP Org2MSP ,VALID,, 10003 10848,,WT,122,11959,0
2022-04-07T17:24:39.598Z,0b0f8df8c5051f97e823be3af45f2b81c1194af3126194b4ceaff7cb3b118e2c,Org1MSP,Func4,"[14015"",""1401500"",""10001"",""1000100""]""",Org1MSP Org2MSP ,VALID,, 10001 14015,,WT,122,11930,0
2022-04-07T17:24:39.689Z,a6503fcc87f0a2694dfea768f33578c4e3ed5f675eba66ac3bef506a03ab4609,Org1MSP,Func7,"[10"",""100"",""857"",""100""]""",Org1MSP Org2MSP ,VALID, 10 857, 10 857,,UT,122,11984,0
2022-04-07T17:24:39.690Z,6e2ea2c1d7480ca4e0269b8431be8ea26ec157286a7e84360e836e9b445d8892,Org1MSP,Func7,"[2457"",""100"",""37"",""100""]""",Org1MSP Org2MSP ,VALID, 2457 37, 2457 37,,UT,122,11963,0
2022-04-07T17:24:39.690Z,965d4b489574fca5619ab3d6748f6f8b3e90bb2ad6c41ffe796fa52d4f160377,Org1MSP,Func7,"[4380"",""100"",""19"",""100""]""",Org1MSP Org2MSP ,VALID, 19 4380, 19 4380,,UT,122,11978,0
2022-04-07T17:24:39.690Z,f6284678079a011dff0e602bcfb7adbbff51eae25928c06bfecb6075413c2e15,Org1MSP,Func4,"[10033"",""1003300"",""10102"",""1010200""]""",Org1MSP Org2MSP ,VALID,, 10033 10102,,WT,122,12014,0
2022-04-07T17:24:39.692Z,2bbfa6cd6ae2df1f441f51017a3b20692e792ec32a26f0a478c2853896489515,Org1MSP,Func4,"[10574"",""1057400"",""10488"",""1048800""]""",Org1MSP Org2MSP ,VALID,, 10488 10574,,WT,122,11940,0
2022-04-07T17:24:39.693Z,91f1b6056b918946e7b3c7247cd1ebb8eb26002377223d28a6b9be54cf422854,Org1MSP,Func4,"[14921"",""1492100"",""10001"",""1000100""]""",Org1MSP Org2MSP ,VALID,, 10001 14921,,WT,122,11975,0
2022-04-07T17:24:39.696Z,19c3f55fb7fabd4ea9270419f6331824ea603d8089824081630a3982ea27984c,Org1MSP,Func4,"[10000"",""1000000"",""10006"",""1000600""]""",Org1MSP Org2MSP ,VALID,, 10000 10006,,WT,122,11934,0
2022-04-07T17:24:39.697Z,5a62e4aa74fc5897519756061dd31d00da284ce9e3d760a57dc9aa3a5c2ee0bd,Org1MSP,Func7,"[2017"",""100"",""442"",""100""]""",Org1MSP Org2MSP ,VALID, 2017 442, 2017 442,,UT,122,11956,0
2022-04-07T17:24:39.698Z,da4ec5ef3aeb7e9715be304785904e51a1674fe0d8779c28bea74b10d7546c54,Org1MSP,Func7,"[62"",""100"",""147"",""100""]""",Org1MSP Org2MSP ,VALID, 147 62, 147 62,,UT,122,11999,0
2022-04-07T17:24:39.789Z,7053cb3e084e5613ed10f219f24242cd67642e4291063d6302e92d0a888ef52e,Org1MSP,Func1,"[5"",""431""]""",Org1MSP Org2MSP ,VALID, 431 5,,,RT,122,11964,0
2022-04-07T17:24:39.789Z,fc60ad13768178eed3ab0ab9d96fe30eca72c88d42532fc8f99f5faad9912d4d,Org1MSP,Func7,"[6"",""100"",""43"",""100""]""",Org1MSP Org2MSP ,VALID, 43 6, 43 6,,UT,122,12021,0
2022-04-07T17:24:39.790Z,4260c9f4f9a61a92c4545602d3910c3dc8b5a03dd705c2a5be1eea3f90aee732,Org1MSP,Func1,"[20"",""1876""]""",Org1MSP Org2MSP ,VALID, 1876 20,,,RT,122,11951,0
2022-04-07T17:24:39.790Z,5f1c1704b40c7d6500fca1763a2a8f3a727c7bb8ce9bf6448025b923ed73d8d3,Org1MSP,Func4,"[10122"",""1012200"",""10023"",""1002300""]""",Org1MSP Org2MSP ,VALID,, 10023 10122,,WT,122,11958,0
2022-04-07T17:24:39.792Z,e5e2592234a08c7d62fd03e44a2b5283c04ed902f8f3f1e139cc5b2854bbe9f2,Org1MSP,Func4,"[10000"",""1000000"",""10863"",""1086300""]""",Org1MSP Org2MSP ,VALID,, 10000 10863,,WT,122,12006,0
2022-04-07T17:24:39.792Z,f39f205b9c11326d30938791e79a74308263f66e0c222ee7566b94bb94c18723,Org1MSP,Func4,"[11465"",""1146500"",""10001"",""1000100""]""",Org1MSP Org2MSP ,VALID,, 10001 11465,,WT,122,12011,0
2022-04-07T17:24:39.794Z,3cef58e95f7b35c35376189542431aec5cf3ff275671d7615177a0ebfcec4181,Org1MSP,Func4,"[11240"",""1124000"",""10737"",""1073700""]""",Org1MSP Org2MSP ,VALID,, 10737 11240,,WT,122,11948,0
2022-04-07T17:24:39.796Z,39f70009b6498429b2c000ea11f280438c504803fe0ac2e33a2e6b94ac6de2e8,Org1MSP,Func4,"[10139"",""1013900"",""10001"",""1000100""]""",Org1MSP Org2MSP ,VALID,, 10001 10139,,WT,122,11945,0
2022-04-07T17:24:39.797Z,04f0f26487f2ce16b32e6e6fd4d50d7a5f4f91cddfe2c8ac9809914736ae465f,Org1MSP,Func4,"[13588"",""1358800"",""10001"",""1000100""]""",Org1MSP Org2MSP ,VALID,, 10001 13588,,WT,122,11927,0
2022-04-07T17:24:39.799Z,653b845080eb9aff0e10f065d6be072f1c7b510ec36c12003b48969d4c5ad1f8,Org1MSP,Func4,"[10009"",""1000900"",""10003"",""1000300""]""",Org1MSP Org2MSP ,VALID,, 10003 10009,,WT,122,11961,0
2022-04-07T17:24:39.889Z,a54b771431be88874181270d087cfdf573080e263ed0ff9777e2f5672ce30b31,Org1MSP,Func4,"[10715"",""1071500"",""10410"",""1041000""]""",Org1MSP Org2MSP ,VALID,, 10410 10715,,WT,123,12066,0
2022-04-07T17:24:39.889Z,bb93a12c80e6fb66282d6261edf97a554c29fab56af37708b07ee875dca4c92b,Org1MSP,Func4,"[10004"",""1000400"",""18461"",""1846100""]""",Org1MSP Org2MSP ,VALID,, 10004 18461,,WT,123,12072,0
2022-04-07T17:24:39.890Z,e0748c9fce459d8d401fe2a21f45529453adec6bc4d141eaf759ce91c55d1d1c,Org1MSP,Func1,"[36"",""316""]""",Org1MSP Org2MSP ,VALID, 316 36,,,RT,123,12091,0
2022-04-07T17:24:39.892Z,fdebd69c106b983ae56b7b22d0848e06da45be1018a6434d1c11f0d0f5d95d22,Org1MSP,Func1,"[1"",""127""]""",Org1MSP Org2MSP ,VALID, 1 127,,,RT,123,12107,0
2022-04-07T17:24:39.893Z,22850ebef910a42447c2454d5d60084284287a9dc714a6ec4e9881dd616df707,Org1MSP,Func1,"[741"",""11""]""",Org1MSP Org2MSP ,VALID, 11 741,,,RT,123,12031,0
2022-04-07T17:24:39.893Z,e90ff2b89d774ab0287dd9b9c651a597da085b4470118adf3735397776402766,Org1MSP,Func1,"[4"",""1""]""",Org1MSP Org2MSP ,VALID, 1 4,,,RT,123,12093,0
2022-04-07T17:24:39.894Z,7437d07b38ca120bb84126a61cf65b757dafac9ed7b33f09b33f8ada58a16d5b,Org1MSP,Func7,"[361"",""100"",""132"",""100""]""",Org1MSP Org2MSP ,VALID, 132 361, 132 361,,UT,123,12053,0
2022-04-07T17:24:39.896Z,ffd9d85021b3101ed37fd86a32f5d025c64acaa70a52743f8646829c1d3d11d2,Org1MSP,Func1,"[551"",""119""]""",Org1MSP Org2MSP ,VALID, 119 551,,,RT,123,12108,0
2022-04-07T17:24:39.898Z,54e3e8ceb4d87d6c4774136f7d96d9e037d4ba6cc60552749910507dde600d49,Org1MSP,Func4,"[10000"",""1000000"",""12900"",""1290000""]""",Org1MSP Org2MSP ,VALID,, 10000 12900,,WT,123,12041,0
2022-04-07T17:24:39.898Z,ccff85aa15a4a3b902abbdb6670c26cf39f42b6625f150f173e2f421676ba19e,Org1MSP,Func4,"[10020"",""1002000"",""10000"",""1000000""]""",Org1MSP Org2MSP ,VALID,, 10000 10020,,WT,123,12080,0
2022-04-07T17:24:39.989Z,da550c676a645217d3f3919497d5c6b45efdc85b31addc993704c1e33875a786,Org1MSP,Func4,"[10622"",""1062200"",""10013"",""1001300""]""",Org1MSP Org2MSP ,VALID,, 10013 10622,,WT,123,12086,0
2022-04-07T17:24:39.990Z,4f9012fb3da0a3c3b3776e7df7add66c09b362cab4f468e576e2587746e4319d,Org1MSP,Func4,"[10138"",""1013800"",""10466"",""1046600""]""",Org1MSP Org2MSP ,VALID,, 10138 10466,,WT,123,12040,0
2022-04-07T17:24:39.992Z,c046b4980dfc9f12b4ec85ae5551914e3b06aaec5b032d61edc7cae0832ad12b,Org1MSP,Func1,"[1583"",""6""]""",Org1MSP Org2MSP ,VALID, 1583 6,,,RT,123,12075,0
2022-04-07T17:24:39.992Z,de20566bfe844e3c3ce87c8cebd4685fc3939ef6cdb9dfdc77ef2c1793c34d13,Org1MSP,Func4,"[10185"",""1018500"",""10825"",""1082500""]""",Org1MSP Org2MSP ,VALID,, 10185 10825,,WT,123,12090,0
2022-04-07T17:24:39.993Z,77e1fd86e706f872631de26da4035ef4d7093415566825fd3938ead85e90d9ad,Org1MSP,Func4,"[11889"",""1188900"",""10032"",""1003200""]""",Org1MSP Org2MSP ,VALID,, 10032 11889,,WT,123,12055,0
2022-04-07T17:24:39.993Z,5ff996abba4df118daf0b6b7c99dbcb662c5a091b6e644ca5a191d18b68babd2,Org1MSP,Func7,"[313"",""100"",""28"",""100""]""",Org1MSP Org2MSP ,VALID, 28 313, 28 313,,UT,123,12109,0
2022-04-07T17:24:39.996Z,9ffb42acdb857492be08f966ee388b961ca3a6c0f0c2bd1ddb2f5f17d0dfd804,Org1MSP,Func4,"[10891"",""1089100"",""10001"",""1000100""]""",Org1MSP Org2MSP ,VALID,, 10001 10891,,WT,123,12064,0
2022-04-07T17:24:40.000Z,58d506654f6f224d07411834cf18454211788eb27a1d7732bd3b1d86e051ff9f,Org1MSP,Func7,"[758"",""100"",""49"",""100""]""",Org1MSP Org2MSP ,VALID, 49 758, 49 758,,UT,123,12042,0
2022-04-07T17:24:40.000Z,91157e0e50d4ac45777071113ff5d040dffbc9e92237e434ca3ff971e4a065a5,Org1MSP,Func1,"[1"",""5720""]""",Org1MSP Org2MSP ,VALID, 1 5720,,,RT,123,12062,0
2022-04-07T17:24:40.089Z,32ddb07b0508d0b46e912e6eed2fc2906225963a311705ceecaf1c40c63cf9de,Org1MSP,Func7,"[6196"",""100"",""45"",""100""]""",Org1MSP Org2MSP ,VALID, 45 6196, 45 6196,,UT,123,12034,0
2022-04-07T17:24:40.089Z,4c358b86af33510445c77d506d10032278c2c75a57cd4c52c6dd83dd8ee30d79,Org1MSP,Func4,"[10000"",""1000000"",""10002"",""1000200""]""",Org1MSP Org2MSP ,VALID,, 10000 10002,,WT,123,12038,0
2022-04-07T17:24:40.090Z,4d146a4ea6a5878ea1354f4ced4928c7ea0d11981dbece93f4e9abe85a74e6ad,Org1MSP,Func7,"[101"",""100"",""35"",""100""]""",Org1MSP Org2MSP ,VALID, 101 35, 101 35,,UT,123,12039,0
2022-04-07T17:24:40.092Z,5bfd864d95d9f4b1e244b48f529ec0ca20ded6ce562d016f8dff1ceba0748c14,Org1MSP,Func1,"[92"",""8""]""",Org1MSP Org2MSP ,VALID, 8 92,,,RT,123,12043,0
2022-04-07T17:24:40.093Z,8f8e49c26c5ab1ec34648278d1b9d04a1b2dc15f11ccc281905caf459dc74681,Org1MSP,Func4,"[10005"",""1000500"",""10527"",""1052700""]""",Org1MSP Org2MSP ,VALID,, 10005 10527,,WT,123,12061,0
2022-04-07T17:24:40.094Z,fd57be845ff6a62124a15d38b2f199e40b21edc50ddf58ff1f7e662e28c625b9,Org1MSP,Func1,"[37"",""1""]""",Org1MSP Org2MSP ,VALID, 1 37,,,RT,123,12106,0
2022-04-07T17:24:40.096Z,ed260bba583409b912bd48e7c41146e6726466126125cb8cce296c072755fb5c,Org1MSP,Func4,"[10004"",""1000400"",""10076"",""1007600""]""",Org1MSP Org2MSP ,VALID,, 10004 10076,,WT,123,12097,0
2022-04-07T17:24:40.097Z,cc2551d72cc90ef8dded25998e0fa0fc999da48d5ca3062de7214ec6f0132af6,Org1MSP,Func4,"[10002"",""1000200"",""10772"",""1077200""]""",Org1MSP Org2MSP ,VALID,, 10002 10772,,WT,123,12078,0
2022-04-07T17:24:40.099Z,6ce9b4d820a73321e263f82bb289178942dd5408b9c1cf1e0cbecb923bd35a85,Org1MSP,Func4,"[10004"",""1000400"",""10007"",""1000700""]""",Org1MSP Org2MSP ,VALID,, 10004 10007,,WT,123,12050,0
2022-04-07T17:24:40.188Z,75ddcc65c192a44b98e713ad6460a2438d9cef519376c1de89d6f80bdb5a11ea,Org1MSP,Func4,"[10585"",""1058500"",""10097"",""1009700""]""",Org1MSP Org2MSP ,VALID,, 10097 10585,,WT,123,12054,0
2022-04-07T17:24:40.189Z,73cff69828cb7d0cb5afc7e3b0fdd8ae5befe35953ab03dcec7357971ac63a96,Org1MSP,Func4,"[10065"",""1006500"",""10001"",""1000100""]""",Org1MSP Org2MSP ,VALID,, 10001 10065,,WT,123,12052,0
2022-04-07T17:24:40.194Z,00433dfb9a9e0ce982ae7c8f11f149af578076cf3091ac8b97965f47affc0e2d,Org1MSP,Func7,"[1700"",""100"",""150"",""100""]""",Org1MSP Org2MSP ,VALID, 150 1700, 150 1700,,UT,123,12024,0
2022-04-07T17:24:40.194Z,011e20590660b3287ba8a018c2e43256b5f6ef4b45d70a2c79a12d2884f63670,Org1MSP,Func4,"[10024"",""1002400"",""13338"",""1333800""]""",Org1MSP Org2MSP ,VALID,, 10024 13338,,WT,123,12025,0
2022-04-07T17:24:40.194Z,ce684bbbdeade5d16cbe3ba7acccb8b303eeca9d845310748790144ae15fecfb,Org1MSP,Func4,"[10004"",""1000400"",""10056"",""1005600""]""",Org1MSP Org2MSP ,VALID,, 10004 10056,,WT,123,12082,0
2022-04-07T17:24:40.196Z,cc953b0b2eb544b4a9df9b731de9b66ebd4db85cf62e022b86df2db42380e760,Org1MSP,Func4,"[10004"",""1000400"",""12133"",""1213300""]""",Org1MSP Org2MSP ,VALID,, 10004 12133,,WT,123,12079,0
2022-04-07T17:24:40.202Z,f126575494f189924f4b3885274e09f6fa89c9bd141afd6b8ed208ae668b03c5,Org1MSP,Func1,"[57"",""80""]""",Org1MSP Org2MSP ,VALID, 57 80,,,RT,123,12098,0
2022-04-07T17:24:40.291Z,3ef9651fd86e5414fec21983934f9ea0fe6b3633e1a914f2a8f5f8184fb0ff12,Org1MSP,Func4,"[10982"",""1098200"",""10000"",""1000000""]""",Org1MSP Org2MSP ,VALID,, 10000 10982,,WT,123,12036,0
2022-04-07T17:24:40.292Z,a772f08d378dcaaa2a49947d5a6afbadf190c30ab2c697dc75c4180e7a651203,Org1MSP,Func4,"[10019"",""1001900"",""10000"",""1000000""]""",Org1MSP Org2MSP ,VALID,, 10000 10019,,WT,123,12067,0
2022-04-07T17:24:40.293Z,f9e2cb0c5ddaa9d57af29ba25efbfeb93962e7fde58a5886c1925aae4de75a34,Org1MSP,Func1,"[96"",""328""]""",Org1MSP Org2MSP ,VALID, 328 96,,,RT,123,12104,0
2022-04-07T17:24:40.293Z,e7adabf8e2127b9edf160bec929a6daba8e993381042868af883abc227eef52f,Org1MSP,Func1,"[13"",""3""]""",Org1MSP Org2MSP ,VALID, 13 3,,,RT,123,12110,0
2022-04-07T17:24:40.296Z,e9d11b293a34a0b9406f36125de017bb998349be188c7151d9f3285312329a53,Org1MSP,Func4,"[10261"",""1026100"",""10143"",""1014300""]""",Org1MSP Org2MSP ,VALID,, 10143 10261,,WT,123,12095,0
2022-04-07T17:24:40.296Z,f318b37392cedc4c1c130625420b1559d4d9874b85f50e3e3782e5774273c3ab,Org1MSP,Func4,"[10436"",""1043600"",""10041"",""1004100""]""",Org1MSP Org2MSP ,VALID,, 10041 10436,,WT,123,12100,0
2022-04-07T17:24:40.297Z,aa515a7290fb06fa250629aa12026ed4f6cd1d0afb16c97058b42f9f24858c42,Org1MSP,Func1,"[164"",""7""]""",Org1MSP Org2MSP ,VALID, 164 7,,,RT,123,12068,0
2022-04-07T17:24:40.297Z,b83a44910630e262969b860c6d6cf7fdb85a9c4589b726a10880e133f5068098,Org1MSP,Func1,"[7"",""53""]""",Org1MSP Org2MSP ,VALID, 53 7,,,RT,123,12071,0
2022-04-07T17:24:40.300Z,fd03b4224af46b4301eea8ef6d7df9408432f33d9962131c7fa276ed66000afb,Org1MSP,Func7,"[8"",""100"",""1"",""100""]""",Org1MSP Org2MSP ,VALID, 1 8, 1 8,,UT,123,12115,0
2022-04-07T17:24:40.301Z,8dac3818a1d26de0a43c2016e07f1add573b7a56c7bb03febd59b766f42e9bab,Org1MSP,Func4,"[12555"",""1255500"",""13170"",""1317000""]""",Org1MSP Org2MSP ,VALID,, 12555 13170,,WT,123,12060,0
2022-04-07T17:24:40.389Z,1c98dd77f450bd649d41cead4b53d1f81b53b26df8ca4ca9e8408d0cbf567e6c,Org1MSP,Func4,"[10001"",""1000100"",""10103"",""1010300""]""",Org1MSP Org2MSP ,VALID,, 10001 10103,,WT,123,12029,0
2022-04-07T17:24:40.389Z,ec8da7b97110dda1177dcb830885ad2ca27c885f9bedd7923ea08227f52f13d8,Org1MSP,Func4,"[10443"",""1044300"",""10086"",""1008600""]""",Org1MSP Org2MSP ,VALID,, 10086 10443,,WT,123,12096,0
2022-04-07T17:24:40.391Z,6416a52d5d527e61a050edb237f6a2611dec717748e19134f7c3230c0166eaa0,Org1MSP,Func1,"[28"",""1510""]""",Org1MSP Org2MSP ,VALID, 1510 28,,,RT,123,12045,0
2022-04-07T17:24:40.392Z,6a76bfac9edee9fdb681a4dd68e8aef15dec564349de0b45ab0e2ea2dec46dd9,Org1MSP,Func4,"[10073"",""1007300"",""16673"",""1667300""]""",Org1MSP Org2MSP ,VALID,, 10073 16673,,WT,123,12048,0
2022-04-07T17:24:40.395Z,c8a7c1df6a461af6c70dc60cee363083ffbdf58e04c767e9a7fe02addf0b322c,Org1MSP,Func4,"[10630"",""1063000"",""11762"",""1176200""]""",Org1MSP Org2MSP ,VALID,, 10630 11762,,WT,123,12076,0
2022-04-07T17:24:40.395Z,e96c799fa5fbf77744096453187284636a86e99d8787a723c08cd02eb08886a6,Org1MSP,Func4,"[14755"",""1475500"",""10832"",""1083200""]""",Org1MSP Org2MSP ,VALID,, 10832 14755,,WT,123,12094,0
2022-04-07T17:24:40.396Z,d4f52b70646d48ffedc162fed0a973139225bc7667cb96da4cd02e07d745ab1b,Org1MSP,Func4,"[10129"",""1012900"",""10009"",""1000900""]""",Org1MSP Org2MSP ,VALID,, 10009 10129,,WT,123,12085,0
2022-04-07T17:24:40.397Z,146e9ca02db1c6f775eac75b32da62f3924bf6e5db9a949c6c9f9b4d90da17b8,Org1MSP,Func7,"[211"",""100"",""3394"",""100""]""",Org1MSP Org2MSP ,VALID, 211 3394, 211 3394,,UT,123,12027,0
2022-04-07T17:24:40.398Z,f577bb51be33b59df3a56d3a387a9cfbc5edcddf643fd88a9e1bb6bdb988e06b,Org1MSP,Func4,"[15409"",""1540900"",""10808"",""1080800""]""",Org1MSP Org2MSP ,VALID,, 10808 15409,,WT,123,12101,0
2022-04-07T17:24:40.401Z,1f1b8916c68eb02e56bf68c1b285bb44ad1aef4fe9c47784331a5b1585fbdf49,Org1MSP,Func4,"[10000"",""1000000"",""10005"",""1000500""]""",Org1MSP Org2MSP ,VALID,, 10000 10005,,WT,123,12030,0
2022-04-07T17:24:40.490Z,2e3d44791c81df47df0672978f424b32f251d7bf13f3826f7709e2b1cb6888f0,Org1MSP,Func1,"[924"",""544""]""",Org1MSP Org2MSP ,VALID, 544 924,,,RT,123,12033,0
2022-04-07T17:24:40.490Z,f5edf6a5b52468b899df84cf6d32d3bc29ee4eb135cecbc662fba5dcabdec3f3,Org1MSP,Func1,"[9224"",""7279""]""",Org1MSP Org2MSP ,VALID, 7279 9224,,,RT,123,12102,0
2022-04-07T17:24:40.491Z,b3ed2c01a3bfbf744fa84f3d14652203a76a36d7d92c892d4234a23e50e50918,Org1MSP,Func4,"[10001"",""1000100"",""11294"",""1129400""]""",Org1MSP Org2MSP ,VALID,, 10001 11294,,WT,123,12070,0
2022-04-07T17:24:40.491Z,dc6a5bb93ac52060eb5fa3b28b218386bbd82a98d9559f9160c8799ccfba42a8,Org1MSP,Func7,"[178"",""100"",""245"",""100""]""",Org1MSP Org2MSP ,VALID, 178 245, 178 245,,UT,123,12087,0
2022-04-07T17:24:40.493Z,9324ae3ea100b28aa8615c61943f6901698b8fa11310a8cdc42b7827713d88b5,Org1MSP,Func4,"[10010"",""1001000"",""10037"",""1003700""]""",Org1MSP Org2MSP ,VALID,, 10010 10037,,WT,123,12063,0
2022-04-07T17:24:40.494Z,8bfd534adda1611bb49428177875b2da41912a4f9680ef43dc32174724bb7df7,Org1MSP,Func4,"[10006"",""1000600"",""10361"",""1036100""]""",Org1MSP Org2MSP ,VALID,, 10006 10361,,WT,123,12059,0
2022-04-07T17:24:40.494Z,16eebd5f22fee94ec34cf12eae79e78df803e301d468c325c4cd9a672bf3adb8,Org1MSP,Func7,"[7"",""100"",""3"",""100""]""",Org1MSP Org2MSP ,VALID, 3 7, 3 7,,UT,123,12114,0
2022-04-07T17:24:40.497Z,f1b9ab4dc827a51b8f595000f341ac457b78ebd29fb40bcf2048d80de0acd564,Org1MSP,Func4,"[14269"",""1426900"",""10003"",""1000300""]""",Org1MSP Org2MSP ,VALID,, 10003 14269,,WT,123,12099,0
2022-04-07T17:24:40.498Z,22fea4c5d38464ec03c3b17e873bad735ba74bee7626dcc278b15ae7c30b9747,Org1MSP,Func1,"[348"",""1736""]""",Org1MSP Org2MSP ,VALID, 1736 348,,,RT,123,12032,0
2022-04-07T17:24:40.501Z,ca4a5cb76dc4a097586921b3de34270baa20245136e5dd5fe13112002df747b6,Org1MSP,Func4,"[10073"",""1007300"",""19334"",""1933400""]""",Org1MSP Org2MSP ,VALID,, 10073 19334,,WT,123,12077,0
2022-04-07T17:24:40.588Z,352e6e4247cfec8be9824a41bbc6526d29bd55745b3908237dc8b38b9eacaafa,Org1MSP,Func4,"[10067"",""1006700"",""10265"",""1026500""]""",Org1MSP Org2MSP ,VALID,, 10067 10265,,WT,123,12035,0
2022-04-07T17:24:40.589Z,689e73fd9fa9b76554dff917e95d7b50fa492daa3ead87a9d4a543a1d2515c3f,Org1MSP,Func1,"[58"",""1""]""",Org1MSP Org2MSP ,VALID, 1 58,,,RT,123,12113,0
2022-04-07T17:24:40.590Z,f6bebc954d64dc88765ccf08c2e94484bd6f54eba23d287239f0f4e6084177cf,Org1MSP,Func4,"[11677"",""1167700"",""12191"",""1219100""]""",Org1MSP Org2MSP ,VALID,, 11677 12191,,WT,123,12103,0
2022-04-07T17:24:40.595Z,afe77131a2c1ef268970d1da811be146d99722fa9478e37074e4378b33113c84,Org1MSP,Func4,"[10399"",""1039900"",""10910"",""1091000""]""",Org1MSP Org2MSP ,VALID,, 10399 10910,,WT,123,12069,0
2022-04-07T17:24:40.601Z,7d2a32c6a86ad7d995147aa4afba78cce7faa96c0fa99333f1fa0cfe41033b39,Org1MSP,Func4,"[10557"",""1055700"",""10040"",""1004000""]""",Org1MSP Org2MSP ,VALID,, 10040 10557,,WT,123,12056,0
2022-04-07T17:24:40.602Z,d10a7cffb390961032507a4a4eca8a0e759206906b02619670239b001e0e64ad,Org1MSP,Func1,"[2"",""6950""]""",Org1MSP Org2MSP ,VALID, 2 6950,,,RT,123,12083,0
2022-04-07T17:24:40.604Z,6c97d31713462f27e8c603b8fe9da6f763a3d8fe41927bae58ac64ccd0453421,Org1MSP,Func1,"[87"",""15""]""",Org1MSP Org2MSP ,VALID, 15 87,,,RT,123,12049,0
2022-04-07T17:24:40.605Z,cd094ed48571ca14c7cfa02768d8dca55adfc9b30068caf660f8a371e1f4a4c6,Org1MSP,Func4,"[10701"",""1070100"",""10008"",""1000800""]""",Org1MSP Org2MSP ,VALID,, 10008 10701,,WT,123,12081,0
2022-04-07T17:24:40.612Z,4aa76e32333580e027c2df97f1ca159e10eeb9cf64f54e2582cb02cd32f0291b,Org1MSP,Func7,"[140"",""100"",""3294"",""100""]""",Org1MSP Org2MSP ,VALID, 140 3294, 140 3294,,UT,123,12037,0
2022-04-07T17:24:40.689Z,670e2346f1658c301d147ebb10b9360e2e48dd55774f4010ecdfdafc4caa5e20,Org1MSP,Func1,"[274"",""8""]""",Org1MSP Org2MSP ,VALID, 274 8,,,RT,123,12047,0
2022-04-07T17:24:40.689Z,fa117bc8a472dbdc4580b61b3475f4179948f57a9548ff0567cf91e309ed4ee4,Org1MSP,Func4,"[10106"",""1010600"",""10028"",""1002800""]""",Org1MSP Org2MSP ,VALID,, 10028 10106,,WT,123,12105,0
2022-04-07T17:24:40.690Z,63a7917f3774860585739a6ebe61358cad0ad20300a589fb2fdad822902833c4,Org1MSP,Func4,"[11371"",""1137100"",""10001"",""1000100""]""",Org1MSP Org2MSP ,VALID,, 10001 11371,,WT,123,12044,0
2022-04-07T17:24:40.690Z,e7f70a27f2d9837d8ad1a6eb96cb808d530775659336849238c94e84aea57676,Org1MSP,Func4,"[10089"",""1008900"",""10732"",""1073200""]""",Org1MSP Org2MSP ,VALID,, 10089 10732,,WT,123,12092,0
2022-04-07T17:24:40.692Z,835295433afac39a00afecb27b5b0e4c4d713e2d830300bfca809a74620d591d,Org1MSP,Func1,"[2"",""6848""]""",Org1MSP Org2MSP ,VALID, 2 6848,,,RT,123,12057,0
2022-04-07T17:24:40.694Z,886b7afa9f36c1887eb342209d93cc422c562ff70d852d0b6bf5c8d384239d90,Org1MSP,Func4,"[16254"",""1625400"",""10012"",""1001200""]""",Org1MSP Org2MSP ,VALID,, 10012 16254,,WT,123,12058,0
2022-04-07T17:24:40.694Z,bcddd915672bf5baa849162cc30a21a7765ab83cb6943676db1db2640af4d994,Org1MSP,Func4,"[10307"",""1030700"",""10569"",""1056900""]""",Org1MSP Org2MSP ,VALID,, 10307 10569,,WT,123,12073,0
2022-04-07T17:24:40.697Z,18561b39ebc0e60dd22ab1c91da463f2c75d8c5819a157125821954c6f7d86d7,Org1MSP,Func1,"[2482"",""3""]""",Org1MSP Org2MSP ,VALID, 2482 3,,,RT,123,12111,0
2022-04-07T17:24:40.698Z,bf6f5c9fb60be16c0cc07881737db431e43c9e65502535ee90d61864f06d7040,Org1MSP,Func1,"[8091"",""1208""]""",Org1MSP Org2MSP ,VALID, 1208 8091,,,RT,123,12074,0
2022-04-07T17:24:40.698Z,73bb4d6eeef5d575631540c5821519ed200eff241dc9bd9976fb97bdf6dd6054,Org1MSP,Func1,"[19"",""4""]""",Org1MSP Org2MSP ,VALID, 19 4,,,RT,123,12112,0
2022-04-07T17:24:40.790Z,1356492bdd41eff284a748fb7c096f84a6758b3d2688df118f12c378da1905cc,Org1MSP,Func1,"[148"",""27""]""",Org1MSP Org2MSP ,VALID, 148 27,,,RT,123,12026,0
2022-04-07T17:24:40.790Z,a05291dbc9133e73df76311c5b7a25fb00a71a83978a37ac5a0de899bc72a029,Org1MSP,Func4,"[14751"",""1475100"",""10088"",""1008800""]""",Org1MSP Org2MSP ,VALID,, 10088 14751,,WT,123,12065,0
2022-04-07T17:24:40.790Z,d3997ad481d63d4b36d0078fe27be17233ae1ff3b58d1b920399dc3a6b9c5fc7,Org1MSP,Func4,"[10000"",""1000000"",""10003"",""1000300""]""",Org1MSP Org2MSP ,VALID,, 10000 10003,,WT,123,12084,0
2022-04-07T17:24:40.792Z,ddbb302c463f5558532693bcdb4e59c2b9f814b99c9fdedc08e78fdd97b3731b,Org1MSP,Func1,"[10"",""41""]""",Org1MSP Org2MSP ,VALID, 10 41,,,RT,123,12089,0
2022-04-07T17:24:40.794Z,64c7bd30d2de647e356c8db0b7d0408a77d7e77d1d65877d35784b1f3363b3db,Org1MSP,Func4,"[10002"",""1000200"",""10126"",""1012600""]""",Org1MSP Org2MSP ,VALID,, 10002 10126,,WT,123,12046,0
2022-04-07T17:24:40.797Z,1ae7edf9746c190f1409ca6c1a0345af4e7710ce90964713dda1d40e48fa60e9,Org1MSP,Func4,"[10051"",""1005100"",""10040"",""1004000""]""",Org1MSP Org2MSP ,VALID,, 10040 10051,,WT,123,12028,0
2022-04-07T17:24:40.797Z,70f77fa9cc55a0c69e48cf48c8d59aaac38552fe17c735f3dc0fa541a6a72b93,Org1MSP,Func4,"[10018"",""1001800"",""10022"",""1002200""]""",Org1MSP Org2MSP ,VALID,, 10018 10022,,WT,123,12051,0
2022-04-07T17:24:40.799Z,dca888f7e0faa428c08efe3c8dcab463cd4a9a0287f8977fb9b5f2bb4b29ab70,Org1MSP,Func4,"[10001"",""1000100"",""11381"",""1138100""]""",Org1MSP Org2MSP ,VALID,, 10001 11381,,WT,123,12088,0
2022-04-07T17:24:40.889Z,3dbba2b36efe109c70b5e2f79bade26146f9896bd8d513750a8736105443da58,Org1MSP,Func4,"[10000"",""1000000"",""10000"",""1000000""]""",Org1MSP Org2MSP ,VALID,, 10000,,WT,124,12138,0
2022-04-07T17:24:40.892Z,e0df2061226dc0d76d8c5845da2f51fda3c6a570e57e693ce3fcfa523fdb070a,Org1MSP,Func4,"[10246"",""1024600"",""10074"",""1007400""]""",Org1MSP Org2MSP ,VALID,, 10074 10246,,WT,124,12194,0
2022-04-07T17:24:40.895Z,b6c28cf5bba70fb096bb7e64fb954e6f875ef36f50580ab25a5068ca5761f535,Org1MSP,Func4,"[10001"",""1000100"",""13551"",""1355100""]""",Org1MSP Org2MSP ,VALID,, 10001 13551,,WT,124,12181,0
2022-04-07T17:24:40.895Z,ed18262f5a6308681595f0a1fae4814f27efd89ce512efa6f5656d516b18c2b6,Org1MSP,Func7,"[3678"",""100"",""330"",""100""]""",Org1MSP Org2MSP ,VALID, 330 3678, 330 3678,,UT,124,12198,0
2022-04-07T17:24:40.896Z,f35f29ca93e4b8515d54a10de856ac5f44cd6cf331cc1fe03fce022faca6293f,Org1MSP,Func4,"[10207"",""1020700"",""10019"",""1001900""]""",Org1MSP Org2MSP ,VALID,, 10019 10207,,WT,124,12202,0
2022-04-07T17:24:40.898Z,51bd25fe42c9395e822e9e1c605781cd17a29321f858c532bda780a0890ea9e3,Org1MSP,Func4,"[15819"",""1581900"",""10588"",""1058800""]""",Org1MSP Org2MSP ,VALID,, 10588 15819,,WT,124,12144,0
2022-04-07T17:24:40.898Z,9959291ff39000835b85b62e161d5a5a8f77ec44014c49c1213bfd8186a01305,Org1MSP,Func7,"[21"",""100"",""9453"",""100""]""",Org1MSP Org2MSP ,VALID, 21 9453, 21 9453,,UT,124,12170,0
2022-04-07T17:24:40.989Z,09e1f91f4e42b7ac639379bf901653e85e2ac81449fef807abd663b6d3ef3097,Org1MSP,Func4,"[10001"",""1000100"",""10001"",""1000100""]""",Org1MSP Org2MSP ,VALID,, 10001,,WT,124,12123,0
2022-04-07T17:24:40.989Z,904647adf6f2a61133e60c7e251dd0f873b5e28a8f96921c0002552d816ab730,Org1MSP,Func1,"[118"",""4""]""",Org1MSP Org2MSP ,VALID, 118 4,,,RT,124,12167,0
2022-04-07T17:24:40.990Z,6a088c7e1e93608976d503da22bfd4e63047bbb703df1a9e90541244e8cf61ad,Org1MSP,Func4,"[10033"",""1003300"",""10016"",""1001600""]""",Org1MSP Org2MSP ,VALID,, 10016 10033,,WT,124,12154,0
2022-04-07T17:24:40.990Z,b9adbe7f5447f17947d1daa88d6a869951162a57fc8975cf3d1a6c58d5fa5124,Org1MSP,Func4,"[10077"",""1007700"",""10035"",""1003500""]""",Org1MSP Org2MSP ,VALID,, 10035 10077,,WT,124,12183,0
2022-04-07T17:24:40.993Z,3601bde6dd1d72260ec2bd7a75715ce3bbf5b6ed017e5c44552fc037532a305a,Org1MSP,Func4,"[10601"",""1060100"",""10000"",""1000000""]""",Org1MSP Org2MSP ,VALID,, 10000 10601,,WT,124,12135,0
2022-04-07T17:24:40.993Z,fec113a7edb2efe094b5755bcfdaab2d885ef7fd0ce91a39ac83c751ce552358,Org1MSP,Func4,"[12212"",""1221200"",""10066"",""1006600""]""",Org1MSP Org2MSP ,VALID,, 10066 12212,,WT,124,12206,0
2022-04-07T17:24:40.995Z,b7d5df4f4a95357b4486fbad10b9fc2ad6e8a80602ac5bfc97ca1d9b60eba059,Org1MSP,Func4,"[10226"",""1022600"",""10049"",""1004900""]""",Org1MSP Org2MSP ,VALID,, 10049 10226,,WT,124,12182,0
2022-04-07T17:24:40.996Z,79f435894ad7d16fcb898f452e5365e76bcf84e1b1dedbdf7e07915de8869837,Org1MSP,Func1,"[1"",""13""]""",Org1MSP Org2MSP ,VALID, 1 13,,,RT,124,12157,0
2022-04-07T17:24:40.997Z,41ea8b16050d2f308f632e74c9ec83d537a3ae3b4afaf6bc6c502b598b2948e0,Org1MSP,Func7,"[2072"",""100"",""15"",""100""]""",Org1MSP Org2MSP ,VALID, 15 2072, 15 2072,,UT,124,12141,0
2022-04-07T17:24:40.998Z,da1bfa962c53d2737af52618543713426bc0a719c104b6bf52f3169e781222c5,Org1MSP,Func4,"[10050"",""1005000"",""10182"",""1018200""]""",Org1MSP Org2MSP ,VALID,, 10050 10182,,WT,124,12191,0
2022-04-07T17:24:41.089Z,0702ec6329c85352fbb0320102fabfb2282508078dddc541235c30ff1d6f1594,Org1MSP,Func7,"[498"",""100"",""5990"",""100""]""",Org1MSP Org2MSP ,VALID, 498 5990, 498 5990,,UT,124,12120,0
2022-04-07T17:24:41.090Z,d7a988eaebc6222d5ab8b21235fd74fc066355e80498900c61358084d6d614c9,Org1MSP,Func4,"[12431"",""1243100"",""10008"",""1000800""]""",Org1MSP Org2MSP ,VALID,, 10008 12431,,WT,124,12190,0
2022-04-07T17:24:41.090Z,47c0106057014e34b660134a084b88e32c60c665ea6af552cb21525933923ae9,Org1MSP,Func7,"[5"",""100"",""87"",""100""]""",Org1MSP Org2MSP ,VALID, 5 87, 5 87,,UT,124,12207,0
2022-04-07T17:24:41.091Z,9ff00b0bb4e0c347ad9c626d62b502467a458b3d2e6c701bef062bffac53b6a2,Org1MSP,Func1,"[2"",""1543""]""",Org1MSP Org2MSP ,VALID, 1543 2,,,RT,124,12172,0
2022-04-07T17:24:41.093Z,18986b541e29e040dc7ac431e65d4e926b0a5bc4d4e4c3915c08a4906447ebcf,Org1MSP,Func1,"[1713"",""3""]""",Org1MSP Org2MSP ,VALID, 1713 3,,,RT,124,12126,0
2022-04-07T17:24:41.093Z,3fdd485ee58043f04063a89a586fd705dd88ccd123df1d6fa54b488e30aac781,Org1MSP,Func4,"[10154"",""1015400"",""10027"",""1002700""]""",Org1MSP Org2MSP ,VALID,, 10027 10154,,WT,124,12140,0
2022-04-07T17:24:41.094Z,5e004beeb06ea9a1123d7cf802d5a7f9b92f9bf984aacb17ab4572067cb00174,Org1MSP,Func4,"[10179"",""1017900"",""11224"",""1122400""]""",Org1MSP Org2MSP ,VALID,, 10179 11224,,WT,124,12147,0
2022-04-07T17:24:41.096Z,b5cc25f40e25df1604ff52197294643fa4f712526e538a3846c776435a97c590,Org1MSP,Func4,"[10008"",""1000800"",""10520"",""1052000""]""",Org1MSP Org2MSP ,VALID,, 10008 10520,,WT,124,12180,0
2022-04-07T17:24:41.098Z,a9cd8dfd746df388370e57708feecb1a75d697383cad0f3670b67a7d009ad3f2,Org1MSP,Func1,"[2651"",""1""]""",Org1MSP Org2MSP ,VALID, 1 2651,,,RT,124,12176,0
2022-04-07T17:24:41.098Z,c6331a7b003d390af2b1d1deb2fc8647b50da4f7a051c2738c311d41abdb65b6,Org1MSP,Func1,"[37"",""7""]""",Org1MSP Org2MSP ,VALID, 37 7,,,RT,124,12187,0
2022-04-07T17:24:41.189Z,ccfbac696e38f03bbc6bf383092dc51cfb659048f31582174d5ad9af6ad89fb2,Org1MSP,Func1,"[4868"",""1""]""",Org1MSP Org2MSP ,VALID, 1 4868,,,RT,124,12188,0
2022-04-07T17:24:41.190Z,3bc80b86f1ee80ea238d0396d509a8d5c66bc3c9abc888768e011b21494c7590,Org1MSP,Func4,"[10035"",""1003500"",""10004"",""1000400""]""",Org1MSP Org2MSP ,VALID,, 10004 10035,,WT,124,12136,0
2022-04-07T17:24:41.190Z,93c72a3e64e9d3014b4e16a812f451d7900ad0c430f43e0715f2a55689343622,Org1MSP,Func1,"[109"",""27""]""",Org1MSP Org2MSP ,VALID, 109 27,,,RT,124,12169,0
2022-04-07T17:24:41.191Z,e740b4486cbe849f7a7d0e9c96a741fc5f43205e6422b6486a23830e2e94f7f8,Org1MSP,Func4,"[10281"",""1028100"",""10220"",""1022000""]""",Org1MSP Org2MSP ,VALID,, 10220 10281,,WT,124,12196,0
2022-04-07T17:24:41.193Z,a7bfa1b7d5f82b45fa103bc8eff3abc8854f8b2273a7e652303c36a0d94249b8,Org1MSP,Func1,"[334"",""564""]""",Org1MSP Org2MSP ,VALID, 334 564,,,RT,124,12175,0
2022-04-07T17:24:41.193Z,f9c2f2b25c962d02585727d2fb586939d2d7d59804b9295e63363c58f6395b48,Org1MSP,Func1,"[658"",""92""]""",Org1MSP Org2MSP ,VALID, 658 92,,,RT,124,12203,0
2022-04-07T17:24:41.196Z,30aeaa7d28c6177961b284d1a6f0bcbf5bb6fb820812a340b9194dd04ce1405b,Org1MSP,Func4,"[10013"",""1001300"",""10354"",""1035400""]""",Org1MSP Org2MSP ,VALID,, 10013 10354,,WT,124,12133,0
2022-04-07T17:24:41.198Z,64497191b9f1a74b683543c20403aa1aca96a916ef9e4d5b4f9bd879e425b0de,Org1MSP,Func4,"[18439"",""1843900"",""10011"",""1001100""]""",Org1MSP Org2MSP ,VALID,, 10011 18439,,WT,124,12152,0
2022-04-07T17:24:41.198Z,aa864739694e268fd48c95638fcfcb7102952b2346d2e49cf5100e092b9a948b,Org1MSP,Func1,"[617"",""1""]""",Org1MSP Org2MSP ,VALID, 1 617,,,RT,124,12177,0
2022-04-07T17:24:41.289Z,83577a2c2690a2def8cf3574a87fe0403cfd3dba41650056706df3ca7def486e,Org1MSP,Func4,"[10335"",""1033500"",""10000"",""1000000""]""",Org1MSP Org2MSP ,VALID,, 10000 10335,,WT,124,12161,0
2022-04-07T17:24:41.290Z,24ffddffad75819d30d8c92385ba8b8ac48387479e4f64c2d00d748466932422,Org1MSP,Func4,"[10009"",""1000900"",""11869"",""1186900""]""",Org1MSP Org2MSP ,VALID,, 10009 11869,,WT,124,12129,0
2022-04-07T17:24:41.290Z,c52dd531bb9bdc173f4ab15fd6a580bbafbc50fa3b716b762735e6b1c96b842c,Org1MSP,Func4,"[10000"",""1000000"",""10068"",""1006800""]""",Org1MSP Org2MSP ,VALID,, 10000 10068,,WT,124,12186,0
2022-04-07T17:24:41.291Z,6aca6517bd2121b347eeea429df4bb126d43f69da8ac5bcd776829267e8c7fff,Org1MSP,Func4,"[17717"",""1771700"",""10154"",""1015400""]""",Org1MSP Org2MSP ,VALID,, 10154 17717,,WT,124,12155,0
2022-04-07T17:24:41.292Z,02b85abfe2f2d0d19f2198e6771de0dd17ea0547b1853a20ed7156d90b380820,Org1MSP,Func4,"[10093"",""1009300"",""12344"",""1234400""]""",Org1MSP Org2MSP ,VALID,, 10093 12344,,WT,124,12118,0
2022-04-07T17:24:41.294Z,496f2f382e0b902191f55c177991e8f5a1654af7bf8716521a729caf7dad916e,Org1MSP,Func4,"[10028"",""1002800"",""10042"",""1004200""]""",Org1MSP Org2MSP ,VALID,, 10028 10042,,WT,124,12143,0
2022-04-07T17:24:41.296Z,21ef9f1fcf11ce8dc6d359beac982f8be16e52f4e8f55d5ccfa3fef0ad52adb9,Org1MSP,Func4,"[10110"",""1011000"",""10000"",""1000000""]""",Org1MSP Org2MSP ,VALID,, 10000 10110,,WT,124,12127,0
2022-04-07T17:24:41.297Z,3d4ccde5a81663ef81f30513a736d6ddd2da75fa3443056866916aef6fbcd7fa,Org1MSP,Func4,"[10009"",""1000900"",""10025"",""1002500""]""",Org1MSP Org2MSP ,VALID,, 10009 10025,,WT,124,12137,0
2022-04-07T17:24:41.298Z,5592be4f4ace979f76517d268f3aa6f5f8c4f63d8dc4832e0f9e8928430c6918,Org1MSP,Func4,"[11119"",""1111900"",""10006"",""1000600""]""",Org1MSP Org2MSP ,VALID,, 10006 11119,,WT,124,12145,0
2022-04-07T17:24:41.389Z,3eb7f92b3bb8139caf09b70b15103fed44c3ba30505556a46af22777bc256a83,Org1MSP,Func4,"[11675"",""1167500"",""10061"",""1006100""]""",Org1MSP Org2MSP ,VALID,, 10061 11675,,WT,124,12139,0
2022-04-07T17:24:41.389Z,46aa1f53d421284a6b911e1fcbbc2206d7027e6efa423b7be2252afcf69f7e87,Org1MSP,Func7,"[2691"",""100"",""681"",""100""]""",Org1MSP Org2MSP ,VALID, 2691 681, 2691 681,,UT,124,12142,0
2022-04-07T17:24:41.390Z,a4fb4acf08426bd98b91a717ba4865896e76ed750f7c902ea7f4e39cfe3a5845,Org1MSP,Func4,"[10008"",""1000800"",""10264"",""1026400""]""",Org1MSP Org2MSP ,VALID,, 10008 10264,,WT,124,12173,0
2022-04-07T17:24:41.390Z,f1d5ed99f3365ca23757c1e8e7dae4af84497c3b83d8dafd765ce44a499cea9f,Org1MSP,Func4,"[13795"",""1379500"",""11314"",""1131400""]""",Org1MSP Org2MSP ,VALID,, 11314 13795,,WT,124,12201,0
2022-04-07T17:24:41.392Z,3bd33e7f17e6c7962c3c9beac6645a7a1b00956fbd8f8476ac96ea5bd83c06b5,Org1MSP,Func1,"[9021"",""7""]""",Org1MSP Org2MSP ,VALID, 7 9021,,,RT,124,12208,0
2022-04-07T17:24:41.393Z,939854af85fa3bcbc66fa6a5bbb111028028e8a295d6b238fd81519993af65b0,Org1MSP,Func4,"[17762"",""1776200"",""10028"",""1002800""]""",Org1MSP Org2MSP ,VALID,, 10028 17762,,WT,124,12168,0
2022-04-07T17:24:41.394Z,8dc43788b41ce683b1c47dbc2f76825c5d2c0c4bb09622a6bac51c4328ffb197,Org1MSP,Func4,"[13022"",""1302200"",""10001"",""1000100""]""",Org1MSP Org2MSP ,VALID,, 10001 13022,,WT,124,12165,0
2022-04-07T17:24:41.396Z,db90d28fe1076182e2d88453d32c406a8d7af51509b051ad4a8cc0c3d5592d7d,Org1MSP,Func4,"[10666"",""1066600"",""10000"",""1000000""]""",Org1MSP Org2MSP ,VALID,, 10000 10666,,WT,124,12192,0
2022-04-07T17:24:41.399Z,05aea99e4bc5cfa0f57fd8e3107a362063d5cd704a06bb142bdc08ae0ee2a45f,Org1MSP,Func4,"[10012"",""1001200"",""10017"",""1001700""]""",Org1MSP Org2MSP ,VALID,, 10012 10017,,WT,124,12119,0
2022-04-07T17:24:41.489Z,63f7a713e9d5b266ffad1d3c181b2ccc1439e0106cb425a2117e52f3a94b4977,Org1MSP,Func1,"[68"",""65""]""",Org1MSP Org2MSP ,VALID, 65 68,,,RT,124,12151,0
2022-04-07T17:24:41.489Z,7b4c50c400bffcd52474e0e337e4905320ca6aea3636464c41705d4805cda6de,Org1MSP,Func4,"[10700"",""1070000"",""16221"",""1622100""]""",Org1MSP Org2MSP ,VALID,, 10700 16221,,WT,124,12159,0
2022-04-07T17:24:41.489Z,8cc494ad3c7d922d24a364d134a7a28135a04ca18a62dec605ad7bcb4fbbb485,Org1MSP,Func4,"[10001"",""1000100"",""10008"",""1000800""]""",Org1MSP Org2MSP ,VALID,, 10001 10008,,WT,124,12163,0
2022-04-07T17:24:41.490Z,001e1f2309458aa20bb20a499ea80f903169f3008fa0666cbb9dc6da65a0edb2,Org1MSP,Func4,"[10426"",""1042600"",""10010"",""1001000""]""",Org1MSP Org2MSP ,VALID,, 10010 10426,,WT,124,12116,0
2022-04-07T17:24:41.492Z,8a3bb00172c070f5102085f0cac43cc9d85bc635cfc037249d115b20fb4605ee,Org1MSP,Func4,"[10000"",""1000000"",""10007"",""1000700""]""",Org1MSP Org2MSP ,VALID,, 10000 10007,,WT,124,12162,0
2022-04-07T17:24:41.493Z,d736743c0d01fee3310fa8317e29255d42c894b6d4bc74460f43c6d3bf353e45,Org1MSP,Func1,"[698"",""1""]""",Org1MSP Org2MSP ,VALID, 1 698,,,RT,124,12211,0
2022-04-07T17:24:41.495Z,5eecb8c2d6f52ba0254d00cc4d49d8b33f96f7575c76881d41930e675d0684dd,Org1MSP,Func4,"[10015"",""1001500"",""10786"",""1078600""]""",Org1MSP Org2MSP ,VALID,, 10015 10786,,WT,124,12148,0
2022-04-07T17:24:41.496Z,7fcec01e094279cdd268b73b6a73837d54f408baa8124d640a9efa20af305774,Org1MSP,Func4,"[13729"",""1372900"",""10013"",""1001300""]""",Org1MSP Org2MSP ,VALID,, 10013 13729,,WT,124,12160,0
2022-04-07T17:24:41.497Z,8ffd33d44c6e7cf9a507bec638e78a697c744d53af74c6e9f8f82edde772a714,Org1MSP,Func4,"[14950"",""1495000"",""10001"",""1000100""]""",Org1MSP Org2MSP ,VALID,, 10001 14950,,WT,124,12166,0
2022-04-07T17:24:41.498Z,babb2cb123af0605196cd97a1a439c5e4bbfcae225f75683249192d467087935,Org1MSP,Func4,"[10052"",""1005200"",""10002"",""1000200""]""",Org1MSP Org2MSP ,VALID,, 10002 10052,,WT,124,12184,0
2022-04-07T17:24:41.588Z,5f87d51fd66be0f96ba227d179ddc17842e08a2122676ac6332453761520e199,Org1MSP,Func4,"[10133"",""1013300"",""10000"",""1000000""]""",Org1MSP Org2MSP ,VALID,, 10000 10133,,WT,124,12149,0
2022-04-07T17:24:41.589Z,e6435d19c147396e76cb6a31875cfc581437e79ce8b894dcea4e13514be9d971,Org1MSP,Func4,"[10023"",""1002300"",""10236"",""1023600""]""",Org1MSP Org2MSP ,VALID,, 10023 10236,,WT,124,12195,0
2022-04-07T17:24:41.589Z,fb9b263769cc49202679a3e5692ee3853e167a6bf254f2774c9523e5871aa913,Org1MSP,Func7,"[278"",""100"",""33"",""100""]""",Org1MSP Org2MSP ,VALID, 278 33, 278 33,,UT,124,12205,0
2022-04-07T17:24:41.592Z,bbbb286fccaf5034f7d83e7dc742c8a33a61c4ac5e76f24b184ae25e553e04c6,Org1MSP,Func1,"[1"",""7""]""",Org1MSP Org2MSP ,VALID, 1 7,,,RT,124,12212,0
2022-04-07T17:24:41.593Z,0f93c4d0fd0273c9bf32d998dbb7e4aae5a95f5c3a0d28021bec695ef9ebbf4c,Org1MSP,Func1,"[4085"",""6""]""",Org1MSP Org2MSP ,VALID, 4085 6,,,RT,124,12124,0
2022-04-07T17:24:41.593Z,a72701de05f8818ede97f63d199e60bd63ef18af1de0ecfa890b82543224b9e6,Org1MSP,Func4,"[10373"",""1037300"",""10074"",""1007400""]""",Org1MSP Org2MSP ,VALID,, 10074 10373,,WT,124,12174,0
2022-04-07T17:24:41.593Z,be01229766871e678fe43921229d841a8890d1bb68ae79badd7fbc02c9a72776,Org1MSP,Func1,"[2"",""7""]""",Org1MSP Org2MSP ,VALID, 2 7,,,RT,124,12209,0
2022-04-07T17:24:41.596Z,adcf8cebd4f19ba4b7952a19e66c9bbfc835c962102f9df4749f164c272c458d,Org1MSP,Func4,"[10037"",""1003700"",""10002"",""1000200""]""",Org1MSP Org2MSP ,VALID,, 10002 10037,,WT,124,12179,0
2022-04-07T17:24:41.597Z,5be70d7d53645212deaae37ccda19a73d6d46a3f1c8b4e2a6b7854289841d50f,Org1MSP,Func4,"[10004"",""1000400"",""10662"",""1066200""]""",Org1MSP Org2MSP ,VALID,, 10004 10662,,WT,124,12146,0
2022-04-07T17:24:41.604Z,c4d4e5fec3139f929dcb26012fc2b8f12a09bff87c436646766c6d6d91c3f986,Org1MSP,Func4,"[10024"",""1002400"",""10079"",""1007900""]""",Org1MSP Org2MSP ,VALID,, 10024 10079,,WT,124,12185,0
2022-04-07T17:24:41.689Z,088fa02c0735f40441d139aa11962e9ffc0f274106c4633da780f413852f228f,Org1MSP,Func4,"[10013"",""1001300"",""10660"",""1066000""]""",Org1MSP Org2MSP ,VALID,, 10013 10660,,WT,124,12121,0
2022-04-07T17:24:41.689Z,ed1accc3fe9069e2cc523d08b2dce6563f3a9dc3b6472eb453ba59fddfa0ba9c,Org1MSP,Func7,"[519"",""100"",""145"",""100""]""",Org1MSP Org2MSP ,VALID, 145 519, 145 519,,UT,124,12199,0
2022-04-07T17:24:41.689Z,fa351cdbf715a1e0f75f78059cf049a37f0485aac204f7623585b96af4cff4fa,Org1MSP,Func4,"[10000"",""1000000"",""10000"",""1000000""]""",Org1MSP Org2MSP ,VALID,, 10000,,WT,124,12204,0
2022-04-07T17:24:41.693Z,8d4a27163229ba55b78ef5407317221e8aad22949f53c29e6e7ee09fa8601ad9,Org1MSP,Func4,"[10120"",""1012000"",""10000"",""1000000""]""",Org1MSP Org2MSP ,VALID,, 10000 10120,,WT,124,12164,0
2022-04-07T17:24:41.693Z,ac544d6f5d73de936a61b141560c408bf086967d4dde44aaf63fb6818b295957,Org1MSP,Func4,"[10167"",""1016700"",""10025"",""1002500""]""",Org1MSP Org2MSP ,VALID,, 10025 10167,,WT,124,12178,0
2022-04-07T17:24:41.694Z,102f3e783c1b00c59f07b0017904e810768438ef4e476c7ee39b8149f053bd91,Org1MSP,Func1,"[4"",""14""]""",Org1MSP Org2MSP ,VALID, 14 4,,,RT,124,12125,0
2022-04-07T17:24:41.694Z,735b9ef5665a36bebc2461c9c8b999397cea48b649304c746165678548170543,Org1MSP,Func4,"[10015"",""1001500"",""10028"",""1002800""]""",Org1MSP Org2MSP ,VALID,, 10015 10028,,WT,124,12156,0
2022-04-07T17:24:41.696Z,6919c4c9433fbc10bae6e7ab526f864c4ce001cb191cf07600021f18c834771a,Org1MSP,Func1,"[332"",""495""]""",Org1MSP Org2MSP ,VALID, 332 495,,,RT,124,12153,0
2022-04-07T17:24:41.697Z,02aa3208a92019cb78d8f287bf932a13cf6aee943562ca748469756db2c98f52,Org1MSP,Func4,"[10000"",""1000000"",""10000"",""1000000""]""",Org1MSP Org2MSP ,VALID,, 10000,,WT,124,12117,0
2022-04-07T17:24:41.698Z,30fea4f598c6d2dc2a4a251175074f6b0c55cf29c6794f837408556284680a55,Org1MSP,Func4,"[10145"",""1014500"",""10002"",""1000200""]""",Org1MSP Org2MSP ,VALID,, 10002 10145,,WT,124,12134,0
2022-04-07T17:24:41.789Z,25158bb69bc4c1d28dc5f0505b8d13740e27b5b5a4f216ef25eb00902d8f5529,Org1MSP,Func4,"[10009"",""1000900"",""10000"",""1000000""]""",Org1MSP Org2MSP ,VALID,, 10000 10009,,WT,124,12130,0
2022-04-07T17:24:41.789Z,d7953443d0b484d65a715d71d3e96bd9e9f1633c956cfa42e6e6bf70dcfff760,Org1MSP,Func4,"[10992"",""1099200"",""14980"",""1498000""]""",Org1MSP Org2MSP ,VALID,, 10992 14980,,WT,124,12189,0
2022-04-07T17:24:41.790Z,a9036a80a4eedf6d4597c2e1c789fa51b23520667f54cfe7fc0a66675be916c7,Org1MSP,Func7,"[37"",""100"",""8942"",""100""]""",Org1MSP Org2MSP ,VALID, 37 8942, 37 8942,,UT,124,12210,0
2022-04-07T17:24:41.792Z,26d2f9d6e05929915448777b1432200268688c5f145ceb71efb4c6ec11a804fb,Org1MSP,Func7,"[16"",""100"",""157"",""100""]""",Org1MSP Org2MSP ,VALID, 157 16, 157 16,,UT,124,12132,0
2022-04-07T17:24:41.792Z,9cea22f2ef2bc5a2bd60433980629469924d1b7c19359c5a43a31db6a1d6ce92,Org1MSP,Func1,"[248"",""5""]""",Org1MSP Org2MSP ,VALID, 248 5,,,RT,124,12171,0
2022-04-07T17:24:41.794Z,226c9909c6b40d9679e71472a741cbca72797be6e641531d52c4290d1f8cdf22,Org1MSP,Func4,"[10086"",""1008600"",""10983"",""1098300""]""",Org1MSP Org2MSP ,VALID,, 10086 10983,,WT,124,12128,0
2022-04-07T17:24:41.796Z,7b4716ca9bd5c220010bcfd6db9195a33a79881755237ceb061fb2340f718b21,Org1MSP,Func4,"[10019"",""1001900"",""11365"",""1136500""]""",Org1MSP Org2MSP ,VALID,, 10019 11365,,WT,124,12158,0
2022-04-07T17:24:41.797Z,62e8065e5555e1bce693c9a2abc38d550c5ce8ff60052d7eab025fe5eed4cac1,Org1MSP,Func4,"[15357"",""1535700"",""10000"",""1000000""]""",Org1MSP Org2MSP ,VALID,, 10000 15357,,WT,124,12150,0
2022-04-07T17:24:41.798Z,08d908ef1fe561f8381c277f2d658ae3201cc92ae9efd23a350b79f26b44d9a2,Org1MSP,Func4,"[16915"",""1691500"",""16646"",""1664600""]""",Org1MSP Org2MSP ,VALID,, 16646 16915,,WT,124,12122,0
2022-04-07T17:24:41.798Z,ddc3d57e3893b5eb68af26be64f4663dd194f429aa8209699a4c252bc827e6e0,Org1MSP,Func4,"[10974"",""1097400"",""19945"",""1994500""]""",Org1MSP Org2MSP ,VALID,, 10974 19945,,WT,124,12193,0
2022-04-07T17:24:41.889Z,ec4d2e8bba2714766cb7fb951d57fbb8962b4ec1dbcd62895e3807c000db6ebc,Org1MSP,Func4,"[10943"",""1094300"",""10108"",""1010800""]""",Org1MSP Org2MSP ,VALID,, 10108 10943,,WT,124,12197,0
2022-04-07T17:24:41.889Z,493a221eb019f8d3dcb2ab58b33b7e0444b8d5710f70ee36e4ddb3ddd46d0681,Org1MSP,Func7,"[2"",""100"",""121"",""100""]""",Org1MSP Org2MSP ,VALID, 121 2, 121 2,,UT,125,12303,0
2022-04-07T17:24:41.890Z,263dfbebff68798025facb29df1730317060f5a29818b824623c22eba792c54f,Org1MSP,Func4,"[10053"",""1005300"",""10020"",""1002000""]""",Org1MSP Org2MSP ,VALID,, 10020 10053,,WT,124,12131,0
2022-04-07T17:24:41.892Z,ef832e577831ff58c40fbb816f1cefbb76fa08f30affdd50e06a4d3891ff1891,Org1MSP,Func1,"[361"",""2104""]""",Org1MSP Org2MSP ,VALID, 2104 361,,,RT,124,12200,0
2022-04-07T17:24:41.892Z,b84b1423d59088153c19b7feeae2ca94ffc06dfd512accfa662c25ce6a4cd23e,Org1MSP,Func1,"[5"",""4""]""",Org1MSP Org2MSP ,VALID, 4 5,,,RT,125,12285,0
2022-04-07T17:24:41.893Z,a9932796d93be46467f15a7ff4b04c78926836ddc74878ab4768987cc1f1967c,Org1MSP,Func4,"[12037"",""1203700"",""10007"",""1000700""]""",Org1MSP Org2MSP ,VALID,, 10007 12037,,WT,125,12277,0
2022-04-07T17:24:41.894Z,2aa8c6c0be481638807184c8f705832afed447a61baa2d98345e131408d28b9b,Org1MSP,Func1,"[132"",""1357""]""",Org1MSP Org2MSP ,VALID, 132 1357,,,RT,125,12228,0
2022-04-07T17:24:41.896Z,2cb1b2eddfae286940cd6b57550b2991dd2f5bf354c6f3850b8bf53214e0cbeb,Org1MSP,Func4,"[17734"",""1773400"",""11750"",""1175000""]""",Org1MSP Org2MSP ,VALID,, 11750 17734,,WT,125,12229,0
2022-04-07T17:24:41.898Z,29a22f813bbdc90c44466e1835e8b35be6bc6d17b5fe54fd643de50fe1c02b74,Org1MSP,Func1,"[9009"",""378""]""",Org1MSP Org2MSP ,VALID, 378 9009,,,RT,125,12225,0
2022-04-07T17:24:41.898Z,bfe583a7743608bac4ce14bf5820805ef040f51b7ed8d0ad56a6dbf64be85c88,Org1MSP,Func7,"[1968"",""100"",""1"",""100""]""",Org1MSP Org2MSP ,VALID, 1 1968, 1 1968,,UT,125,12305,0
2022-04-07T17:24:41.989Z,cac3ce2ace04c2f9e856495f3763b70366e878e0e6f24e647d7cbdac53009ffc,Org1MSP,Func4,"[10000"",""1000000"",""10015"",""1001500""]""",Org1MSP Org2MSP ,VALID,, 10000 10015,,WT,125,12291,0
2022-04-07T17:24:41.989Z,ebed6472278fcd1c0baf6fe9c4d15e81194f821204c54d135aa744c27020b57f,Org1MSP,Func4,"[10002"",""1000200"",""10001"",""1000100""]""",Org1MSP Org2MSP ,VALID,, 10001 10002,,WT,125,12299,0
2022-04-07T17:24:41.990Z,f9406a119df52d53138832e1205d7956bbdbf29fed3214c9e68299acef7e085b,Org1MSP,Func7,"[4"",""100"",""9"",""100""]""",Org1MSP Org2MSP ,VALID, 4 9, 4 9,,UT,125,12307,0
2022-04-07T17:24:41.991Z,6546f107f232016ebb23faa43d3fa908345f86a41677da673e4e3b2f39bdbc03,Org1MSP,Func4,"[10408"",""1040800"",""19037"",""1903700""]""",Org1MSP Org2MSP ,VALID,, 10408 19037,,WT,125,12241,0
2022-04-07T17:24:41.992Z,1c0e4e81607671dc90c24858aed47aa827b7aa673cc73dfe6be8d13c9796d047,Org1MSP,Func7,"[436"",""100"",""79"",""100""]""",Org1MSP Org2MSP ,VALID, 436 79, 436 79,,UT,125,12220,0
2022-04-07T17:24:41.993Z,57358cc498cd328c50828c26c8fb73d13f20547ceca25a63918c91d68c0979c7,Org1MSP,Func4,"[10241"",""1024100"",""10040"",""1004000""]""",Org1MSP Org2MSP ,VALID,, 10040 10241,,WT,125,12240,0
2022-04-07T17:24:41.996Z,ad4213b8ea5d1ae5b3e8e943a5e7a07dd45a8a31a3148ef7db93f19f8f44e412,Org1MSP,Func4,"[10000"",""1000000"",""10278"",""1027800""]""",Org1MSP Org2MSP ,VALID,, 10000 10278,,WT,125,12278,0
2022-04-07T17:24:41.998Z,0559afa787d27d9395a2950514593dae0e82223a6cd2ac2fb127dff3d9b05220,Org1MSP,Func7,"[349"",""100"",""118"",""100""]""",Org1MSP Org2MSP ,VALID, 118 349, 118 349,,UT,125,12214,0
2022-04-07T17:24:41.999Z,e2b4f3ca02fb4999f8762a12a69638be45e06b7943f238ffc8782906d6db2342,Org1MSP,Func4,"[10008"",""1000800"",""12318"",""1231800""]""",Org1MSP Org2MSP ,VALID,, 10008 12318,,WT,125,12295,0
2022-04-07T17:24:42.089Z,80cd00afa811ee643e5916ae75e97c86528316ed4539ceba36967c2660bfd7a0,Org1MSP,Func4,"[11459"",""1145900"",""11492"",""1149200""]""",Org1MSP Org2MSP ,VALID,, 11459 11492,,WT,125,12255,0
2022-04-07T17:24:42.090Z,7c06e488d0f873d87ca188f9759a39d98e38074be0bea57260897ba38762ed65,Org1MSP,Func7,"[4731"",""100"",""46"",""100""]""",Org1MSP Org2MSP ,VALID, 46 4731, 46 4731,,UT,125,12254,0
2022-04-07T17:24:42.091Z,65ae029a92329be0a31c11480f7970e6ab3302e3cdbd7bb6afd81e4d67e09011,Org1MSP,Func4,"[10782"",""1078200"",""16183"",""1618300""]""",Org1MSP Org2MSP ,VALID,, 10782 16183,,WT,125,12242,0
2022-04-07T17:24:42.091Z,67a9f5deaa266ee6a0a02aec48775062c76b691c8641787094ba2b786e7be2f5,Org1MSP,Func4,"[10310"",""1031000"",""10048"",""1004800""]""",Org1MSP Org2MSP ,VALID,, 10048 10310,,WT,125,12244,0
2022-04-07T17:24:42.092Z,e919e434e369f96179e4829aaccd686a8b4b0fc1cf96c9d709e9b50bef7dded5,Org1MSP,Func4,"[10009"",""1000900"",""10023"",""1002300""]""",Org1MSP Org2MSP ,VALID,, 10009 10023,,WT,125,12298,0
2022-04-07T17:24:42.093Z,0bae49c1755e7001fd42b86e0d6b8a1a71ea4b5b4684caa49aa280281a7c860c,Org1MSP,Func4,"[10251"",""1025100"",""10009"",""1000900""]""",Org1MSP Org2MSP ,VALID,, 10009 10251,,WT,125,12215,0
2022-04-07T17:24:42.094Z,a089f0f02070bfffd76004b811aa69323b99412c68b6cf14432c0ffa0b14fa70,Org1MSP,Func4,"[10016"",""1001600"",""15281"",""1528100""]""",Org1MSP Org2MSP ,VALID,, 10016 15281,,WT,125,12270,0
2022-04-07T17:24:42.096Z,cfb64f94bb7bf88fe9fdd368285db59451257a60f5413f7746fb0cc776b4e984,Org1MSP,Func4,"[13481"",""1348100"",""10127"",""1012700""]""",Org1MSP Org2MSP ,VALID,, 10127 13481,,WT,125,12293,0
2022-04-07T17:24:42.098Z,2a8dac427ac84dc0095c822dc786bc84ae41dd211c110832a3552ea41ab20f71,Org1MSP,Func4,"[10033"",""1003300"",""10210"",""1021000""]""",Org1MSP Org2MSP ,VALID,, 10033 10210,,WT,125,12227,0
2022-04-07T17:24:42.099Z,8f9ac4e75c0e1d1f029edbe139cd418c4a1b32266b4cda465c03e3d22bf26c62,Org1MSP,Func1,"[7"",""187""]""",Org1MSP Org2MSP ,VALID, 187 7,,,RT,125,12260,0
2022-04-07T17:24:42.190Z,7367b3145e3e127deba21c8b459b537d6ba2a43a7eb632512d3c1861297dcc70,Org1MSP,Func4,"[10003"",""1000300"",""10009"",""1000900""]""",Org1MSP Org2MSP ,VALID,, 10003 10009,,WT,125,12249,0
2022-04-07T17:24:42.190Z,c89b0ba2b654da8ff6df6b8e8943f6ff4cd85e3f2bb01fa3c6813effbdb75615,Org1MSP,Func4,"[10115"",""1011500"",""10055"",""1005500""]""",Org1MSP Org2MSP ,VALID,, 10055 10115,,WT,125,12289,0
2022-04-07T17:24:42.192Z,965f28921d55fa995dbf943514d972947a7845c60adeac73cac829bbed65faec,Org1MSP,Func4,"[12392"",""1239200"",""10018"",""1001800""]""",Org1MSP Org2MSP ,VALID,, 10018 12392,,WT,125,12266,0
2022-04-07T17:24:42.193Z,ad661d82650e5965487c6783f176610001ed1a621f6916d1970494c586463268,Org1MSP,Func4,"[10001"",""1000100"",""10009"",""1000900""]""",Org1MSP Org2MSP ,VALID,, 10001 10009,,WT,125,12279,0
2022-04-07T17:24:42.193Z,b36cb3d8b65ef68e1d484e2a6901c2fb95d4e23875fed1f4b375150bfb7ee570,Org1MSP,Func4,"[10001"",""1000100"",""10000"",""1000000""]""",Org1MSP Org2MSP ,VALID,, 10000 10001,,WT,125,12281,0
2022-04-07T17:24:42.196Z,7269dabea261cf207cc518c52e332b4340228be3c1c7bdad74cd2610e4fe1b0a,Org1MSP,Func4,"[17834"",""1783400"",""10000"",""1000000""]""",Org1MSP Org2MSP ,VALID,, 10000 17834,,WT,125,12247,0
2022-04-07T17:24:42.198Z,1f2d2c8318a0da5ddc34b8b60c238118df09efe1ab4c19181f3e73a276c8e7a2,Org1MSP,Func4,"[11591"",""1159100"",""10093"",""1009300""]""",Org1MSP Org2MSP ,VALID,, 10093 11591,,WT,125,12221,0
2022-04-07T17:24:42.200Z,4c0212eb51dc710aae22da5038e275eec2ec8fe360ba51503877b15337cdd4b8,Org1MSP,Func1,"[99"",""10""]""",Org1MSP Org2MSP ,VALID, 10 99,,,RT,125,12236,0
2022-04-07T17:24:42.289Z,8baa916a3f02cd158acc5a8eb0fd488ad12b66c1684b7a70f42ba3e7f7a63880,Org1MSP,Func7,"[3723"",""100"",""164"",""100""]""",Org1MSP Org2MSP ,VALID, 164 3723, 164 3723,,UT,125,12258,0
2022-04-07T17:24:42.290Z,97ded8adc0da1ded0403f4dee9905bd3b897796465e9e3b4504ff3a0a9379bac,Org1MSP,Func1,"[3"",""4""]""",Org1MSP Org2MSP ,VALID, 3 4,,,RT,125,12268,0
2022-04-07T17:24:42.291Z,72cf27376ab6970f7fa1e10d2d37a4ed2e66b3a0203aa4fec0621cf93a81af4b,Org1MSP,Func4,"[10005"",""1000500"",""10046"",""1004600""]""",Org1MSP Org2MSP ,VALID,, 10005 10046,,WT,125,12248,0
2022-04-07T17:24:42.293Z,a9678bafb4018700c6eb87454808abaac495e463a8d8ae2ea806ea58f5284db6,Org1MSP,Func4,"[10000"",""1000000"",""10100"",""1010000""]""",Org1MSP Org2MSP ,VALID,, 10000 10100,,WT,125,12276,0
2022-04-07T17:24:42.294Z,6cd9aed986949b12c7b4aa8ede82c31961b9208e07208b701193ba06d01c3d66,Org1MSP,Func4,"[10000"",""1000000"",""10035"",""1003500""]""",Org1MSP Org2MSP ,VALID,, 10000 10035,,WT,125,12246,0
2022-04-07T17:24:42.296Z,78db1ec038e77f87964f1bd064c024e69770526c543093dbd0d65ec0ea05376c,Org1MSP,Func4,"[11370"",""1137000"",""10000"",""1000000""]""",Org1MSP Org2MSP ,VALID,, 10000 11370,,WT,125,12251,0
2022-04-07T17:24:42.297Z,518dccfdc665a422109b7701576f2599b2de563a6797c1419753ae78dc635307,Org1MSP,Func4,"[11500"",""1150000"",""11199"",""1119900""]""",Org1MSP Org2MSP ,VALID,, 11199 11500,,WT,125,12238,0
2022-04-07T17:24:42.299Z,00f65a15a2146412294cb2f6e590afab6e9e920a719cfe3b47eb251e7bc7f6bf,Org1MSP,Func7,"[3"",""100"",""12"",""100""]""",Org1MSP Org2MSP ,VALID, 12 3, 12 3,,UT,125,12304,0
2022-04-07T17:24:42.388Z,96c4be0593341dbd76c73058560bec4664eeacb85411dffc7952fc5edaf615df,Org1MSP,Func1,"[48"",""503""]""",Org1MSP Org2MSP ,VALID, 48 503,,,RT,125,12267,0
2022-04-07T17:24:42.388Z,b0e2257da3495b97d782121ff4e6097b48233dc4e38f9a7d288fff984a13818d,Org1MSP,Func4,"[10465"",""1046500"",""10008"",""1000800""]""",Org1MSP Org2MSP ,VALID,, 10008 10465,,WT,125,12280,0
2022-04-07T17:24:42.390Z,048b1d54cf7cb85ba36947f9989377c145b1edee06eb142336f78437e9e4561d,Org1MSP,Func4,"[12358"",""1235800"",""10023"",""1002300""]""",Org1MSP Org2MSP ,VALID,, 10023 12358,,WT,125,12213,0
2022-04-07T17:24:42.390Z,a29023a80dfaf17b3c6041f8a32db7156b7a92db225e5b098a02944e379ff40a,Org1MSP,Func4,"[12778"",""1277800"",""10000"",""1000000""]""",Org1MSP Org2MSP ,VALID,, 10000 12778,,WT,125,12272,0
2022-04-07T17:24:42.394Z,6b9a5e3e48073a8d0ceb16499631890f35e35befdeed410b40eccaabd41d4a1b,Org1MSP,Func7,"[6776"",""100"",""4662"",""100""]""",Org1MSP Org2MSP ,VALID, 4662 6776, 4662 6776,,UT,125,12245,0
2022-04-07T17:24:42.397Z,3d07972d70b160d27045418b8833468f5ad876c2f7480f0ba2841a3929cd52d2,Org1MSP,Func7,"[53"",""100"",""13"",""100""]""",Org1MSP Org2MSP ,VALID, 13 53, 13 53,,UT,125,12231,0
2022-04-07T17:24:42.397Z,86f76e04e26f218336a2deb8486e94881753310a2ee552e54d2ee3b36af3e23a,Org1MSP,Func4,"[10346"",""1034600"",""10001"",""1000100""]""",Org1MSP Org2MSP ,VALID,, 10001 10346,,WT,125,12256,0
2022-04-07T17:24:42.400Z,7b7b6961e9169947204f67ad48cd33872c2d1a620219164f88a4ba8e71035ac9,Org1MSP,Func1,"[3"",""2""]""",Org1MSP Org2MSP ,VALID, 2 3,,,RT,125,12253,0
2022-04-07T17:24:42.400Z,bd386eed90769b1d9ee0b40f598b91f193618156b0abcb7afec43c5cd2ad832a,Org1MSP,Func7,"[62"",""100"",""1021"",""100""]""",Org1MSP Org2MSP ,VALID, 1021 62, 1021 62,,UT,125,12286,0
2022-04-07T17:24:42.403Z,9b72c33cea189d64d5df0d8144a5700d5ecf96fed1449594dfcd7c96dce00497,Org1MSP,Func4,"[10003"",""1000300"",""10012"",""1001200""]""",Org1MSP Org2MSP ,VALID,, 10003 10012,,WT,125,12269,0
2022-04-07T17:24:42.490Z,a37b0bed8d25ba03e13fde027e6f49b59b1d445fe584c7ca80afb4582daf2806,Org1MSP,Func1,"[24"",""1""]""",Org1MSP Org2MSP ,VALID, 1 24,,,RT,125,12273,0
2022-04-07T17:24:42.491Z,b6e319a9559944cd84016d2e78c67f0ab244e10df5334b7b2862874d8d043e28,Org1MSP,Func7,"[4263"",""100"",""8"",""100""]""",Org1MSP Org2MSP ,VALID, 4263 8, 4263 8,,UT,125,12283,0
2022-04-07T17:24:42.494Z,229b8a87d9de21cbdddf2649d70a72daf96f05cc337070da37213beab1a37e10,Org1MSP,Func7,"[449"",""100"",""347"",""100""]""",Org1MSP Org2MSP ,VALID, 347 449, 347 449,,UT,125,12223,0
2022-04-07T17:24:42.495Z,f623be99058a0f2d619166e4b90b2a0e26817d78a31b69ed3cc59be323ef197b,Org1MSP,Func4,"[19024"",""1902400"",""12222"",""1222200""]""",Org1MSP Org2MSP ,VALID,, 12222 19024,,WT,125,12301,0
2022-04-07T17:24:42.498Z,23c4d5f8c7dbcee107817a84b137500a4752eb0dac3b1480d31517b7d78fee40,Org1MSP,Func7,"[93"",""100"",""123"",""100""]""",Org1MSP Org2MSP ,VALID, 123 93, 123 93,,UT,125,12224,0
2022-04-07T17:24:42.498Z,2f86c009849b79aadaf68c4502633ee4c1a7d90fa65d26923a9a87ab63af92b2,Org1MSP,Func7,"[6"",""100"",""23"",""100""]""",Org1MSP Org2MSP ,VALID, 23 6, 23 6,,UT,125,12230,0
2022-04-07T17:24:42.499Z,ce671e039882c6bd9e082d2df5846a300b45ad273238ab74b823640f75c63dbd,Org1MSP,Func4,"[18269"",""1826900"",""10655"",""1065500""]""",Org1MSP Org2MSP ,VALID,, 10655 18269,,WT,125,12292,0
2022-04-07T17:24:42.590Z,a89ed2dbd0815f2cfb53726ae3df5718e89632b0cc14e0d11e1e2c3dce641452,Org1MSP,Func4,"[12497"",""1249700"",""10168"",""1016800""]""",Org1MSP Org2MSP ,VALID,, 10168 12497,,WT,125,12275,0
2022-04-07T17:24:42.591Z,ca657405a2e8f18d2768af41d1d794dbce4c0648f58639b5d0b44a019334c397,Org1MSP,Func1,"[7"",""5348""]""",Org1MSP Org2MSP ,VALID, 5348 7,,,RT,125,12290,0
2022-04-07T17:24:42.591Z,f063787b41884b3485d2f83b826d9de9df741ada77130edc0c7852c3ff8adbd7,Org1MSP,Func4,"[10458"",""1045800"",""10004"",""1000400""]""",Org1MSP Org2MSP ,VALID,, 10004 10458,,WT,125,12300,0
2022-04-07T17:24:42.591Z,914beee1bf07a7ac102223d256bf1e739b3c012c9754d1894f568d532c60a9f6,Org1MSP,Func1,"[5"",""170""]""",Org1MSP Org2MSP ,VALID, 170 5,,,RT,125,12308,0
2022-04-07T17:24:42.592Z,92cd294c5630e32b8e4dac7f67975a301d74927030a775e4c2f2a55a118eb71d,Org1MSP,Func4,"[10691"",""1069100"",""10003"",""1000300""]""",Org1MSP Org2MSP ,VALID,, 10003 10691,,WT,125,12264,0
2022-04-07T17:24:42.594Z,b591dfc12dde3169a1f74dc71cdc787222985e3383e3e8ca0e3d653cccd811bc,Org1MSP,Func4,"[10003"",""1000300"",""16964"",""1696400""]""",Org1MSP Org2MSP ,VALID,, 10003 16964,,WT,125,12282,0
2022-04-07T17:24:42.595Z,8f965e2a24bbbc9b1a9369f561da1c556c2c15a0e68d8414f2fec161c1bfefe5,Org1MSP,Func1,"[174"",""1022""]""",Org1MSP Org2MSP ,VALID, 1022 174,,,RT,125,12259,0
2022-04-07T17:24:42.596Z,3d377c11edd24f8f25ddb9e8ee380dedc3335742fca405c6d0160041f7c7c4ee,Org1MSP,Func4,"[10005"",""1000500"",""12048"",""1204800""]""",Org1MSP Org2MSP ,VALID,, 10005 12048,,WT,125,12232,0
2022-04-07T17:24:42.598Z,5406a4a809c85a60c473970aa940ff6d663b4945b163f13cdd926422196c5b2f,Org1MSP,Func4,"[10001"",""1000100"",""10016"",""1001600""]""",Org1MSP Org2MSP ,VALID,, 10001 10016,,WT,125,12239,0
2022-04-07T17:24:42.690Z,923b51e36371d514c0a4301855638f4d49e9a50af5e7d6cb7fcc2f29ea4748f7,Org1MSP,Func4,"[10823"",""1082300"",""10195"",""1019500""]""",Org1MSP Org2MSP ,VALID,, 10195 10823,,WT,125,12263,0
2022-04-07T17:24:42.690Z,a0c2c5f6ad52fd591504e0946396b94a519449247dee99e0e8c739e008710af3,Org1MSP,Func4,"[11283"",""1128300"",""11058"",""1105800""]""",Org1MSP Org2MSP ,VALID,, 11058 11283,,WT,125,12271,0
2022-04-07T17:24:42.691Z,4126767a19dc59dfa63a405a5ef95e942440496e1e702e4dd48a237913e91eb3,Org1MSP,Func4,"[11240"",""1124000"",""10033"",""1003300""]""",Org1MSP Org2MSP ,VALID,, 10033 11240,,WT,125,12234,0
2022-04-07T17:24:42.692Z,bfa91af336fe344398d525fd9c02044ce0680d22b0aac54a3426ec2ea02d9b7a,Org1MSP,Func7,"[205"",""100"",""641"",""100""]""",Org1MSP Org2MSP ,VALID, 205 641, 205 641,,UT,125,12288,0
2022-04-07T17:24:42.693Z,1031a163e0a5aac4ae896de361f65e57afac59360e4ba9ce662a829ba9b383a0,Org1MSP,Func4,"[10003"",""1000300"",""10023"",""1002300""]""",Org1MSP Org2MSP ,VALID,, 10003 10023,,WT,125,12217,0
2022-04-07T17:24:42.694Z,4dab2cb8dc8aec19c37b6a125dea3a8683e5f33f9c28eb785e21a9fd0cceba50,Org1MSP,Func1,"[9463"",""1""]""",Org1MSP Org2MSP ,VALID, 1 9463,,,RT,125,12237,0
2022-04-07T17:24:42.697Z,3ea7188aea45a4211ce4137b4476520cf2de8275d9c00ef63f91c6efe342ff53,Org1MSP,Func4,"[10029"",""1002900"",""10000"",""1000000""]""",Org1MSP Org2MSP ,VALID,, 10000 10029,,WT,125,12233,0
2022-04-07T17:24:42.697Z,fdbd80a9560630bcf76aec7f6d3be0ff0dac2be7ab2d89d2932be5b93a3dfe18,Org1MSP,Func7,"[17"",""100"",""7101"",""100""]""",Org1MSP Org2MSP ,VALID, 17 7101, 17 7101,,UT,125,12302,0
2022-04-07T17:24:42.699Z,de86052749725cdabb274409fab7fe737deb24da5569e4a95d691744f5653db7,Org1MSP,Func4,"[16628"",""1662800"",""10155"",""1015500""]""",Org1MSP Org2MSP ,VALID,, 10155 16628,,WT,125,12294,0
2022-04-07T17:24:42.789Z,479d2e47affa632f3dfffe8ffd10d83fefae4cd2553474e5692d8eddbe7cce32,Org1MSP,Func7,"[750"",""100"",""4072"",""100""]""",Org1MSP Org2MSP ,VALID, 4072 750, 4072 750,,UT,125,12235,0
2022-04-07T17:24:42.792Z,a3942b87a2a8b55b44dcd27a3d5aba206d4b095f20a0b357b608f766e1f3183a,Org1MSP,Func4,"[10187"",""1018700"",""10135"",""1013500""]""",Org1MSP Org2MSP ,VALID,, 10135 10187,,WT,125,12274,0
2022-04-07T17:24:42.793Z,12a350e4bfef9e87377f9951b10bf4e89f540662be73010dd70822e31cb38675,Org1MSP,Func1,"[36"",""2""]""",Org1MSP Org2MSP ,VALID, 2 36,,,RT,125,12218,0
2022-04-07T17:24:42.793Z,1d9d2249738ee850094a331b910151e6982f55743de2dc012b5b133480b91db5,Org1MSP,Func7,"[1999"",""100"",""24"",""100""]""",Org1MSP Org2MSP ,VALID, 1999 24, 1999 24,,UT,125,12306,0
2022-04-07T17:24:42.795Z,671e1821561f07924a36def6ed1d260d7015c6f6e0e2ac7980e275bd3e3a4b67,Org1MSP,Func4,"[10020"",""1002000"",""19710"",""1971000""]""",Org1MSP Org2MSP ,VALID,, 10020 19710,,WT,125,12243,0
2022-04-07T17:24:42.796Z,22399c364a68e1b37a835feb9db8420cda78ff261d2e7817bf43c37589fda311,Org1MSP,Func4,"[10005"",""1000500"",""10080"",""1008000""]""",Org1MSP Org2MSP ,VALID,, 10005 10080,,WT,125,12222,0
2022-04-07T17:24:42.797Z,8a18fa8b27a2de9252c464ac93f660202c8f501fb714f62e8696b8653dc7d4e9,Org1MSP,Func4,"[10001"",""1000100"",""10004"",""1000400""]""",Org1MSP Org2MSP ,VALID,, 10001 10004,,WT,125,12257,0
2022-04-07T17:24:42.799Z,be73c440d0c51440e60e0a53da47c5ea7de47aaee802a076752c4a36f1d49475,Org1MSP,Func4,"[12051"",""1205100"",""10000"",""1000000""]""",Org1MSP Org2MSP ,VALID,, 10000 12051,,WT,125,12287,0
2022-04-07T17:24:42.806Z,0d83060e1580e08f840ebc7f1dd7afb97ac18cac1d5ff9b85e0c378fd37fa267,Org1MSP,Func4,"[10002"",""1000200"",""10003"",""1000300""]""",Org1MSP Org2MSP ,VALID,, 10002 10003,,WT,125,12216,0
2022-04-07T17:24:42.890Z,8fd2648959cb19a3533b5bd9c439973fd69187720365ede105982a5d1ccab7e3,Org1MSP,Func4,"[10000"",""1000000"",""10532"",""1053200""]""",Org1MSP Org2MSP ,VALID,, 10000 10532,,WT,125,12261,0
2022-04-07T17:24:42.890Z,91b2c14a61f7e4d66294c257611df7a8d1327e605154b65dd064c4041bab6e0d,Org1MSP,Func4,"[10006"",""1000600"",""10045"",""1004500""]""",Org1MSP Org2MSP ,VALID,, 10006 10045,,WT,125,12262,0
2022-04-07T17:24:42.890Z,b7ef5f23e77e43aca46e00e26aa927286c0b8ec1af1cd728cb8af7ef891e901b,Org1MSP,Func4,"[10141"",""1014100"",""19490"",""1949000""]""",Org1MSP Org2MSP ,VALID,, 10141 19490,,WT,125,12284,0
2022-04-07T17:24:42.892Z,9574da31d18439abfc26388f7c6d425aac1c133a96a9b1baef7cedd208a501ec,Org1MSP,Func1,"[1240"",""4""]""",Org1MSP Org2MSP ,VALID, 1240 4,,,RT,125,12265,0
2022-04-07T17:24:42.892Z,e3de0b392ca3f7801755719f2d0ca3e59dbbf8149ccb7faf9cd1b17224bbd5a5,Org1MSP,Func4,"[10536"",""1053600"",""10145"",""1014500""]""",Org1MSP Org2MSP ,VALID,, 10145 10536,,WT,125,12297,0
2022-04-07T17:24:42.895Z,29b7eba67c6a9c8ba01fbd1ecaf0211ab50c7e3890e29b1cae404cf5488a8015,Org1MSP,Func4,"[10332"",""1033200"",""15127"",""1512700""]""",Org1MSP Org2MSP ,VALID,, 10332 15127,,WT,125,12226,0
2022-04-07T17:24:42.895Z,757d2a2efdce7e5995792efb0a197b6675ea40c791a701a3955c4be8c231f4db,Org1MSP,Func4,"[10348"",""1034800"",""10010"",""1001000""]""",Org1MSP Org2MSP ,VALID,, 10010 10348,,WT,125,12250,0
2022-04-07T17:24:42.896Z,19e1ed95d2892222919db6430d99c6a82c1da7d116a730b02edccdf9529352fa,Org1MSP,Func4,"[10007"",""1000700"",""10009"",""1000900""]""",Org1MSP Org2MSP ,VALID,, 10007 10009,,WT,125,12219,0
2022-04-07T17:24:42.897Z,e31a5da1fae32cecf0a74d345006753291645e1c83973bc9ffe1937450440f6a,Org1MSP,Func1,"[3811"",""8365""]""",Org1MSP Org2MSP ,VALID, 3811 8365,,,RT,125,12296,0
2022-04-07T17:24:42.898Z,7a10b28adfa6424b0702e13a7db3732ab974bfddf958464dc7ae79c83f133acc,Org1MSP,Func4,"[11122"",""1112200"",""10246"",""1024600""]""",Org1MSP Org2MSP ,VALID,, 10246 11122,,WT,125,12252,0
2022-04-07T17:24:42.989Z,eefdf652d035f43994b6e9a4f97cc7fe72cc16ed9886f14b5b65c80e0675ebd2,Org1MSP,Func4,"[10000"",""1000000"",""10043"",""1004300""]""",Org1MSP Org2MSP ,VALID,, 10000 10043,,WT,126,12388,0
2022-04-07T17:24:42.990Z,1abec8e0c5d65b71e5d0e19976fb3c174887a33a8054e4e7a55bb359c4852d2f,Org1MSP,Func4,"[14794"",""1479400"",""10314"",""1031400""]""",Org1MSP Org2MSP ,VALID,, 10314 14794,,WT,126,12316,0
2022-04-07T17:24:42.990Z,c7028392446ece51d4aab40cd17edf502d8bbbf7492654addb5d109559c97dd2,Org1MSP,Func1,"[65"",""408""]""",Org1MSP Org2MSP ,VALID, 408 65,,,RT,126,12373,0
2022-04-07T17:24:42.991Z,d51350eff1ddd702977c3b6d88cf772e75c2ac2d2375340056a90cbcf46d0280,Org1MSP,Func4,"[10007"",""1000700"",""11428"",""1142800""]""",Org1MSP Org2MSP ,VALID,, 10007 11428,,WT,126,12382,0
2022-04-07T17:24:42.992Z,bf953826ca2ab5fc456112812d051c5dcb80f74f27c88adb409c621d832e7b04,Org1MSP,Func4,"[10082"",""1008200"",""10017"",""1001700""]""",Org1MSP Org2MSP ,VALID,, 10017 10082,,WT,126,12368,0
2022-04-07T17:24:42.992Z,cf61521a23fa34ccf3973306837d022bf7b031dd9e9a2f6f1d19842b1b146d68,Org1MSP,Func7,"[423"",""100"",""5"",""100""]""",Org1MSP Org2MSP ,VALID, 423 5, 423 5,,UT,126,12379,0
2022-04-07T17:24:42.994Z,0aa44f8c945f237a3d8cc8b0bcb14cd6b7c4ef775e136ea8a0676bb4a54a0ef5,Org1MSP,Func1,"[36"",""11""]""",Org1MSP Org2MSP ,VALID, 11 36,,,RT,126,12310,0
2022-04-07T17:24:42.997Z,7780b9c62cf78eb4ca7f4a2a0314e7a1f654e9302bb9204d29b8d0692de60b29,Org1MSP,Func7,"[3756"",""100"",""791"",""100""]""",Org1MSP Org2MSP ,VALID, 3756 791, 3756 791,,UT,126,12348,0
2022-04-07T17:24:43.089Z,ffb04603e9377b9d841954ae4c29a30c6f3a4357273748c7efddac9c8899cbb3,Org1MSP,Func4,"[12324"",""1232400"",""10334"",""1033400""]""",Org1MSP Org2MSP ,VALID,, 10334 12324,,WT,126,12395,0
2022-04-07T17:24:43.090Z,095e47f3c93708db6c16ed295a27036fe24f8e883101056af90872702144c032,Org1MSP,Func1,"[51"",""1605""]""",Org1MSP Org2MSP ,VALID, 1605 51,,,RT,126,12309,0
2022-04-07T17:24:43.090Z,d9c604f1ed31b2888d57372b9a64c8773ba844110e8d50a052b1e133a8d2d96e,Org1MSP,Func4,"[12302"",""1230200"",""10244"",""1024400""]""",Org1MSP Org2MSP ,VALID,, 10244 12302,,WT,126,12384,0
2022-04-07T17:24:43.092Z,b813e2c761da713508b2406cc1415bd9e1b1e5741deef0a85e70a40c9d7abc6b,Org1MSP,Func4,"[10405"",""1040500"",""10000"",""1000000""]""",Org1MSP Org2MSP ,VALID,, 10000 10405,,WT,126,12367,0
2022-04-07T17:24:43.094Z,57fbcc77acc2aa70e6c062f1d8fd6563b2f12c3228b5728eee12436b75610030,Org1MSP,Func4,"[10047"",""1004700"",""10051"",""1005100""]""",Org1MSP Org2MSP ,VALID,, 10047 10051,,WT,126,12335,0
2022-04-07T17:24:43.097Z,5a6a6ce020103b452a9b8f2b06a440afc7072d1b0617f3e0baa7d55dd8a41123,Org1MSP,Func4,"[10597"",""1059700"",""10000"",""1000000""]""",Org1MSP Org2MSP ,VALID,, 10000 10597,,WT,126,12336,0
2022-04-07T17:24:43.098Z,6d68c8ecd353c182ac1e12d62f9681882a924b660ddd5d7cd4e4e089d7af1cf2,Org1MSP,Func4,"[10009"",""1000900"",""10313"",""1031300""]""",Org1MSP Org2MSP ,VALID,, 10009 10313,,WT,126,12341,0
2022-04-07T17:24:43.189Z,131e71d2222a79fdacee2a1f37a44072d5aa2ebc1351e2c7580fbf74e9ceb69c,Org1MSP,Func1,"[46"",""1""]""",Org1MSP Org2MSP ,VALID, 1 46,,,RT,126,12314,0
2022-04-07T17:24:43.189Z,a25e2b04eb33da972abe56eeb7387d2197608b2685d09a4c09ca47b934cab789,Org1MSP,Func4,"[10002"",""1000200"",""10037"",""1003700""]""",Org1MSP Org2MSP ,VALID,, 10002 10037,,WT,126,12360,0
2022-04-07T17:24:43.190Z,223b2ba7b7f08e8d50516ca1fd8a60247fcd513d314bf2e36e120c883d4e4d85,Org1MSP,Func4,"[10006"",""1000600"",""10528"",""1052800""]""",Org1MSP Org2MSP ,VALID,, 10006 10528,,WT,126,12318,0
2022-04-07T17:24:43.190Z,c2a2a1807dec732d6403c405018193b96ab915068b6bc50d07f9281aa12dbe3c,Org1MSP,Func4,"[10001"",""1000100"",""10071"",""1007100""]""",Org1MSP Org2MSP ,VALID,, 10001 10071,,WT,126,12370,0
2022-04-07T17:24:43.192Z,b05cf11ca13605e10769886db1e14ba87064fbd54e4ea57b69f91138744e47f8,Org1MSP,Func4,"[10004"",""1000400"",""10003"",""1000300""]""",Org1MSP Org2MSP ,VALID,, 10003 10004,,WT,126,12364,0
2022-04-07T17:24:43.194Z,0e11418b27645320c96d2894513fb98597ba1381b131ab1588f76a310d93e5b5,Org1MSP,Func7,"[246"",""100"",""8436"",""100""]""",Org1MSP Org2MSP ,VALID, 246 8436, 246 8436,,UT,126,12311,0
2022-04-07T17:24:43.195Z,4bd164f2d52b126f8bd01c760472687e4446c07804ac86bdba4f4043d09505e2,Org1MSP,Func4,"[10042"",""1004200"",""10055"",""1005500""]""",Org1MSP Org2MSP ,VALID,, 10042 10055,,WT,126,12330,0
2022-04-07T17:24:43.196Z,2318ecc32d210334c8f01f8fe0e488afa2f350857dd25cc8affe868e0bcffa44,Org1MSP,Func1,"[1"",""19""]""",Org1MSP Org2MSP ,VALID, 1 19,,,RT,126,12319,0
2022-04-07T17:24:43.198Z,437195f3cb713fb6ae6a313dba06fd1488ce852aee41042708cd1d5197c92a82,Org1MSP,Func1,"[4"",""1""]""",Org1MSP Org2MSP ,VALID, 1 4,,,RT,126,12325,0
2022-04-07T17:24:43.289Z,9049b583e10d24351ec2f3204d0fa4276cd9e245c3a228d592625b1df9c8fe5f,Org1MSP,Func4,"[10000"",""1000000"",""10015"",""1001500""]""",Org1MSP Org2MSP ,VALID,, 10000 10015,,WT,126,12354,0
2022-04-07T17:24:43.289Z,cfc3960df8573ff24373774fd1b832788b32e627e83bdd91f5dbd9a0b7078a5b,Org1MSP,Func4,"[10063"",""1006300"",""10344"",""1034400""]""",Org1MSP Org2MSP ,VALID,, 10063 10344,,WT,126,12381,0
2022-04-07T17:24:43.291Z,c875af6d555ee8f08ad338db67961ee311c3ecfa56acf7c6ce9268343b38c023,Org1MSP,Func4,"[10986"",""1098600"",""11914"",""1191400""]""",Org1MSP Org2MSP ,VALID,, 10986 11914,,WT,126,12374,0
2022-04-07T17:24:43.292Z,3ccb792a7f93f75c33eb49e0e4975189fd01e42ad024fb083f6fd9fe10551ca5,Org1MSP,Func4,"[10031"",""1003100"",""10016"",""1001600""]""",Org1MSP Org2MSP ,VALID,, 10016 10031,,WT,126,12324,0
2022-04-07T17:24:43.294Z,3515a648a14d738ab4d3332df7003c28f343ba78991b16432df679cef76241a7,Org1MSP,Func4,"[10015"",""1001500"",""10259"",""1025900""]""",Org1MSP Org2MSP ,VALID,, 10015 10259,,WT,126,12323,0
2022-04-07T17:24:43.294Z,ca3f11631f7d11dd062ad874bb6e26b39707d807a9ff96d4dc4fbcd023adc91d,Org1MSP,Func4,"[10733"",""1073300"",""10075"",""1007500""]""",Org1MSP Org2MSP ,VALID,, 10075 10733,,WT,126,12377,0
2022-04-07T17:24:43.297Z,fd4ea21beee8d7bca3875e605ebee5058a6c816e88695ec7723ca1baf74c8310,Org1MSP,Func4,"[10432"",""1043200"",""10002"",""1000200""]""",Org1MSP Org2MSP ,VALID,, 10002 10432,,WT,126,12394,0
2022-04-07T17:24:43.302Z,e2752c7736e4f6e3e2bb016d9124d60d26c4bd61716cd9657e2965b3424c7947,Org1MSP,Func4,"[10007"",""1000700"",""10014"",""1001400""]""",Org1MSP Org2MSP ,VALID,, 10007 10014,,WT,126,12386,0
2022-04-07T17:24:43.389Z,2bfe2d0a787a67896bd132e464d0e281f082821be990b155c0a9e5a53c52cad5,Org1MSP,Func4,"[10015"",""1001500"",""10061"",""1006100""]""",Org1MSP Org2MSP ,VALID,, 10015 10061,,WT,126,12321,0
2022-04-07T17:24:43.389Z,b1296e3fb4da9ac540248d354c2b6476d19a7b1265c51351c5f2f3d72956736b,Org1MSP,Func7,"[6254"",""100"",""108"",""100""]""",Org1MSP Org2MSP ,VALID, 108 6254, 108 6254,,UT,126,12365,0
2022-04-07T17:24:43.390Z,fa9f367bdc47d73ec9bacf0fb760c8f32968abd1d2ef6c6579b1dbded5e2aa3c,Org1MSP,Func4,"[18032"",""1803200"",""10002"",""1000200""]""",Org1MSP Org2MSP ,VALID,, 10002 18032,,WT,126,12393,0
2022-04-07T17:24:43.393Z,49cb6ce489a16bc5eaf9ac73340036fcaf85fffcf50861857530444a35f444e2,Org1MSP,Func4,"[10009"",""1000900"",""11067"",""1106700""]""",Org1MSP Org2MSP ,VALID,, 10009 11067,,WT,126,12329,0
2022-04-07T17:24:43.397Z,aa26f02d8bbdbc2b515fafb8cdbe0e0288ff59d5a6bcc289062069d5914e3867,Org1MSP,Func1,"[3803"",""576""]""",Org1MSP Org2MSP ,VALID, 3803 576,,,RT,126,12363,0
2022-04-07T17:24:43.398Z,52217042c41babf148a58a40aba13477d604b4f02fae68d84ac6c31ff012bbdd,Org1MSP,Func1,"[7"",""51""]""",Org1MSP Org2MSP ,VALID, 51 7,,,RT,126,12333,0
2022-04-07T17:24:43.398Z,da18cb4636b7ca3176aef9d34d95ae4ffb2f008f7a9d9a2a7a082e7f8b7a0833,Org1MSP,Func4,"[13315"",""1331500"",""10282"",""1028200""]""",Org1MSP Org2MSP ,VALID,, 10282 13315,,WT,126,12385,0
2022-04-07T17:24:43.399Z,0e8e0667458e54eaebd30071a7552423fe208bea0a2e235c6a2230e2f76621ad,Org1MSP,Func4,"[17332"",""1733200"",""10019"",""1001900""]""",Org1MSP Org2MSP ,VALID,, 10019 17332,,WT,126,12312,0
2022-04-07T17:24:43.400Z,657767eac68804c519f3b79ae6b1d359349713c65f265c5d0ddc0a1073bcc24c,Org1MSP,Func7,"[3365"",""100"",""1"",""100""]""",Org1MSP Org2MSP ,VALID, 1 3365, 1 3365,,UT,126,12403,0
2022-04-07T17:24:43.489Z,64d35d50317b0a27c80b26012ef430c356f00a8998c2941ead8c1e775ab6ebf7,Org1MSP,Func4,"[10047"",""1004700"",""10004"",""1000400""]""",Org1MSP Org2MSP ,VALID,, 10004 10047,,WT,126,12338,0
2022-04-07T17:24:43.492Z,b1a99569d3a629aa7ca6be4ee6e06b95a07026c260547edbc58a5a52d8f609a5,Org1MSP,Func7,"[158"",""100"",""364"",""100""]""",Org1MSP Org2MSP ,VALID, 158 364, 158 364,,UT,126,12366,0
2022-04-07T17:24:43.493Z,94e2adab791d2278da15d974a7acf4d00cf1f888798fc1c94c9054ed4f964fc9,Org1MSP,Func1,"[2"",""70""]""",Org1MSP Org2MSP ,VALID, 2 70,,,RT,126,12357,0
2022-04-07T17:24:43.496Z,9f3b85efce4164b1f30957e3b0d6b85280fdd6726a8c34e6880762d01cdf6263,Org1MSP,Func4,"[10050"",""1005000"",""10005"",""1000500""]""",Org1MSP Org2MSP ,VALID,, 10005 10050,,WT,126,12359,0
2022-04-07T17:24:43.497Z,76adf91f661233ef0ca7f67765c0bb079071e5253510f9106de7b7837f671c62,Org1MSP,Func4,"[10734"",""1073400"",""10081"",""1008100""]""",Org1MSP Org2MSP ,VALID,, 10081 10734,,WT,126,12347,0
2022-04-07T17:24:43.498Z,103d390a436ad345f3fe177d5a60ba374e9319b42e2f90c3e692f722508f6cfa,Org1MSP,Func4,"[10861"",""1086100"",""10009"",""1000900""]""",Org1MSP Org2MSP ,VALID,, 10009 10861,,WT,126,12313,0
2022-04-07T17:24:43.498Z,3171ba156aaf1c72337723e056d898a45027ea03fcd891a2115eb62b83dfc265,Org1MSP,Func1,"[1"",""449""]""",Org1MSP Org2MSP ,VALID, 1 449,,,RT,126,12396,0
2022-04-07T17:24:43.499Z,763b8716e60d279806e7485c94df03741151c2882362eb5b7410b61d5bdaae48,Org1MSP,Func4,"[12718"",""1271800"",""10077"",""1007700""]""",Org1MSP Org2MSP ,VALID,, 10077 12718,,WT,126,12346,0
2022-04-07T17:24:43.500Z,6729df0a63e52ae92bd1c5fb74f05ecf5edbf74221888fb5c3258e7c3f5b2116,Org1MSP,Func4,"[19233"",""1923300"",""10003"",""1000300""]""",Org1MSP Org2MSP ,VALID,, 10003 19233,,WT,126,12339,0
2022-04-07T17:24:43.500Z,f1ac772083f9151da659cc7454368d2e9f842ff0de954dbb7f41b32976195c3f,Org1MSP,Func1,"[330"",""544""]""",Org1MSP Org2MSP ,VALID, 330 544,,,RT,126,12389,0
2022-04-07T17:24:43.589Z,a5190404ddfea1e6d07deb88d028b1d88ce5a4fe4216d1c5fc33daea595380d2,Org1MSP,Func4,"[12385"",""1238500"",""10140"",""1014000""]""",Org1MSP Org2MSP ,VALID,, 10140 12385,,WT,126,12361,0
2022-04-07T17:24:43.590Z,c4fce71e329c4af5bd7b95fc1a98cf76572ffc872d2170d05862ca7501f7b9ba,Org1MSP,Func1,"[7"",""14""]""",Org1MSP Org2MSP ,VALID, 14 7,,,RT,126,12372,0
2022-04-07T17:24:43.594Z,37bdd36b7307604230414edff3041859107564e196250b9c17f76b9a0da88325,Org1MSP,Func1,"[38"",""1""]""",Org1MSP Org2MSP ,VALID, 1 38,,,RT,126,12398,0
2022-04-07T17:24:43.595Z,f7b92c68a6513444bf4e9d71d60bc79937c18eff7fb8d6ae228690f5f2b06d66,Org1MSP,Func4,"[10293"",""1029300"",""10001"",""1000100""]""",Org1MSP Org2MSP ,VALID,, 10001 10293,,WT,126,12391,0
2022-04-07T17:24:43.596Z,439c2990bfdba5aa5253c3f58ec4b6d4c18914dc31b51f9bdd0f80730eab5167,Org1MSP,Func4,"[10312"",""1031200"",""19651"",""1965100""]""",Org1MSP Org2MSP ,VALID,, 10312 19651,,WT,126,12326,0
2022-04-07T17:24:43.597Z,7464b2c2401113e676f0452133e4f8b3e2e8389290618e9a8c1b04155925122e,Org1MSP,Func1,"[427"",""3""]""",Org1MSP Org2MSP ,VALID, 3 427,,,RT,126,12344,0
2022-04-07T17:24:43.598Z,7ab372718969397179b6c1e0ff881f4146d0544ecee704e92305400a61260cdf,Org1MSP,Func4,"[10000"",""1000000"",""11123"",""1112300""]""",Org1MSP Org2MSP ,VALID,, 10000 11123,,WT,126,12350,0
2022-04-07T17:24:43.599Z,951890ce9111a8eb825f17285db5488d93b3ec9c98699dd0da91015dde27d5df,Org1MSP,Func1,"[2"",""789""]""",Org1MSP Org2MSP ,VALID, 2 789,,,RT,126,12358,0
2022-04-07T17:24:43.601Z,73478f1b39466f43be6d7086d08bdfaed09d8379147e311137336948cf776720,Org1MSP,Func4,"[10096"",""1009600"",""10000"",""1000000""]""",Org1MSP Org2MSP ,VALID,, 10000 10096,,WT,126,12343,0
2022-04-07T17:24:43.621Z,a10c3c59873182b7d1cfc96a46218d7d485598b66bf7e1847bdb6caf8978ae1a,Org1MSP,Func1,"[1"",""54""]""",Org1MSP Org2MSP ,VALID, 1 54,,,RT,126,12397,0
2022-04-07T17:24:43.690Z,46de07593b5774ea9247722e546842f8eb90486bb032f110e325005121a1d84e,Org1MSP,Func7,"[578"",""100"",""3010"",""100""]""",Org1MSP Org2MSP ,VALID, 3010 578, 3010 578,,UT,126,12328,0
2022-04-07T17:24:43.691Z,5ccfe3340d8a60a4b68b2a81101a4b367cf047334a35ca5f79b031e6f9520890,Org1MSP,Func4,"[10000"",""1000000"",""10103"",""1010300""]""",Org1MSP Org2MSP ,VALID,, 10000 10103,,WT,126,12337,0
2022-04-07T17:24:43.693Z,e70209bdd89f268e76a950c5f28f8ee79832d4c4f2c664675e0898c18ce4ba09,Org1MSP,Func7,"[14"",""100"",""25"",""100""]""",Org1MSP Org2MSP ,VALID, 14 25, 14 25,,UT,126,12401,0
2022-04-07T17:24:43.695Z,7edcee33444786ac99eb473a5b77581699ed0a2655968a78811fbfb7259637a0,Org1MSP,Func1,"[15"",""7003""]""",Org1MSP Org2MSP ,VALID, 15 7003,,,RT,126,12351,0
2022-04-07T17:24:43.696Z,c20510e384cd07cc7434078753be82a67ab3a25511a443676a2a450e2acbd176,Org1MSP,Func4,"[10000"",""1000000"",""11246"",""1124600""]""",Org1MSP Org2MSP ,VALID,, 10000 11246,,WT,126,12369,0
2022-04-07T17:24:43.697Z,f7ddacd6bc2f8db10af5948e8ef83275bd1cffc01088281094a5c96b791d2889,Org1MSP,Func4,"[10003"",""1000300"",""10002"",""1000200""]""",Org1MSP Org2MSP ,VALID,, 10002 10003,,WT,126,12392,0
2022-04-07T17:24:43.698Z,332fa05ec1f1dd449b0a19b9d49e7173f4a5c602b0be73d6ebf5add0ac7c7e16,Org1MSP,Func4,"[10005"",""1000500"",""16888"",""1688800""]""",Org1MSP Org2MSP ,VALID,, 10005 16888,,WT,126,12322,0
2022-04-07T17:24:43.702Z,965ca294e0729f19d77667333c171295a8740af93b584e3ffb41e20c945c7118,Org1MSP,Func7,"[8"",""100"",""38"",""100""]""",Org1MSP Org2MSP ,VALID, 38 8, 38 8,,UT,126,12402,0
2022-04-07T17:24:43.704Z,3def7f8b44300112e78e90b4ac4bb242d78bff8244ad31d2db46662816e20b0b,Org1MSP,Func1,"[1"",""3""]""",Org1MSP Org2MSP ,VALID, 1 3,,,RT,126,12399,0
2022-04-07T17:24:43.706Z,d6513667b307d621d0dbf9047e4d150cef0dc49b3272bbf51a66663447d446c5,Org1MSP,Func4,"[11152"",""1115200"",""18950"",""1895000""]""",Org1MSP Org2MSP ,VALID,, 11152 18950,,WT,126,12383,0
2022-04-07T17:24:43.789Z,71c8346277994e316611ecf52752d7e485f35aedd978a58a644d5c851056b77d,Org1MSP,Func4,"[10538"",""1053800"",""10463"",""1046300""]""",Org1MSP Org2MSP ,VALID,, 10463 10538,,WT,126,12342,0
2022-04-07T17:24:43.789Z,83dff445c0e271cc8dc8ff14518ebd52dc7256d108b2ace44dacbcda3677a871,Org1MSP,Func1,"[1128"",""40""]""",Org1MSP Org2MSP ,VALID, 1128 40,,,RT,126,12352,0
2022-04-07T17:24:43.789Z,f236f74e13d53988e47ea21d6f04d7dea2fd5da4f2d3b7add54db3c0ac2713db,Org1MSP,Func4,"[12484"",""1248400"",""15211"",""1521100""]""",Org1MSP Org2MSP ,VALID,, 12484 15211,,WT,126,12390,0
2022-04-07T17:24:43.791Z,51267e75c28f7a62413dfe0096e3655292f7209eab4b0339bd0b83cc4a1a7137,Org1MSP,Func1,"[1831"",""1195""]""",Org1MSP Org2MSP ,VALID, 1195 1831,,,RT,126,12332,0
2022-04-07T17:24:43.792Z,52a2d62b8c387092eeaaf508da6411c2300e0e0cec039159f4ab7bd8dddd400b,Org1MSP,Func4,"[17952"",""1795200"",""15630"",""1563000""]""",Org1MSP Org2MSP ,VALID,, 15630 17952,,WT,126,12334,0
2022-04-07T17:24:43.794Z,15592e9964d46018726f5ed28d19d69a0c5e53d5f0d78b1f530c0e40079b4e3b,Org1MSP,Func4,"[10934"",""1093400"",""12722"",""1272200""]""",Org1MSP Org2MSP ,VALID,, 10934 12722,,WT,126,12315,0
2022-04-07T17:24:43.797Z,74d0f5f2d79714c1c405ab07d5810a00b6346745a7a635730ca968833997cb3e,Org1MSP,Func4,"[10025"",""1002500"",""10002"",""1000200""]""",Org1MSP Org2MSP ,VALID,, 10002 10025,,WT,126,12345,0
2022-04-07T17:24:43.799Z,2a9011bc65e0b83007a6bab7001a2389dbe521b28dce873bf2c2a2b2bf72da41,Org1MSP,Func4,"[10120"",""1012000"",""10000"",""1000000""]""",Org1MSP Org2MSP ,VALID,, 10000 10120,,WT,126,12320,0
2022-04-07T17:24:43.799Z,91686235ad9d2f872688a31c7e265bb3fc0efb2bda1779434fa5d46f2f82e7a9,Org1MSP,Func4,"[10002"",""1000200"",""10020"",""1002000""]""",Org1MSP Org2MSP ,VALID,, 10002 10020,,WT,126,12355,0
2022-04-07T17:24:43.799Z,feee39997e56d7a3630edb1c04d65f7ff2a4387d5342294689db28a2e5a094ee,Org1MSP,Func7,"[2"",""100"",""457"",""100""]""",Org1MSP Org2MSP ,VALID, 2 457, 2 457,,UT,126,12400,0
2022-04-07T17:24:43.889Z,8cf31abe477a2ae0bbd76310683bfec5c6130368f88c569396f23f6c77aeaa2f,Org1MSP,Func4,"[10241"",""1024100"",""10000"",""1000000""]""",Org1MSP Org2MSP ,VALID,, 10000 10241,,WT,126,12353,0
2022-04-07T17:24:43.890Z,937e46e45bc946d84f0780a6143468650c1ae0e90eae41347032af785e8e99a9,Org1MSP,Func4,"[10057"",""1005700"",""18566"",""1856600""]""",Org1MSP Org2MSP ,VALID,, 10057 18566,,WT,126,12356,0
2022-04-07T17:24:43.890Z,c90987e86e3bf71964c79178214ae6b45f39d61402ac3cc50434ef85cc8e299a,Org1MSP,Func4,"[10008"",""1000800"",""10005"",""1000500""]""",Org1MSP Org2MSP ,VALID,, 10005 10008,,WT,126,12375,0
2022-04-07T17:24:43.891Z,77cf60948969be97fe95b3f62a350547ec7312e1a94ac069c0bf4ed10d562468,Org1MSP,Func4,"[10002"",""1000200"",""10149"",""1014900""]""",Org1MSP Org2MSP ,VALID,, 10002 10149,,WT,126,12349,0
2022-04-07T17:24:43.893Z,edb7621832e71e6df84ce762f276dcbbe186214be1f8d04e87f19e8f61b249f0,Org1MSP,Func4,"[11518"",""1151800"",""10006"",""1000600""]""",Org1MSP Org2MSP ,VALID,, 10006 11518,,WT,126,12387,0
2022-04-07T17:24:43.898Z,1cabe81a71b6c895f825c46b7b4de15f7730c4d766efeedd5daf9922e724c6f9,Org1MSP,Func4,"[10389"",""1038900"",""10000"",""1000000""]""",Org1MSP Org2MSP ,VALID,, 10000 10389,,WT,126,12317,0
2022-04-07T17:24:43.898Z,a82273f2a9e247b5df1be0eddbb07f4b0c0fe78c50e043f8978762b2dcc22fb2,Org1MSP,Func4,"[10098"",""1009800"",""10495"",""1049500""]""",Org1MSP Org2MSP ,VALID,, 10098 10495,,WT,126,12362,0
2022-04-07T17:24:43.900Z,cf73ce7733c93d8d1447777ca7dbb85c573bf802623b150cae6fa36d94815553,Org1MSP,Func1,"[44"",""16""]""",Org1MSP Org2MSP ,VALID, 16 44,,,RT,126,12380,0
2022-04-07T17:24:43.988Z,3fec0c8f0fdbc25b0091bce361fb41fb353139ab30509be2511cbd6dc2602e67,Org1MSP,Func4,"[10049"",""1004900"",""10003"",""1000300""]""",Org1MSP Org2MSP ,VALID,, 10003 10049,,WT,127,12424,0
2022-04-07T17:24:43.989Z,453866c12f1882b4a14eb55238c373f144111f2ea0d2e245e7ed17853f65d924,Org1MSP,Func4,"[16713"",""1671300"",""10000"",""1000000""]""",Org1MSP Org2MSP ,VALID,, 10000 16713,,WT,126,12327,0
2022-04-07T17:24:43.989Z,6b559b0583de7fd0c9b550673fed724764e074c42dfdb0782e5ff74c018b178d,Org1MSP,Func4,"[10007"",""1000700"",""11200"",""1120000""]""",Org1MSP Org2MSP ,VALID,, 10007 11200,,WT,126,12340,0
2022-04-07T17:24:43.991Z,cf1654202d86fd50bb1ddf2ec68ea8a50060bac2848e6df5917a4a10a8afcddf,Org1MSP,Func4,"[10016"",""1001600"",""10007"",""1000700""]""",Org1MSP Org2MSP ,VALID,, 10007 10016,,WT,126,12378,0
2022-04-07T17:24:43.993Z,4e6109118fd587ecb7d6132d106394ac1e34f15be9b037da52e3f9840b8f1a84,Org1MSP,Func4,"[10000"",""1000000"",""10066"",""1006600""]""",Org1MSP Org2MSP ,VALID,, 10000 10066,,WT,126,12331,0
2022-04-07T17:24:43.993Z,754e3c8bcc024220c7a1a447b914204b9d5626699539c55367100501b1aa40f7,Org1MSP,Func7,"[32"",""100"",""81"",""100""]""",Org1MSP Org2MSP ,VALID, 32 81, 32 81,,UT,127,12447,0
2022-04-07T17:24:43.994Z,c912dbf65bb65a0d53c139a7ac92c070808768abf347ef05db4c7f2966ad2d28,Org1MSP,Func1,"[2129"",""5571""]""",Org1MSP Org2MSP ,VALID, 2129 5571,,,RT,126,12376,0
2022-04-07T17:24:43.996Z,c3f8c2b2140ff52dcfdaea7eed2d68d6fc5db685301d18d8b1f3cec0d954775f,Org1MSP,Func1,"[21"",""381""]""",Org1MSP Org2MSP ,VALID, 21 381,,,RT,126,12371,0
2022-04-07T17:24:43.998Z,e1c040725b1ee6162caf285d71daf1f0d9f9c5bcf5edfa9be41ba2faa6c38d23,Org1MSP,Func4,"[10001"",""1000100"",""10962"",""1096200""]""",Org1MSP Org2MSP ,VALID,, 10001 10962,,WT,127,12490,0
2022-04-07T17:24:44.089Z,3b1faafc81b998d303a6152de39fd0d2c5c4c2857ad218dd72af1f4f0c18d7fe,Org1MSP,Func4,"[10143"",""1014300"",""16419"",""1641900""]""",Org1MSP Org2MSP ,VALID,, 10143 16419,,WT,127,12420,0
2022-04-07T17:24:44.089Z,3f70b5b11b293937d04ee3551c73ac7123b90d36789aafeaf9b6bbd0f4d2c4f1,Org1MSP,Func4,"[10741"",""1074100"",""11466"",""1146600""]""",Org1MSP Org2MSP ,VALID,, 10741 11466,,WT,127,12423,0
2022-04-07T17:24:44.089Z,407551182dcd5379ffeff82eeae582915bdf15d2f77b5da68e642b3a5f288e82,Org1MSP,Func1,"[4"",""4""]""",Org1MSP Org2MSP ,VALID, 4,,,RT,127,12426,0
2022-04-07T17:24:44.091Z,5ba67b46f33640db6d33b5fbe5ba88e140305207a84b4ae98b09538c614bd558,Org1MSP,Func4,"[10118"",""1011800"",""10923"",""1092300""]""",Org1MSP Org2MSP ,VALID,, 10118 10923,,WT,127,12439,0
2022-04-07T17:24:44.093Z,3f559b21314a5e849dc82d9a30dbeb6f85f0fd660b6d0313529d6360bdc206fd,Org1MSP,Func7,"[78"",""100"",""125"",""100""]""",Org1MSP Org2MSP ,VALID, 125 78, 125 78,,UT,127,12422,0
2022-04-07T17:24:44.094Z,94552f50660998272bdc7181a1445cec5a4427bba29b91459941deb679c91fa1,Org1MSP,Func4,"[10001"",""1000100"",""10227"",""1022700""]""",Org1MSP Org2MSP ,VALID,, 10001 10227,,WT,127,12460,0
2022-04-07T17:24:44.097Z,62c0ff2630956bafd6add285f44304a990d3e45c599b124df5fcdec8ef666f0a,Org1MSP,Func4,"[10180"",""1018000"",""10041"",""1004100""]""",Org1MSP Org2MSP ,VALID,, 10041 10180,,WT,127,12442,0
2022-04-07T17:24:44.098Z,43f272dd14effb230b69e76b762bfaa81326cd96a7dd22e742cc0eaa78b3864c,Org1MSP,Func4,"[10114"",""1011400"",""13758"",""1375800""]""",Org1MSP Org2MSP ,VALID,, 10114 13758,,WT,127,12428,0
2022-04-07T17:24:44.098Z,9980bac5b049333d237a84ef1e366825b1e49fa07394b71ad4a0c76634190a28,Org1MSP,Func7,"[7"",""100"",""230"",""100""]""",Org1MSP Org2MSP ,VALID, 230 7, 230 7,,UT,127,12500,0
2022-04-07T17:24:44.101Z,4a636f7ef728d69e2da080f896b1f1cda9a24d096375b17ed65af03e05fdc591,Org1MSP,Func7,"[8409"",""100"",""11"",""100""]""",Org1MSP Org2MSP ,VALID, 11 8409, 11 8409,,UT,127,12431,0
2022-04-07T17:24:44.189Z,4029a688eac20124fc7f992fc82990c55f55a3373533e292551f552c7d69b23f,Org1MSP,Func4,"[13662"",""1366200"",""10006"",""1000600""]""",Org1MSP Org2MSP ,VALID,, 10006 13662,,WT,127,12425,0
2022-04-07T17:24:44.189Z,73694912a9a316531cc2bd9e931aefe37b18487d2f35a99862aba9880a75430b,Org1MSP,Func1,"[3457"",""3""]""",Org1MSP Org2MSP ,VALID, 3 3457,,,RT,127,12445,0
2022-04-07T17:24:44.189Z,a9a67b61f39edee00b119f53f01cf6fdcd07bd67ee2f8fa78c2ff2b74851ed5f,Org1MSP,Func4,"[10000"",""1000000"",""10000"",""1000000""]""",Org1MSP Org2MSP ,VALID,, 10000,,WT,127,12467,0
2022-04-07T17:24:44.192Z,7f299378d03c4a5530d654db80c19de2c117e21036fbcf64c36125de71d12357,Org1MSP,Func4,"[10001"",""1000100"",""10015"",""1001500""]""",Org1MSP Org2MSP ,VALID,, 10001 10015,,WT,127,12451,0
2022-04-07T17:24:44.192Z,d5d7177d546657d7929673703d32d49296824de74b880f56c6c529de56245c14,Org1MSP,Func4,"[12892"",""1289200"",""10000"",""1000000""]""",Org1MSP Org2MSP ,VALID,, 10000 12892,,WT,127,12486,0
2022-04-07T17:24:44.194Z,48462725a5d6b881588c32496edd8b6691165186fde9eb6fa430b23087a80074,Org1MSP,Func7,"[426"",""100"",""1599"",""100""]""",Org1MSP Org2MSP ,VALID, 1599 426, 1599 426,,UT,127,12430,0
2022-04-07T17:24:44.194Z,745e156eed5dfafe2541b49a840edda60e073146963f46587033f19171954770,Org1MSP,Func4,"[10003"",""1000300"",""16279"",""1627900""]""",Org1MSP Org2MSP ,VALID,, 10003 16279,,WT,127,12446,0
2022-04-07T17:24:44.197Z,56fb6227c3371290f2c179167212d2e85c46627c7d7da0f7e32df2e20301b310,Org1MSP,Func4,"[10071"",""1007100"",""10000"",""1000000""]""",Org1MSP Org2MSP ,VALID,, 10000 10071,,WT,127,12436,0
2022-04-07T17:24:44.199Z,47b6b714bb4b4fb6bf37ef90e27bf4e07a842e12e4d85c337d2aa23047c7635a,Org1MSP,Func1,"[12"",""33""]""",Org1MSP Org2MSP ,VALID, 12 33,,,RT,127,12429,0
2022-04-07T17:24:44.200Z,c232cf6421456c145622a90335e3cd661bbde6195e990702a6fba21657a0907f,Org1MSP,Func4,"[10007"",""1000700"",""10113"",""1011300""]""",Org1MSP Org2MSP ,VALID,, 10007 10113,,WT,127,12477,0
2022-04-07T17:24:44.289Z,188550db85ee51ff5ce4aedc4c774aa48c89be567baaeb44e795d479f90851e0,Org1MSP,Func4,"[10019"",""1001900"",""17576"",""1757600""]""",Org1MSP Org2MSP ,VALID,, 10019 17576,,WT,127,12412,0
2022-04-07T17:24:44.289Z,bbaa0cfe52197eeb6639123dcd8562da2b5b4966ae6d12e817d5afd9ded4bd9b,Org1MSP,Func4,"[10128"",""1012800"",""10031"",""1003100""]""",Org1MSP Org2MSP ,VALID,, 10031 10128,,WT,127,12473,0
2022-04-07T17:24:44.290Z,9ba36fe413e900aa74b849b494ffe3ed51df3d7bab3ac6bcd8dde88fcf625ac3,Org1MSP,Func4,"[10534"",""1053400"",""10022"",""1002200""]""",Org1MSP Org2MSP ,VALID,, 10022 10534,,WT,127,12463,0
2022-04-07T17:24:44.295Z,e32f7cfada6413d5098ff230752d729a0bcb6f36f7d12f0e58f5a8a9d4ce9555,Org1MSP,Func4,"[10006"",""1000600"",""10000"",""1000000""]""",Org1MSP Org2MSP ,VALID,, 10000 10006,,WT,127,12492,0
2022-04-07T17:24:44.297Z,82e8218d5118eb6cd9648b79bbc0b72ce68ef8aa367148227c86cce3f5769bfe,Org1MSP,Func1,"[8286"",""102""]""",Org1MSP Org2MSP ,VALID, 102 8286,,,RT,127,12453,0
2022-04-07T17:24:44.297Z,afaaaf8847ef4e46e2a7ac07574236185335e3e1bf546b81be8b23a54badf37c,Org1MSP,Func4,"[11620"",""1162000"",""15430"",""1543000""]""",Org1MSP Org2MSP ,VALID,, 11620 15430,,WT,127,12471,0
2022-04-07T17:24:44.299Z,54a7df2a295f0a585e4d6b3882ea529cc6854549ba01b246f5bb7cad33f46d51,Org1MSP,Func4,"[10029"",""1002900"",""10372"",""1037200""]""",Org1MSP Org2MSP ,VALID,, 10029 10372,,WT,127,12434,0
2022-04-07T17:24:44.300Z,91c59f1228eb19eef61f5c355ea018a9f62233bc44e61a04efc49b4318892267,Org1MSP,Func4,"[14392"",""1439200"",""10009"",""1000900""]""",Org1MSP Org2MSP ,VALID,, 10009 14392,,WT,127,12459,0
2022-04-07T17:24:44.389Z,3b220eb31b48d58352b81b1188de99c0573194e0018c4d65e9e0320f7e3c3363,Org1MSP,Func4,"[10005"",""1000500"",""10008"",""1000800""]""",Org1MSP Org2MSP ,VALID,, 10005 10008,,WT,127,12421,0
2022-04-07T17:24:44.390Z,5b4302ef494c36a1ddea256f50a90f3e9500a4f4c64344c1f4799daf7118fdc2,Org1MSP,Func4,"[10001"",""1000100"",""10004"",""1000400""]""",Org1MSP Org2MSP ,VALID,, 10001 10004,,WT,127,12438,0
2022-04-07T17:24:44.391Z,417804bdc8c218682ad3671f6ad2b95677aaaa911c0b5b5fd3c120225ab98544,Org1MSP,Func4,"[10073"",""1007300"",""12746"",""1274600""]""",Org1MSP Org2MSP ,VALID,, 10073 12746,,WT,127,12427,0
2022-04-07T17:24:44.392Z,777bb7e1bbbc9b9af75c255a2b2e1e07dfc7cb52ce7cd9559263c1a75a7a662b,Org1MSP,Func4,"[10067"",""1006700"",""10006"",""1000600""]""",Org1MSP Org2MSP ,VALID,, 10006 10067,,WT,127,12448,0
2022-04-07T17:24:44.392Z,ebeba6aef14215d8df0bf5dfa4e598d0c5b35fdf3a6cbfe54dfc347c22ba2e85,Org1MSP,Func4,"[19373"",""1937300"",""10040"",""1004000""]""",Org1MSP Org2MSP ,VALID,, 10040 19373,,WT,127,12497,0
2022-04-07T17:24:44.394Z,5ff0a7b47b8d18f58a1c97c8e2969cf68c648bd18e41808a040a5528ec33fde0,Org1MSP,Func4,"[10005"",""1000500"",""13066"",""1306600""]""",Org1MSP Org2MSP ,VALID,, 10005 13066,,WT,127,12441,0
2022-04-07T17:24:44.397Z,329dc34abc4cd30e4029aa91c628c32418738b3de00d5e2ec87235f45ea1c62f,Org1MSP,Func4,"[10000"",""1000000"",""10613"",""1061300""]""",Org1MSP Org2MSP ,VALID,, 10000 10613,,WT,127,12418,0
2022-04-07T17:24:44.397Z,c55f1029ba7374dbf4312c66497327ffd0518815647218d0fb0525f04db0df9b,Org1MSP,Func4,"[10347"",""1034700"",""10001"",""1000100""]""",Org1MSP Org2MSP ,VALID,, 10001 10347,,WT,127,12479,0
2022-04-07T17:24:44.397Z,c8b6624e07bb427980c6e7bdf3f2a1b47bbe8f62b540d3102de9de3eede48e74,Org1MSP,Func4,"[10301"",""1030100"",""10049"",""1004900""]""",Org1MSP Org2MSP ,VALID,, 10049 10301,,WT,127,12482,0
2022-04-07T17:24:44.398Z,34de40752f8ebbb866a2c9deada158abfcfd5d1a98d184033e69f31ccfa24c2a,Org1MSP,Func4,"[10004"",""1000400"",""10007"",""1000700""]""",Org1MSP Org2MSP ,VALID,, 10004 10007,,WT,127,12419,0
2022-04-07T17:24:44.489Z,0f44e3e3d41503a6c517d56b1fad76e01e6867c726caa95f43c8f9ae91d81574,Org1MSP,Func4,"[11376"",""1137600"",""10023"",""1002300""]""",Org1MSP Org2MSP ,VALID,, 10023 11376,,WT,127,12407,0
2022-04-07T17:24:44.489Z,56cf2f449fd0a0a7528c89b180d4c8293e41853c52996cbefade8cca4338ea3c,Org1MSP,Func4,"[10519"",""1051900"",""10004"",""1000400""]""",Org1MSP Org2MSP ,VALID,, 10004 10519,,WT,127,12435,0
2022-04-07T17:24:44.489Z,5f1e484bf0be06b4be09b3dee55ad4736731b90d800af02d152219abca9bc6b7,Org1MSP,Func4,"[17061"",""1706100"",""15246"",""1524600""]""",Org1MSP Org2MSP ,VALID,, 15246 17061,,WT,127,12440,0
2022-04-07T17:24:44.491Z,d91c18707a3adeefb02447e77bb2cc54227474e13e5caa309cdc439fa20b857a,Org1MSP,Func7,"[1793"",""100"",""8"",""100""]""",Org1MSP Org2MSP ,VALID, 1793 8, 1793 8,,UT,127,12489,0
2022-04-07T17:24:44.492Z,e3ab394c50e60375e6d9be9c55e4c29e5bc36d2b8d9a06df38e1f062e3383cd2,Org1MSP,Func4,"[10413"",""1041300"",""10000"",""1000000""]""",Org1MSP Org2MSP ,VALID,, 10000 10413,,WT,127,12494,0
2022-04-07T17:24:44.494Z,e670d1d29a148f1388a3b11568096bdafc23f26a5095a208b25e8cd6bf139ba5,Org1MSP,Func4,"[10000"",""1000000"",""10025"",""1002500""]""",Org1MSP Org2MSP ,VALID,, 10000 10025,,WT,127,12495,0
2022-04-07T17:24:44.496Z,50332906989eb98d68bc499d0a1ef52cf55fd32f8f2b5da750fe326edcff2962,Org1MSP,Func4,"[11238"",""1123800"",""10686"",""1068600""]""",Org1MSP Org2MSP ,VALID,, 10686 11238,,WT,127,12432,0
2022-04-07T17:24:44.498Z,0ff91cf7e5534b1646a1fb66fb5fa2e5d708bb9fb33c0bfbfb971beac5804d0c,Org1MSP,Func4,"[19954"",""1995400"",""16110"",""1611000""]""",Org1MSP Org2MSP ,VALID,, 16110 19954,,WT,127,12408,0
2022-04-07T17:24:44.498Z,ab6123486a2290cce05390cc887a399872dc2dc25908f07029cffbf35bb50465,Org1MSP,Func4,"[10001"",""1000100"",""10067"",""1006700""]""",Org1MSP Org2MSP ,VALID,, 10001 10067,,WT,127,12468,0
2022-04-07T17:24:44.589Z,d77e160261b41a34f82437d7eaba753b321b416677f62371284706036eb3ef89,Org1MSP,Func1,"[1269"",""19""]""",Org1MSP Org2MSP ,VALID, 1269 19,,,RT,127,12488,0
2022-04-07T17:24:44.590Z,53a1ebf2ca654fe8fcabe9fc1561e4331317085250c461476533aa7fbc4d6bed,Org1MSP,Func4,"[10008"",""1000800"",""10298"",""1029800""]""",Org1MSP Org2MSP ,VALID,, 10008 10298,,WT,127,12433,0
2022-04-07T17:24:44.590Z,bfd56d831189a2306b728ba0d280282086710905491412ee8307292800e553ac,Org1MSP,Func1,"[1"",""1""]""",Org1MSP Org2MSP ,VALID, 1,,,RT,127,12475,0
2022-04-07T17:24:44.591Z,12b6da30b6fdce69c81928ec36591405519af445890677527f0345b31b58d81c,Org1MSP,Func1,"[2454"",""1203""]""",Org1MSP Org2MSP ,VALID, 1203 2454,,,RT,127,12409,0
2022-04-07T17:24:44.592Z,6f424f228e797ff901b43fd21cd37c00610c8e5c6ff8af8db3761458c186f924,Org1MSP,Func1,"[56"",""2""]""",Org1MSP Org2MSP ,VALID, 2 56,,,RT,127,12444,0
2022-04-07T17:24:44.593Z,96740fe58095da0ca1c07ab28bc8546691d3f8eb6ef318e967619df97c8f0edb,Org1MSP,Func4,"[10852"",""1085200"",""10000"",""1000000""]""",Org1MSP Org2MSP ,VALID,, 10000 10852,,WT,127,12461,0
2022-04-07T17:24:44.595Z,d1270521edb132fa54685b0d0d20b42c8e9a0401405cec845d097fbce5e6d399,Org1MSP,Func1,"[1019"",""29""]""",Org1MSP Org2MSP ,VALID, 1019 29,,,RT,127,12485,0
2022-04-07T17:24:44.597Z,0e2aa7d011f8ce341a8ceeb0dc29306c80a3379e0100c341d46b9b911cb15942,Org1MSP,Func4,"[10010"",""1001000"",""12484"",""1248400""]""",Org1MSP Org2MSP ,VALID,, 10010 12484,,WT,127,12406,0
2022-04-07T17:24:44.598Z,79e5d63f22b03c01f6b82f54c486ca3f2b279598663e4cd9ce2f80ca69d17e89,Org1MSP,Func1,"[93"",""536""]""",Org1MSP Org2MSP ,VALID, 536 93,,,RT,127,12450,0
2022-04-07T17:24:44.599Z,911f18e08745686eaeda958ee3061fdc5d428288aa3f1d7b2fd2f180c8169ddb,Org1MSP,Func4,"[11168"",""1116800"",""10193"",""1019300""]""",Org1MSP Org2MSP ,VALID,, 10193 11168,,WT,127,12458,0
2022-04-07T17:24:44.689Z,8b05bcf26473e317db5c4c0f84fc5534456b9052317b4f525ccbeaae67f413e1,Org1MSP,Func4,"[10139"",""1013900"",""10017"",""1001700""]""",Org1MSP Org2MSP ,VALID,, 10017 10139,,WT,127,12455,0
2022-04-07T17:24:44.690Z,21c84f11f29e154a8e16903a5b3327c900a54059428ffa82e401dae177831463,Org1MSP,Func4,"[10258"",""1025800"",""15059"",""1505900""]""",Org1MSP Org2MSP ,VALID,, 10258 15059,,WT,127,12416,0
2022-04-07T17:24:44.690Z,8d01ca308574db40fc52acfc21a1bc16fe03e064d2a3b42950c6b0f8abfcf382,Org1MSP,Func4,"[10051"",""1005100"",""10159"",""1015900""]""",Org1MSP Org2MSP ,VALID,, 10051 10159,,WT,127,12456,0
2022-04-07T17:24:44.692Z,0c6d497ef8e7920dc24a0b3e6fc1388c45e643a3ef5b3c25eb7cfa628d2e656d,Org1MSP,Func4,"[10021"",""1002100"",""10053"",""1005300""]""",Org1MSP Org2MSP ,VALID,, 10021 10053,,WT,127,12405,0
2022-04-07T17:24:44.692Z,c7869fcbe78ad1296a849bd77e73ea43eaa1e1c042dc4f0391db5b8c56260c02,Org1MSP,Func4,"[12625"",""1262500"",""11579"",""1157900""]""",Org1MSP Org2MSP ,VALID,, 11579 12625,,WT,127,12480,0
2022-04-07T17:24:44.694Z,8e91c64ef215a13985af6740eb3a0e4eec79d729299362453cabacd427289895,Org1MSP,Func4,"[10834"",""1083400"",""10006"",""1000600""]""",Org1MSP Org2MSP ,VALID,, 10006 10834,,WT,127,12457,0
2022-04-07T17:24:44.694Z,fdced6e1fa3a49cf35737575ca80e0c0ae99c3e07279a6756cc1290d34eaf178,Org1MSP,Func1,"[2"",""7""]""",Org1MSP Org2MSP ,VALID, 2 7,,,RT,127,12499,0
2022-04-07T17:24:44.697Z,872f99783a303bd36271b2dd829ae2a0b83a358b173f11fca281aff2f30e117f,Org1MSP,Func4,"[10019"",""1001900"",""10052"",""1005200""]""",Org1MSP Org2MSP ,VALID,, 10019 10052,,WT,127,12454,0
2022-04-07T17:24:44.697Z,c85cc7c41a0d385ee992f0eba97a7e54cb2232b038a86b5be19a7b93e34584ce,Org1MSP,Func4,"[11012"",""1101200"",""14620"",""1462000""]""",Org1MSP Org2MSP ,VALID,, 11012 14620,,WT,127,12481,0
2022-04-07T17:24:44.698Z,e34249e043c1689a976d56164adc4a600d3a0c0554c05ce2edacf826f611014b,Org1MSP,Func1,"[1"",""665""]""",Org1MSP Org2MSP ,VALID, 1 665,,,RT,127,12493,0
2022-04-07T17:24:44.788Z,e95cd68fc95310c0d8af3ea3d110816acdbb066c1b7cf1169ec65a02cf786717,Org1MSP,Func1,"[198"",""10""]""",Org1MSP Org2MSP ,VALID, 10 198,,,RT,127,12496,0
2022-04-07T17:24:44.790Z,07241daa09d490c9d2435302921569563864544ea2b09f00c3f84ff0790cec91,Org1MSP,Func4,"[12792"",""1279200"",""17722"",""1772200""]""",Org1MSP Org2MSP ,VALID,, 12792 17722,,WT,127,12404,0
2022-04-07T17:24:44.792Z,a0353632d25fdd376ebb3f576b131f7ad5e2578ab0361754be91d46279c452ed,Org1MSP,Func7,"[5"",""100"",""4849"",""100""]""",Org1MSP Org2MSP ,VALID, 4849 5, 4849 5,,UT,127,12464,0
2022-04-07T17:24:44.798Z,abde10fb751e1fc6f0a843ab91888e3760a6f3e9c2e1ee32a5097f8c2f8a53ed,Org1MSP,Func4,"[10475"",""1047500"",""13945"",""1394500""]""",Org1MSP Org2MSP ,VALID,, 10475 13945,,WT,127,12469,0
2022-04-07T17:24:44.799Z,e2f4f5bd66efa2ef11dd5d61cdde0ac95acc03d64eba61e61a62aa3b76ab893a,Org1MSP,Func4,"[14147"",""1414700"",""19766"",""1976600""]""",Org1MSP Org2MSP ,VALID,, 14147 19766,,WT,127,12491,0
2022-04-07T17:24:44.801Z,c0fe99dd94be09093a51e9ced64d67058ff4a3856bdd38c69f92d72fdd3e8b3a,Org1MSP,Func4,"[11341"",""1134100"",""10701"",""1070100""]""",Org1MSP Org2MSP ,VALID,, 10701 11341,,WT,127,12476,0
2022-04-07T17:24:44.805Z,145c5cb3d41c592afd277fd54b6129e31f9257cbb1671fb29814a11c6f8b95a1,Org1MSP,Func4,"[10257"",""1025700"",""10000"",""1000000""]""",Org1MSP Org2MSP ,VALID,, 10000 10257,,WT,127,12410,0
2022-04-07T17:24:44.807Z,1990424e3268d089e11bbae9c1df7438ac0806c97a3ba5292703d061f9653e39,Org1MSP,Func7,"[15"",""100"",""181"",""100""]""",Org1MSP Org2MSP ,VALID, 15 181, 15 181,,UT,127,12413,0
2022-04-07T17:24:44.812Z,a4065297f63f623fbe3a62ef3e86035268473f57e85cdefe0e511f881cc79bfb,Org1MSP,Func4,"[11403"",""1140300"",""10000"",""1000000""]""",Org1MSP Org2MSP ,VALID,, 10000 11403,,WT,127,12466,0
2022-04-07T17:24:44.889Z,c2d695864bde7f65f0474bd151be11df2302acd845ec77b8b76f6f342983932f,Org1MSP,Func4,"[12179"",""1217900"",""10069"",""1006900""]""",Org1MSP Org2MSP ,VALID,, 10069 12179,,WT,127,12478,0
2022-04-07T17:24:44.890Z,a0e9d277219acbff7f474da57ad313fc72a3c393e772576e625b824f2822c63f,Org1MSP,Func1,"[6"",""1""]""",Org1MSP Org2MSP ,VALID, 1 6,,,RT,127,12465,0
2022-04-07T17:24:44.890Z,af9dca4c6757eac45b98f1097b213b64941415f52bf26056d709e84d64af83f8,Org1MSP,Func1,"[1"",""233""]""",Org1MSP Org2MSP ,VALID, 1 233,,,RT,127,12470,0
2022-04-07T17:24:44.891Z,d77d1204706bd9795b207f993e5b2b51b9b07fe8053e272c1ef09ea61fc609e4,Org1MSP,Func4,"[10000"",""1000000"",""10029"",""1002900""]""",Org1MSP Org2MSP ,VALID,, 10000 10029,,WT,127,12487,0
2022-04-07T17:24:44.894Z,1a59074c65a61217010ab5f2d794bc8ceb9622b820f02859196260ce4aa8515c,Org1MSP,Func4,"[15558"",""1555800"",""10003"",""1000300""]""",Org1MSP Org2MSP ,VALID,, 10003 15558,,WT,127,12414,0
2022-04-07T17:24:44.895Z,1566e1a2ee1f734cbb6fd9995ca50054e519afc6b3090c4f822e5c22936becef,Org1MSP,Func4,"[10001"",""1000100"",""10206"",""1020600""]""",Org1MSP Org2MSP ,VALID,, 10001 10206,,WT,127,12411,0
2022-04-07T17:24:44.897Z,b8c5eda215f874d2428ae8104529137e99ea6cedadba6fa9ac7d9a368d8243c7,Org1MSP,Func4,"[10044"",""1004400"",""10849"",""1084900""]""",Org1MSP Org2MSP ,VALID,, 10044 10849,,WT,127,12472,0
2022-04-07T17:24:44.897Z,c8f5f07e640993342e972aff5d76fbc7eac858155812a175c985aade7a6471cd,Org1MSP,Func4,"[10536"",""1053600"",""10917"",""1091700""]""",Org1MSP Org2MSP ,VALID,, 10536 10917,,WT,127,12484,0
2022-04-07T17:24:44.898Z,9696bf0daf1b4941d20a6277514ba0e478a1974c7032f40dd832aec2475b3fee,Org1MSP,Func1,"[316"",""3892""]""",Org1MSP Org2MSP ,VALID, 316 3892,,,RT,127,12462,0
2022-04-07T17:24:44.989Z,82d127295c432ca14300cf7670eb45c33cb8e4e441da97dc4a8fd5fdde9d38d0,Org1MSP,Func4,"[10003"",""1000300"",""10149"",""1014900""]""",Org1MSP Org2MSP ,VALID,, 10003 10149,,WT,127,12452,0
2022-04-07T17:24:44.989Z,bed73b8b03823b09ea5f653e53ab4434f37ce2d225c4ff03900637032594ab00,Org1MSP,Func4,"[10004"",""1000400"",""10008"",""1000800""]""",Org1MSP Org2MSP ,VALID,, 10004 10008,,WT,127,12474,0
2022-04-07T17:24:44.991Z,1faa91e213405ed475ede2235583a84d3fcb542c71a819ed587e6213fd867274,Org1MSP,Func4,"[10357"",""1035700"",""10019"",""1001900""]""",Org1MSP Org2MSP ,VALID,, 10019 10357,,WT,127,12415,0
2022-04-07T17:24:44.991Z,c8bbfffe7c26fa6406938bec4dd668283cf3476ac5d163369f1c0bc0f6c3a3e6,Org1MSP,Func1,"[40"",""2""]""",Org1MSP Org2MSP ,VALID, 2 40,,,RT,127,12483,0
2022-04-07T17:24:44.993Z,6eea906d4a2044ab7d853ca9c6fd25f75c75e3b2599eec53c5d1c87e71f96908,Org1MSP,Func1,"[12"",""2518""]""",Org1MSP Org2MSP ,VALID, 12 2518,,,RT,127,12443,0
2022-04-07T17:24:44.994Z,f55c5b3cf8a128a700030d6d81f393ec3987378fc7d4abfc20782e20719bb705,Org1MSP,Func4,"[10132"",""1013200"",""12148"",""1214800""]""",Org1MSP Org2MSP ,VALID,, 10132 12148,,WT,127,12498,0
2022-04-07T17:24:44.995Z,5a9eef9e7c336d6367410847f160c5d05253a7e4dc7024aa25451d3c76849b88,Org1MSP,Func1,"[6"",""79""]""",Org1MSP Org2MSP ,VALID, 6 79,,,RT,127,12437,0
2022-04-07T17:24:44.996Z,2767b0c9a65981c4abff069fd4306610aa90de7ffd891b5dfb78fe11ca868dd8,Org1MSP,Func4,"[10000"",""1000000"",""10005"",""1000500""]""",Org1MSP Org2MSP ,VALID,, 10000 10005,,WT,127,12417,0
2022-04-07T17:24:44.997Z,df3e6f4d8cfb4e67c7b8f277f10031b91cae96398d07fcbd0ca233e588420f49,Org1MSP,Func7,"[2"",""100"",""1"",""100""]""",Org1MSP Org2MSP ,VALID, 1 2, 1 2,,UT,127,12501,0
2022-04-07T17:24:44.998Z,783597dc96e64be964c27111f619ac0907f933ec18f3a8e534708e4db26f1399,Org1MSP,Func4,"[10001"",""1000100"",""10823"",""1082300""]""",Org1MSP Org2MSP ,VALID,, 10001 10823,,WT,127,12449,0
2022-04-07T17:24:45.090Z,89f39d477c09602292901d4a0e1f6f75edb9075b5cfe788db34902dd510b3cba,Org1MSP,Func4,"[10001"",""1000100"",""15669"",""1566900""]""",Org1MSP Org2MSP ,VALID,, 10001 15669,,WT,128,12551,0
2022-04-07T17:24:45.091Z,e3e85f19adc6f23b7008b19a0db5428e331e7b8ea2da3ccbc79f3117f474b39c,Org1MSP,Func4,"[10072"",""1007200"",""15186"",""1518600""]""",Org1MSP Org2MSP ,VALID,, 10072 15186,,WT,128,12581,0
2022-04-07T17:24:45.094Z,4208f618516245b002c7b4f371fc9f7ad88a11f9f31b0b810a0749dd77aece5d,Org1MSP,Func4,"[10017"",""1001700"",""17248"",""1724800""]""",Org1MSP Org2MSP ,VALID,, 10017 17248,,WT,128,12526,0
2022-04-07T17:24:45.095Z,982b66a2d8895e9354cc600b8aa1a770531db0fed11e4623061870b168cb8fec,Org1MSP,Func4,"[10112"",""1011200"",""10033"",""1003300""]""",Org1MSP Org2MSP ,VALID,, 10033 10112,,WT,128,12553,0
2022-04-07T17:24:45.096Z,12d5eb3250797e4eba69844fb7fe33128deac87cde68548228962b087520fa7e,Org1MSP,Func4,"[10000"",""1000000"",""13457"",""1345700""]""",Org1MSP Org2MSP ,VALID,, 10000 13457,,WT,128,12508,0
2022-04-07T17:24:45.096Z,6e517cdcad3106685d7713d4ef50862cafe2bda480171c7a2e11516384a4652c,Org1MSP,Func4,"[11089"",""1108900"",""10014"",""1001400""]""",Org1MSP Org2MSP ,VALID,, 10014 11089,,WT,128,12538,0
2022-04-07T17:24:45.096Z,c3a8f91a9926f499dcd316b00ee2188a4e2920bf2d8533f1da94cfb61d1d404a,Org1MSP,Func1,"[3"",""2""]""",Org1MSP Org2MSP ,VALID, 2 3,,,RT,128,12570,0
2022-04-07T17:24:45.097Z,c079c1629c47cab5684728459bc34efd2d4fd71795e0adee6b8ad5f72ddb07b8,Org1MSP,Func4,"[10268"",""1026800"",""10000"",""1000000""]""",Org1MSP Org2MSP ,VALID,, 10000 10268,,WT,128,12569,0
2022-04-07T17:24:45.101Z,2dc83336d2a36504a67ce3f9ba4870e6d9faa9b5105f1fddf9c5d50e087c469c,Org1MSP,Func4,"[13737"",""1373700"",""10120"",""1012000""]""",Org1MSP Org2MSP ,VALID,, 10120 13737,,WT,128,12521,0
2022-04-07T17:24:45.101Z,edfab8f3fa713800bb1866d2328b52314418aa1a05a7d5c7f65e8345616cdf01,Org1MSP,Func4,"[10007"",""1000700"",""10041"",""1004100""]""",Org1MSP Org2MSP ,VALID,, 10007 10041,,WT,128,12588,0
2022-04-07T17:24:45.190Z,1d1ed844d7bae412bfff19004b937cf3e3dc7581cdc8a5ae09511ab3b7a54fa6,Org1MSP,Func4,"[10008"",""1000800"",""11292"",""1129200""]""",Org1MSP Org2MSP ,VALID,, 10008 11292,,WT,128,12514,0
2022-04-07T17:24:45.190Z,70d05ddd925cd105d25774ec2acb5d516c9c271bd84329187fc5a49d1b818c47,Org1MSP,Func4,"[10168"",""1016800"",""10000"",""1000000""]""",Org1MSP Org2MSP ,VALID,, 10000 10168,,WT,128,12541,0
2022-04-07T17:24:45.192Z,6e9d51324778a99cbeb2fd56c8ed4388352d8f09bc49931e072dff0a60aed957,Org1MSP,Func4,"[10028"",""1002800"",""10001"",""1000100""]""",Org1MSP Org2MSP ,VALID,, 10001 10028,,WT,128,12540,0
2022-04-07T17:24:45.192Z,b6928056cc6e0de81c44a68bf3be4da44d7e32bf98cf75e889cebba8d4cdcc19,Org1MSP,Func1,"[25"",""49""]""",Org1MSP Org2MSP ,VALID, 25 49,,,RT,128,12565,0
2022-04-07T17:24:45.193Z,f336cd56b898ff2d430103f75ec5b3e588de0d602d31f966458683f6e1b2df77,Org1MSP,Func7,"[1163"",""100"",""4"",""100""]""",Org1MSP Org2MSP ,VALID, 1163 4, 1163 4,,UT,128,12594,0
2022-04-07T17:24:45.194Z,7e2af59c580086314c7744f4c4042d0dd9ef7d543420369a54bf475a7f599051,Org1MSP,Func4,"[10445"",""1044500"",""11970"",""1197000""]""",Org1MSP Org2MSP ,VALID,, 10445 11970,,WT,128,12546,0
2022-04-07T17:24:45.194Z,c061384b31c16635f72e0d530c172ab151d4bb038f3da8d94826fcd117d750e9,Org1MSP,Func7,"[280"",""100"",""14"",""100""]""",Org1MSP Org2MSP ,VALID, 14 280, 14 280,,UT,128,12568,0
2022-04-07T17:24:45.197Z,43b8a6ff035f88a609d31f434acd8eba42114441c5c98e45412fc02884396fcc,Org1MSP,Func1,"[13"",""369""]""",Org1MSP Org2MSP ,VALID, 13 369,,,RT,128,12527,0
2022-04-07T17:24:45.197Z,73a6f6695ae5f0345122a1d8fb741b66f03a333df4af74bdedfaf30c05fed510,Org1MSP,Func1,"[4"",""16""]""",Org1MSP Org2MSP ,VALID, 16 4,,,RT,128,12543,0
2022-04-07T17:24:45.200Z,a442c96ca2642343f52b8749055746257a6192fe6767396dc7607e0f47da3a80,Org1MSP,Func7,"[9334"",""100"",""1819"",""100""]""",Org1MSP Org2MSP ,VALID, 1819 9334, 1819 9334,,UT,128,12558,0
2022-04-07T17:24:45.291Z,2fcda82e4651e7f9df462fd4c11c09996e1359ab039c30f922ede159a5c84873,Org1MSP,Func4,"[10020"",""1002000"",""10532"",""1053200""]""",Org1MSP Org2MSP ,VALID,, 10020 10532,,WT,128,12522,0
2022-04-07T17:24:45.292Z,734d3dac2268c13e4dd71ae5beed12f741e0f2850d550d3cf94ce81ce47e66f2,Org1MSP,Func4,"[10008"",""1000800"",""12937"",""1293700""]""",Org1MSP Org2MSP ,VALID,, 10008 12937,,WT,128,12542,0
2022-04-07T17:24:45.293Z,4621185bb5781f5a18acab1591e6d53969858c4187b15f9ae3e45689e6c0239a,Org1MSP,Func4,"[10002"",""1000200"",""10072"",""1007200""]""",Org1MSP Org2MSP ,VALID,, 10002 10072,,WT,128,12528,0
2022-04-07T17:24:45.293Z,c3cb2250ec2f71238039ce02c5a261f06e094838a292527f78a7d612d89e365d,Org1MSP,Func4,"[14726"",""1472600"",""10059"",""1005900""]""",Org1MSP Org2MSP ,VALID,, 10059 14726,,WT,128,12571,0
2022-04-07T17:24:45.293Z,eef290b24aa24bb9e242d411264b72e2ddd781c8d2fe2b2a9917346000445cf8,Org1MSP,Func7,"[47"",""100"",""3654"",""100""]""",Org1MSP Org2MSP ,VALID, 3654 47, 3654 47,,UT,128,12589,0
2022-04-07T17:24:45.294Z,41e790f59fe7ab118461e525b37c1bd8116b7c72b3533bcf34b5d640cef0695d,Org1MSP,Func1,"[1085"",""101""]""",Org1MSP Org2MSP ,VALID, 101 1085,,,RT,128,12525,0
2022-04-07T17:24:45.295Z,1241ceaea0808bf5a954018ad4edf5622b4e25ee222103d91ca79919b388e15a,Org1MSP,Func4,"[10015"",""1001500"",""10871"",""1087100""]""",Org1MSP Org2MSP ,VALID,, 10015 10871,,WT,128,12507,0
2022-04-07T17:24:45.298Z,e35e97803338793aa861eb3fd3fed3f35d385912939183a87c1359c9b111bc5e,Org1MSP,Func7,"[1488"",""100"",""1390"",""100""]""",Org1MSP Org2MSP ,VALID, 1390 1488, 1390 1488,,UT,128,12580,0
2022-04-07T17:24:45.299Z,cc60fb32352a372d38d5c9c0ea38aacd3233ba6e274e92d6eeb0a645c86c18c3,Org1MSP,Func1,"[1960"",""15""]""",Org1MSP Org2MSP ,VALID, 15 1960,,,RT,128,12574,0
2022-04-07T17:24:45.300Z,0f458c19639a72ebe805c4d8eb18b375255a833ead1379e0a86ff6a21e1ac3f8,Org1MSP,Func4,"[10266"",""1026600"",""17529"",""1752900""]""",Org1MSP Org2MSP ,VALID,, 10266 17529,,WT,128,12505,0
2022-04-07T17:24:45.389Z,9ca3978ecb3201c3fffe6b87cb07179106d8089b94d56c5bccf33fdbb3b94244,Org1MSP,Func4,"[10000"",""1000000"",""10001"",""1000100""]""",Org1MSP Org2MSP ,VALID,, 10000 10001,,WT,128,12555,0
2022-04-07T17:24:45.389Z,bc1d109e78f9682209783cd804770c5db1045029c75793d770fb84cf85fde6cf,Org1MSP,Func4,"[10352"",""1035200"",""10063"",""1006300""]""",Org1MSP Org2MSP ,VALID,, 10063 10352,,WT,128,12566,0
2022-04-07T17:24:45.391Z,b14fc2e7c02b1820dc41af80274937fce674dd49fa20e47efc9bff4b01452888,Org1MSP,Func4,"[12837"",""1283700"",""13806"",""1380600""]""",Org1MSP Org2MSP ,VALID,, 12837 13806,,WT,128,12564,0
2022-04-07T17:24:45.392Z,caa4110b085421067cefe23c5247c2e0faaa990589bea0e24bf9f5da52aa26bd,Org1MSP,Func1,"[3"",""1""]""",Org1MSP Org2MSP ,VALID, 1 3,,,RT,128,12573,0
2022-04-07T17:24:45.394Z,e8ac515eed8c01d19e00bab1e41309a29ef0fda9dda85e3bf4ef609d2fd9661b,Org1MSP,Func7,"[114"",""100"",""584"",""100""]""",Org1MSP Org2MSP ,VALID, 114 584, 114 584,,UT,128,12583,0
2022-04-07T17:24:45.395Z,1f3b659ab382a52ec694b317328f762a5bbbce9d253520301e7a4bd3884b714b,Org1MSP,Func4,"[10128"",""1012800"",""11886"",""1188600""]""",Org1MSP Org2MSP ,VALID,, 10128 11886,,WT,128,12515,0
2022-04-07T17:24:45.396Z,2be5c9e6a5114930eb03021ab42924251d28c439293a22a9efcd4d17760a5b33,Org1MSP,Func4,"[10079"",""1007900"",""13148"",""1314800""]""",Org1MSP Org2MSP ,VALID,, 10079 13148,,WT,128,12520,0
2022-04-07T17:24:45.397Z,10ca4257e3ab043857de7bd7ab642380a978aadf205c2fdf545e81bf1b1befbf,Org1MSP,Func4,"[12925"",""1292500"",""10011"",""1001100""]""",Org1MSP Org2MSP ,VALID,, 10011 12925,,WT,128,12506,0
2022-04-07T17:24:45.398Z,a13fa17ec3487cb0e10def1043d7d90944c5d5422792e2c7266c683a305be05f,Org1MSP,Func4,"[10016"",""1001600"",""10011"",""1001100""]""",Org1MSP Org2MSP ,VALID,, 10011 10016,,WT,128,12556,0
2022-04-07T17:24:45.488Z,030e00c8b2594ff304b34f0c2098a218a3b850d67ff2dd045ca1945579c94816,Org1MSP,Func4,"[19031"",""1903100"",""10233"",""1023300""]""",Org1MSP Org2MSP ,VALID,, 10233 19031,,WT,128,12502,0
2022-04-07T17:24:45.489Z,e2a08d98c141ab7d493e509b565ab8d5913257abe0126e604190a80e445fbbcf,Org1MSP,Func7,"[707"",""100"",""1194"",""100""]""",Org1MSP Org2MSP ,ENDORSEMENT_POLICY_FAILURE, 1194 707, 1194 707,,UT,128,12579,0
2022-04-07T17:24:45.489Z,7597448dfd491637e56d3460fd30f006bebf7639b23b7e15a6f07bc2b819d52a,Org1MSP,Func7,"[3"",""100"",""4401"",""100""]""",Org1MSP Org2MSP ,ENDORSEMENT_POLICY_FAILURE, 3 4401, 3 4401,,UT,128,12595,0
2022-04-07T17:24:45.490Z,22cdebc332dff6eafff2a599568c8a4a25e5e6eeeea4e74827e421a5c6ea6425,Org1MSP,Func4,"[13838"",""1383800"",""10011"",""1001100""]""",Org1MSP Org2MSP ,VALID,, 10011 13838,,WT,128,12518,0
2022-04-07T17:24:45.492Z,fc2d04916d141980a6264d218241197ba64a8b76621a02de2640a26f53e86528,Org1MSP,Func4,"[11438"",""1143800"",""10307"",""1030700""]""",Org1MSP Org2MSP ,VALID,, 10307 11438,,WT,128,12591,0
2022-04-07T17:24:45.494Z,50b64f405819261a3937b494932625d03f4daf7c8a67956947302ac3c6087810,Org1MSP,Func4,"[10218"",""1021800"",""16633"",""1663300""]""",Org1MSP Org2MSP ,VALID,, 10218 16633,,WT,128,12529,0
2022-04-07T17:24:45.496Z,872e405d58f54bd038ad721bad54908bce8c8e15126766e0a9ec3c8126a228cb,Org1MSP,Func7,"[261"",""100"",""414"",""100""]""",Org1MSP Org2MSP ,ENDORSEMENT_POLICY_FAILURE, 261 414, 261 414,,UT,128,12550,0
2022-04-07T17:24:45.498Z,15291a38ef2fdf1cf79ad5ff80a472c7607f51b15cada81736e7fe536190024d,Org1MSP,Func4,"[10392"",""1039200"",""10002"",""1000200""]""",Org1MSP Org2MSP ,VALID,, 10002 10392,,WT,128,12509,0
2022-04-07T17:24:45.498Z,acf3fe18dbd343b4c4b4b933bc7b37a229c8e738089f4a34785336206ef2b1df,Org1MSP,Func7,"[3137"",""100"",""2454"",""100""]""",Org1MSP Org2MSP ,ENDORSEMENT_POLICY_FAILURE, 2454 3137, 2454 3137,,UT,128,12561,0
2022-04-07T17:24:45.589Z,8f1bbc66232e1d8569d7d7fb9fd301dc4448b77a04dbad632d476daf3cecf08a,Org1MSP,Func4,"[11460"",""1146000"",""10000"",""1000000""]""",Org1MSP Org2MSP ,VALID,, 10000 11460,,WT,128,12552,0
2022-04-07T17:24:45.589Z,457f6a9ffbad86560112930a979b8cb9173f38efc9838c2a7948e16c0253d5d1,Org1MSP,Func1,"[38"",""15""]""",Org1MSP Org2MSP ,VALID, 15 38,,,RT,128,12598,0
2022-04-07T17:24:45.590Z,30fdf1d30d95f7e5604c126901309a2daef4086c9fd4d1b4a8b02e2e1bf77148,Org1MSP,Func7,"[8"",""100"",""376"",""100""]""",Org1MSP Org2MSP ,VALID, 376 8, 376 8,,UT,128,12523,0
2022-04-07T17:24:45.591Z,1b220a6895e8e006055cfa13f366f4cc941f23449111dbd68c4f525653605061,Org1MSP,Func1,"[71"",""603""]""",Org1MSP Org2MSP ,VALID, 603 71,,,RT,128,12513,0
2022-04-07T17:24:45.592Z,3d0af6fb8c6e7d8a985ae36ec45497116287f54c5715fe40b9ae891dcc8f7f7f,Org1MSP,Func7,"[11"",""100"",""652"",""100""]""",Org1MSP Org2MSP ,VALID, 11 652, 11 652,,UT,128,12524,0
2022-04-07T17:24:45.593Z,9a103bccb9f64729fbe7074b645418f702dc93a686b9a49536d05bc0078aca27,Org1MSP,Func4,"[10008"",""1000800"",""10089"",""1008900""]""",Org1MSP Org2MSP ,VALID,, 10008 10089,,WT,128,12554,0
2022-04-07T17:24:45.595Z,813969ee8f746b5242a8fb412d46e0713c92de6abffd74d62ee7488f795a3457,Org1MSP,Func4,"[10021"",""1002100"",""19400"",""1940000""]""",Org1MSP Org2MSP ,VALID,, 10021 19400,,WT,128,12547,0
2022-04-07T17:24:45.596Z,93f4c7c81a0ca1d9b4b900136289e0821eb038456afb84b73100020e4176670c,Org1MSP,Func7,"[2"",""100"",""462"",""100""]""",Org1MSP Org2MSP ,VALID, 2 462, 2 462,,UT,128,12599,0
2022-04-07T17:24:45.597Z,7c374972d54f54b99b65076b617aba427a8ea7625d6b7f9ee4efb77ce951a461,Org1MSP,Func4,"[10056"",""1005600"",""10000"",""1000000""]""",Org1MSP Org2MSP ,VALID,, 10000 10056,,WT,128,12545,0
2022-04-07T17:24:45.599Z,2912ab81fd59ff0646e31111e087b12a817f5a3a3dba7d99b6bff8691f5a4e75,Org1MSP,Func1,"[2"",""80""]""",Org1MSP Org2MSP ,VALID, 2 80,,,RT,128,12596,0
2022-04-07T17:24:45.689Z,fcc5d9dfd7e28bbdfec7bb23d8c7cae093385385bf102ac598ddd4cf15ea5543,Org1MSP,Func1,"[30"",""69""]""",Org1MSP Org2MSP ,VALID, 30 69,,,RT,128,12592,0
2022-04-07T17:24:45.690Z,1ff5074e4b45f6cdf6c79e8da04f4796d1080232d2e5b901acc31bf5eb90689d,Org1MSP,Func4,"[15815"",""1581500"",""10058"",""1005800""]""",Org1MSP Org2MSP ,VALID,, 10058 15815,,WT,128,12516,0
2022-04-07T17:24:45.690Z,a416f9012b4986d6197c39fbde6bfd9044936fcdbbe47f79856d9bdbe80526da,Org1MSP,Func4,"[11953"",""1195300"",""10051"",""1005100""]""",Org1MSP Org2MSP ,VALID,, 10051 11953,,WT,128,12557,0
2022-04-07T17:24:45.691Z,278d71ab13b215e85dee939e0268a3565f2c7811bafc117d4f0809ee520cd747,Org1MSP,Func7,"[23"",""100"",""18"",""100""]""",Org1MSP Org2MSP ,VALID, 18 23, 18 23,,UT,128,12519,0
2022-04-07T17:24:45.693Z,bea0eefb08647d22850cfed9e0a6f0a2eaa88e061f0e0c1b93cee12cffb2a958,Org1MSP,Func4,"[10000"",""1000000"",""10390"",""1039000""]""",Org1MSP Org2MSP ,VALID,, 10000 10390,,WT,128,12567,0
2022-04-07T17:24:45.694Z,5f39bf2794c8534ce84fd61417cad3a9ccb8c448dd74b48da9acd3a83ec91493,Org1MSP,Func4,"[10015"",""1001500"",""11811"",""1181100""]""",Org1MSP Org2MSP ,VALID,, 10015 11811,,WT,128,12531,0
2022-04-07T17:24:45.695Z,6be4758e4ee3b91c1a17f9d9795608f1fe60c1411c3109355db6806a731721af,Org1MSP,Func4,"[10067"",""1006700"",""10004"",""1000400""]""",Org1MSP Org2MSP ,VALID,, 10004 10067,,WT,128,12534,0
2022-04-07T17:24:45.696Z,6c2445f5a0f898cb8f183ebd6c492493833cfc6805831c0733a2cb6089a0ebfe,Org1MSP,Func4,"[11386"",""1138600"",""10078"",""1007800""]""",Org1MSP Org2MSP ,VALID,, 10078 11386,,WT,128,12535,0
2022-04-07T17:24:45.698Z,510fde7e888c35d6edeb3eba52544cf7e47aa53c85690d8d617b3bf9d77b28cb,Org1MSP,Func4,"[10004"",""1000400"",""10106"",""1010600""]""",Org1MSP Org2MSP ,VALID,, 10004 10106,,WT,128,12530,0
2022-04-07T17:24:45.698Z,d346d036cc2d374858ec903ed8220052852052746bf786e9ace9918d62941338,Org1MSP,Func4,"[10005"",""1000500"",""12321"",""1232100""]""",Org1MSP Org2MSP ,VALID,, 10005 12321,,WT,128,12575,0
2022-04-07T17:24:45.789Z,1af21b34ea0374898a0d17de727a30f9ad7697d1a94399d55d6df9203f9ab2ab,Org1MSP,Func4,"[10001"",""1000100"",""10089"",""1008900""]""",Org1MSP Org2MSP ,VALID,, 10001 10089,,WT,128,12512,0
2022-04-07T17:24:45.790Z,0e6b678a65b17eca9a66d6411096680c1259e811f6575f85148b0091ab711ce1,Org1MSP,Func1,"[170"",""5452""]""",Org1MSP Org2MSP ,VALID, 170 5452,,,RT,128,12504,0
2022-04-07T17:24:45.790Z,1529d380f153925a15edf20e85c470932a8eb0508774f4ef99e55a597c48eb7c,Org1MSP,Func4,"[12341"",""1234100"",""10039"",""1003900""]""",Org1MSP Org2MSP ,VALID,, 10039 12341,,WT,128,12510,0
2022-04-07T17:24:45.790Z,80dfa173fb52c52882481f51d25b5d3a08646a423f6e3d73d1ad9b48d0ac1232,Org1MSP,Func7,"[13"",""100"",""10"",""100""]""",Org1MSP Org2MSP ,VALID, 10 13, 10 13,,UT,128,12593,0
2022-04-07T17:24:45.792Z,ec0b9ad686c0441af067427053146fd7120602b51a00892cb1b7d3d01239107a,Org1MSP,Func4,"[13707"",""1370700"",""10049"",""1004900""]""",Org1MSP Org2MSP ,VALID,, 10049 13707,,WT,128,12586,0
2022-04-07T17:24:45.793Z,e28bb9df3eda2574c8038f63bcfca60d5bcd7430e6eba580a890abe799320b93,Org1MSP,Func4,"[10004"",""1000400"",""11669"",""1166900""]""",Org1MSP Org2MSP ,VALID,, 10004 11669,,WT,128,12578,0
2022-04-07T17:24:45.796Z,85d4ae3ffec5e8ad7f36048cfaafa3f4e99b8faa23997c1ea941a1c81a6885ef,Org1MSP,Func4,"[10003"",""1000300"",""10761"",""1076100""]""",Org1MSP Org2MSP ,VALID,, 10003 10761,,WT,128,12549,0
2022-04-07T17:24:45.796Z,e9940582124d61a5a80d1ef9332b57100fa8559ccf9202a77a78bcb3cae5a4f5,Org1MSP,Func4,"[10002"",""1000200"",""10028"",""1002800""]""",Org1MSP Org2MSP ,VALID,, 10002 10028,,WT,128,12584,0
2022-04-07T17:24:45.797Z,b0f57654be5bd08f747cbbf31464d86d37a0908604e6b8ba6eff519ec8252e4b,Org1MSP,Func4,"[10056"",""1005600"",""10755"",""1075500""]""",Org1MSP Org2MSP ,VALID,, 10056 10755,,WT,128,12563,0
2022-04-07T17:24:45.798Z,f9a150c40069a19e2f2cf2fca65e090dca674e4472803dc2922618cfd746434a,Org1MSP,Func7,"[34"",""100"",""19"",""100""]""",Org1MSP Org2MSP ,VALID, 19 34, 19 34,,UT,128,12590,0
2022-04-07T17:24:45.889Z,6472f5ae70d76f1ed129ececb47509e1c7f91fa51c10b9a74e99b044f4619ffe,Org1MSP,Func4,"[10000"",""1000000"",""14321"",""1432100""]""",Org1MSP Org2MSP ,VALID,, 10000 14321,,WT,128,12532,0
2022-04-07T17:24:45.889Z,6e701def71b79ea0e9aa88e15ec434b2b2cef29e3662020aa01043af61d6b6ea,Org1MSP,Func4,"[17248"",""1724800"",""10643"",""1064300""]""",Org1MSP Org2MSP ,VALID,, 10643 17248,,WT,128,12539,0
2022-04-07T17:24:45.889Z,e8a8b26cbafd8b9d02ef6dfcf5a340fb0c9b286ad987fd9aaaa0617623c04757,Org1MSP,Func1,"[9792"",""79""]""",Org1MSP Org2MSP ,VALID, 79 9792,,,RT,128,12582,0
2022-04-07T17:24:45.891Z,e9ecac83ff24a49cd242826ca12a1a0ebfdf5dc1a1450cea6a449af497b738f8,Org1MSP,Func4,"[10000"",""1000000"",""10028"",""1002800""]""",Org1MSP Org2MSP ,VALID,, 10000 10028,,WT,128,12585,0
2022-04-07T17:24:45.892Z,d6a3bc527dc19c4846f8f1dc6405f49431fa55608b9d3bfaac05b79d433b76ec,Org1MSP,Func4,"[15226"",""1522600"",""10013"",""1001300""]""",Org1MSP Org2MSP ,VALID,, 10013 15226,,WT,128,12576,0
2022-04-07T17:24:45.894Z,db61e65fc4feaceb128ce0d964acd9a89be025692ae08c3fbde61af54b3f917c,Org1MSP,Func4,"[10422"",""1042200"",""10002"",""1000200""]""",Org1MSP Org2MSP ,VALID,, 10002 10422,,WT,128,12577,0
2022-04-07T17:24:45.895Z,282a2c2fcab5a90481d8ca05a5a8f98e4269bdfbb3b4b2c959ae4f507e81d53f,Org1MSP,Func1,"[5422"",""1""]""",Org1MSP Org2MSP ,VALID, 1 5422,,,RT,128,12597,0
2022-04-07T17:24:45.897Z,0968a06031d324221020060750901994229d43bc07f91e32a0ee100568adcb0a,Org1MSP,Func7,"[1426"",""100"",""33"",""100""]""",Org1MSP Org2MSP ,VALID, 1426 33, 1426 33,,UT,128,12503,0
2022-04-07T17:24:45.898Z,6da20a5bb8b73502ba0c1ac5e4e3c49d75a13843763ae6b56e381b0c19080ffd,Org1MSP,Func4,"[13163"",""1316300"",""10057"",""1005700""]""",Org1MSP Org2MSP ,VALID,, 10057 13163,,WT,128,12537,0
2022-04-07T17:24:45.899Z,1ad03ed3be3d6025b1f4596e3db1ee2cfb219ec5f27054aeebac007313300a53,Org1MSP,Func4,"[10311"",""1031100"",""10088"",""1008800""]""",Org1MSP Org2MSP ,VALID,, 10088 10311,,WT,128,12511,0
2022-04-07T17:24:45.988Z,a777962cfa9e0d12d888e2ada89c6d90ce4a64f1ed1355054fb8086c267b93b5,Org1MSP,Func4,"[10000"",""1000000"",""10101"",""1010100""]""",Org1MSP Org2MSP ,VALID,, 10000 10101,,WT,128,12560,0
2022-04-07T17:24:45.989Z,b09e487d510770027f1f0a19edb0963b41e14a918750419a6b08f1868ee45bc2,Org1MSP,Func4,"[10009"",""1000900"",""15653"",""1565300""]""",Org1MSP Org2MSP ,VALID,, 10009 15653,,WT,128,12562,0
2022-04-07T17:24:45.989Z,ece2d2e7b6fe9ec2514b24829380b07e5f0cf0a8c4aa80de6a68a17d159db01a,Org1MSP,Func4,"[10004"",""1000400"",""10001"",""1000100""]""",Org1MSP Org2MSP ,VALID,, 10001 10004,,WT,128,12587,0
2022-04-07T17:24:45.991Z,6d8cafe47ebe62af3484fdcb6bc35cba764fca29e1b2b1f667e62f84550b4f3d,Org1MSP,Func4,"[10142"",""1014200"",""10061"",""1006100""]""",Org1MSP Org2MSP ,VALID,, 10061 10142,,WT,128,12536,0
2022-04-07T17:24:45.992Z,c8ad2c72c29586f76cd6c2255821806ee17ab1cb08a12a2fa2cf79641522933f,Org1MSP,Func4,"[10679"",""1067900"",""10015"",""1001500""]""",Org1MSP Org2MSP ,VALID,, 10015 10679,,WT,128,12572,0
2022-04-07T17:24:45.995Z,217bf539fdeb1a6b3fbf7d452c39ff4aece453138143927f053ed22d71e018bf,Org1MSP,Func4,"[10002"",""1000200"",""15066"",""1506600""]""",Org1MSP Org2MSP ,VALID,, 10002 15066,,WT,128,12517,0
2022-04-07T17:24:45.995Z,77f493f26013709c200ab3d9b8db5826d82b3e0b609b7511ad6264e50b2c7ae0,Org1MSP,Func4,"[10523"",""1052300"",""10042"",""1004200""]""",Org1MSP Org2MSP ,VALID,, 10042 10523,,WT,128,12544,0
2022-04-07T17:24:45.996Z,67ed877810427a85647d5a9c5ee302d6177bf885791cf2b369bb88b39b4e3af7,Org1MSP,Func4,"[10000"",""1000000"",""10003"",""1000300""]""",Org1MSP Org2MSP ,VALID,, 10000 10003,,WT,128,12533,0
2022-04-07T17:24:45.997Z,859c5f9e7c6fa6efc50e4bb241561c9f6de631afaf69c7f6330a97a862476cb1,Org1MSP,Func4,"[10036"",""1003600"",""10120"",""1012000""]""",Org1MSP Org2MSP ,VALID,, 10036 10120,,WT,128,12548,0
2022-04-07T17:24:45.997Z,a6ae908fb0a19310dd0c62d0727b3a68af461f3ba32ed7e706de024956f57e09,Org1MSP,Func4,"[12704"",""1270400"",""13423"",""1342300""]""",Org1MSP Org2MSP ,VALID,, 12704 13423,,WT,128,12559,0
2022-04-07T17:24:46.088Z,3894e8c002d486f7b0fe88a8a4bbe5aeac7904e42aa14e2ac9dccaab4aff0583,Org1MSP,Func4,"[10287"",""1028700"",""10000"",""1000000""]""",Org1MSP Org2MSP ,VALID,, 10000 10287,,WT,129,12616,0
2022-04-07T17:24:46.089Z,4c7d20f69eaf8e22ad84fc5f7962eed027bdf9ddb827802b9e256617c7949070,Org1MSP,Func4,"[11339"",""1133900"",""10041"",""1004100""]""",Org1MSP Org2MSP ,VALID,, 10041 11339,,WT,129,12624,0
2022-04-07T17:24:46.091Z,ec72f2857de4909940446995003679db8e3888d009aa82626e28f81f9412af08,Org1MSP,Func4,"[10041"",""1004100"",""10150"",""1015000""]""",Org1MSP Org2MSP ,VALID,, 10041 10150,,WT,129,12683,0
2022-04-07T17:24:46.092Z,0f2c2a892e1833863744537985682b2e4961b8dcee6cc67eacdbd930559f0323,Org1MSP,Func4,"[10022"",""1002200"",""16000"",""1600000""]""",Org1MSP Org2MSP ,VALID,, 10022 16000,,WT,129,12604,0
2022-04-07T17:24:46.094Z,0d6e42f022351164640ab85adfc34a924dee6b6eadda9b896289675f3528ee3f,Org1MSP,Func4,"[13169"",""1316900"",""10160"",""1016000""]""",Org1MSP Org2MSP ,VALID,, 10160 13169,,WT,129,12603,0
2022-04-07T17:24:46.095Z,c6daf90e63646f95fba60ee980d44196768bfbf9de8ac0456b5de8514383dff8,Org1MSP,Func4,"[12702"",""1270200"",""13795"",""1379500""]""",Org1MSP Org2MSP ,VALID,, 12702 13795,,WT,129,12671,0
2022-04-07T17:24:46.096Z,b1c83609f07fdce2303aa3a7714fe18c9d49cfb4b264f38822d2d4525dcfadbc,Org1MSP,Func1,"[30"",""4930""]""",Org1MSP Org2MSP ,VALID, 30 4930,,,RT,129,12661,0
2022-04-07T17:24:46.098Z,c3d8c96fedea4687106a21370d96adbec054fd5b41decdc46910d943c262194f,Org1MSP,Func1,"[348"",""13""]""",Org1MSP Org2MSP ,VALID, 13 348,,,RT,129,12669,0
2022-04-07T17:24:46.100Z,ce515f9962cb0c1e51f51c3d02c11e546ace1ed103a0a0b4ca8ee5461ff416f6,Org1MSP,Func4,"[10003"",""1000300"",""10201"",""1020100""]""",Org1MSP Org2MSP ,VALID,, 10003 10201,,WT,129,12675,0
2022-04-07T17:24:46.189Z,1b890612cc0cb35469b15d1636144dfee3a9204d072d8d721e0c07ffbc17ab12,Org1MSP,Func1,"[544"",""34""]""",Org1MSP Org2MSP ,VALID, 34 544,,,RT,129,12608,0
2022-04-07T17:24:46.189Z,f8e48501d14b14ae4a34cf3aee2f045bf8ac5a5d9cfe367167a7e30663285fde,Org1MSP,Func4,"[10004"",""1000400"",""10000"",""1000000""]""",Org1MSP Org2MSP ,VALID,, 10000 10004,,WT,129,12688,0
2022-04-07T17:24:46.190Z,6a7666aca550d6686fe02203a37f5d457830ed4c11e3127eaed444134dab600b,Org1MSP,Func4,"[10000"",""1000000"",""12849"",""1284900""]""",Org1MSP Org2MSP ,VALID,, 10000 12849,,WT,129,12635,0
2022-04-07T17:24:46.191Z,cc9226326b32385d53e000b6c694af900d35f43efec75f80a792b6a603cac02b,Org1MSP,Func4,"[10000"",""1000000"",""10641"",""1064100""]""",Org1MSP Org2MSP ,VALID,, 10000 10641,,WT,129,12673,0
2022-04-07T17:24:46.192Z,6bd6b2f4e740f7d28839fc161c48a5c9b6ca32f16d5da6f2805a61e65f67dd81,Org1MSP,Func4,"[10001"",""1000100"",""10057"",""1005700""]""",Org1MSP Org2MSP ,VALID,, 10001 10057,,WT,129,12636,0
2022-04-07T17:24:46.193Z,cddd7e7dbf200d8251074391d796d2cbcf3a10484156acb14c44090d4256a266,Org1MSP,Func4,"[10006"",""1000600"",""10011"",""1001100""]""",Org1MSP Org2MSP ,VALID,, 10006 10011,,WT,129,12674,0
2022-04-07T17:24:46.194Z,b26c4a886d27fccfad5afe4f25b157c3c44400a555b8f273dba3e962c4e720ed,Org1MSP,Func4,"[10003"",""1000300"",""10026"",""1002600""]""",Org1MSP Org2MSP ,VALID,, 10003 10026,,WT,129,12662,0
2022-04-07T17:24:46.196Z,12c72b377fe8c77754d2b9d7fd4e173ee62b68d75144f5ff41d54a227efd5af2,Org1MSP,Func4,"[10011"",""1001100"",""16166"",""1616600""]""",Org1MSP Org2MSP ,VALID,, 10011 16166,,WT,129,12605,0
2022-04-07T17:24:46.197Z,64f6d7993ac68023a24fa833b6ea4a35d46b5ab57d6eb9be4ae35d6636e05566,Org1MSP,Func4,"[10018"",""1001800"",""10000"",""1000000""]""",Org1MSP Org2MSP ,VALID,, 10000 10018,,WT,129,12632,0
2022-04-07T17:24:46.198Z,ee3511ec6c88bf4ddd1764dfd6fcecd391a483216c7fff0393aac6cdb5673a2d,Org1MSP,Func4,"[13665"",""1366500"",""13204"",""1320400""]""",Org1MSP Org2MSP ,VALID,, 13204 13665,,WT,129,12685,0
2022-04-07T17:24:46.290Z,ffe6e68d84229b7e38632cf1f52266511170caa2b14c00c14e24ff4d6d09ea23,Org1MSP,Func7,"[516"",""100"",""54"",""100""]""",Org1MSP Org2MSP ,VALID, 516 54, 516 54,,UT,129,12691,0
2022-04-07T17:24:46.291Z,d72f3f32cb90d9dd03d26edf465f5e6ef5097ce3345736dfb452e67e7fb75456,Org1MSP,Func4,"[10285"",""1028500"",""10001"",""1000100""]""",Org1MSP Org2MSP ,VALID,, 10001 10285,,WT,129,12678,0
2022-04-07T17:24:46.291Z,4b23f727ddfc29370f089fb4d378a3ac85b29435e7472d4ebc8f18b7e8e9240a,Org1MSP,Func7,"[7"",""100"",""1"",""100""]""",Org1MSP Org2MSP ,VALID, 1 7, 1 7,,UT,129,12697,0
2022-04-07T17:24:46.292Z,9113c6f7ca49f6451b81dee8b23227d7c6a2455c8bcee4b3de484d3d8ebedf19,Org1MSP,Func7,"[51"",""100"",""564"",""100""]""",Org1MSP Org2MSP ,VALID, 51 564, 51 564,,UT,129,12651,0
2022-04-07T17:24:46.293Z,c6266c521674f8861236d55400eab1833108010cbf9923841ecd184a670a0a9b,Org1MSP,Func4,"[16865"",""1686500"",""11399"",""1139900""]""",Org1MSP Org2MSP ,VALID,, 11399 16865,,WT,129,12670,0
2022-04-07T17:24:46.294Z,967d2b2b1c23101e3c8d7ba65b33471ee3ca09ae21f40559a1c56aa52c1eb76f,Org1MSP,Func4,"[10011"",""1001100"",""10004"",""1000400""]""",Org1MSP Org2MSP ,VALID,, 10004 10011,,WT,129,12653,0
2022-04-07T17:24:46.389Z,4ceb9a7c7158feea68792eb86cf6a50ee1fcd9d7f2b720dfbffbcf5c0653037b,Org1MSP,Func1,"[170"",""684""]""",Org1MSP Org2MSP ,VALID, 170 684,,,RT,129,12625,0
2022-04-07T17:24:46.389Z,ed8e47e84fb18b5db770239c7774325855af01fdf2cea9f29bcc69eb70fe9cab,Org1MSP,Func4,"[10000"",""1000000"",""12328"",""1232800""]""",Org1MSP Org2MSP ,VALID,, 10000 12328,,WT,129,12684,0
2022-04-07T17:24:46.390Z,34b6919d1dff450a2ef05a21931b4c88da31f59ae0658fcee26a36d0d8c69964,Org1MSP,Func1,"[1310"",""447""]""",Org1MSP Org2MSP ,VALID, 1310 447,,,RT,129,12614,0
2022-04-07T17:24:46.392Z,8a9d71c792a7e80ff6c5a51c602e69c126389aa54a01290412ec0e28fb3f5317,Org1MSP,Func4,"[10000"",""1000000"",""10042"",""1004200""]""",Org1MSP Org2MSP ,VALID,, 10000 10042,,WT,129,12647,0
2022-04-07T17:24:46.393Z,793a0f71635b757a101c2fce2d3898b03b05a8ac9855c96c210e05eac65d6b7e,Org1MSP,Func4,"[10252"",""1025200"",""10040"",""1004000""]""",Org1MSP Org2MSP ,VALID,, 10040 10252,,WT,129,12640,0
2022-04-07T17:24:46.394Z,4971005f4f09e554b7c4902e0d0b2ec688a6058cfb2130995b96c6867378f689,Org1MSP,Func4,"[10077"",""1007700"",""11120"",""1112000""]""",Org1MSP Org2MSP ,VALID,, 10077 11120,,WT,129,12623,0
2022-04-07T17:24:46.396Z,948e96dc53bd3a0d8a5e81c233b48ba8a6ed56ea136147bc6fadb6a67bd2a2e3,Org1MSP,Func4,"[10045"",""1004500"",""12457"",""1245700""]""",Org1MSP Org2MSP ,VALID,, 10045 12457,,WT,129,12652,0
2022-04-07T17:24:46.399Z,9e9f92c1f907d7b348d2519b93d7bf9ec2c2c2ab98f3c96a5229d448e63a1890,Org1MSP,Func4,"[10031"",""1003100"",""11327"",""1132700""]""",Org1MSP Org2MSP ,VALID,, 10031 11327,,WT,129,12655,0
2022-04-07T17:24:46.489Z,5fb41240d76ebd8ebbb320f4761c2d5670da8a1818d77781b84673b70bd4568a,Org1MSP,Func4,"[11368"",""1136800"",""10159"",""1015900""]""",Org1MSP Org2MSP ,VALID,, 10159 11368,,WT,129,12630,0
2022-04-07T17:24:46.490Z,f9f2b15b73ebf929e05c8f7976181b3b97ed4791af3b619e4cf4ba59be9b6e11,Org1MSP,Func1,"[8649"",""887""]""",Org1MSP Org2MSP ,VALID, 8649 887,,,RT,129,12689,0
2022-04-07T17:24:46.491Z,8147a96f00db6bc82641f369417c792755b0230cc454777a260cfa197e67631b,Org1MSP,Func7,"[500"",""100"",""9332"",""100""]""",Org1MSP Org2MSP ,ENDORSEMENT_POLICY_FAILURE, 500 9332, 500 9332,,UT,129,12644,0
2022-04-07T17:24:46.493Z,ae85cd5609fc20ce3d26482d8bdf356413f85f60a7d6ef019ac81eaac5f03c5b,Org1MSP,Func7,"[384"",""100"",""819"",""100""]""",Org1MSP Org2MSP ,VALID, 384 819, 384 819,,UT,129,12659,0
2022-04-07T17:24:46.493Z,c006d900c2a9f0046c39c416454640171351bab93dae39a589773be4a8aef6d6,Org1MSP,Func4,"[12924"",""1292400"",""10015"",""1001500""]""",Org1MSP Org2MSP ,VALID,, 10015 12924,,WT,129,12667,0
2022-04-07T17:24:46.493Z,cb28661a6cfda13f6f9af3560336faa845dd67e3422f945c6886c7c07315d0a2,Org1MSP,Func7,"[40"",""100"",""3602"",""100""]""",Org1MSP Org2MSP ,VALID, 3602 40, 3602 40,,UT,129,12672,0
2022-04-07T17:24:46.493Z,f5ed1a3721553a2b28e53b7139e237bdf93c4e8739185329ede17c8cbd99063f,Org1MSP,Func1,"[1"",""266""]""",Org1MSP Org2MSP ,ENDORSEMENT_POLICY_FAILURE, 1 266,,,RT,129,12687,0
2022-04-07T17:24:46.497Z,6cf07c469357535c04e419f86af7ccb046c3673ee9c3ca80d0686cf78eba286a,Org1MSP,Func4,"[18599"",""1859900"",""10000"",""1000000""]""",Org1MSP Org2MSP ,VALID,, 10000 18599,,WT,129,12637,0
2022-04-07T17:24:46.498Z,3e1f20012ce47fc70db6804a22a96051be31520fc755b86690c01d9113f8c7eb,Org1MSP,Func4,"[10013"",""1001300"",""10077"",""1007700""]""",Org1MSP Org2MSP ,VALID,, 10013 10077,,WT,129,12619,0
2022-04-07T17:24:46.498Z,7e36e5f89f15c3b8487dec4b4e234fd4e72a78771ed8196254ad47e046919591,Org1MSP,Func4,"[10399"",""1039900"",""10009"",""1000900""]""",Org1MSP Org2MSP ,VALID,, 10009 10399,,WT,129,12643,0
2022-04-07T17:24:46.589Z,53262ce639bb52e17616aaff93926ab30f2c42dc8ad50c5234fd144b189d5537,Org1MSP,Func1,"[6"",""1807""]""",Org1MSP Org2MSP ,VALID, 1807 6,,,RT,129,12626,0
2022-04-07T17:24:46.589Z,dac254a132519a6c6903f02e1216495722b831b7c3ba52a78f4d6ca178911b14,Org1MSP,Func4,"[10136"",""1013600"",""10353"",""1035300""]""",Org1MSP Org2MSP ,VALID,, 10136 10353,,WT,129,12679,0
2022-04-07T17:24:46.590Z,bb037606fed8f6f1bbb097b7dbd5bdf0645c7eb7e02d8203d1508c87f271513e,Org1MSP,Func7,"[6"",""100"",""105"",""100""]""",Org1MSP Org2MSP ,VALID, 105 6, 105 6,,UT,129,12693,0
2022-04-07T17:24:46.591Z,e8a0dadf368484d939524ac9850cbfdeafb8c396fb8a614b69727b2cd33f9fff,Org1MSP,Func4,"[10275"",""1027500"",""12415"",""1241500""]""",Org1MSP Org2MSP ,VALID,, 10275 12415,,WT,129,12681,0
2022-04-07T17:24:46.592Z,2045e0d3a6f669cadee0864c7b5b904a12141ce6705076725f249e717874ac02,Org1MSP,Func4,"[10244"",""1024400"",""10000"",""1000000""]""",Org1MSP Org2MSP ,VALID,, 10000 10244,,WT,129,12609,0
2022-04-07T17:24:46.593Z,d22eb3ce9552c1301fb71bf14bfc1922d42ab84850930f4f7a669a6f3e01e616,Org1MSP,Func4,"[11600"",""1160000"",""10051"",""1005100""]""",Org1MSP Org2MSP ,VALID,, 10051 11600,,WT,129,12677,0
2022-04-07T17:24:46.595Z,6686ea67c20693e13fd8dbd6a401c3e061e6344abe758726f0508036ac907a0e,Org1MSP,Func4,"[10000"",""1000000"",""10000"",""1000000""]""",Org1MSP Org2MSP ,VALID,, 10000,,WT,129,12633,0
2022-04-07T17:24:46.596Z,8c7e6da21fafdefc1cc056950698820521559b082bace04132126da4750c9e2f,Org1MSP,Func4,"[10000"",""1000000"",""10001"",""1000100""]""",Org1MSP Org2MSP ,VALID,, 10000 10001,,WT,129,12649,0
2022-04-07T17:24:46.597Z,5da933c77b9e692da3dddeae4d25ca6ca168d55893716538b2002c269d25e69c,Org1MSP,Func4,"[10938"",""1093800"",""10000"",""1000000""]""",Org1MSP Org2MSP ,VALID,, 10000 10938,,WT,129,12629,0
2022-04-07T17:24:46.599Z,89a0d1fc5ca4e27b77142d77c09aa35e750b07415022c47c0dd2466f09d93618,Org1MSP,Func4,"[10001"",""1000100"",""10002"",""1000200""]""",Org1MSP Org2MSP ,VALID,, 10001 10002,,WT,129,12646,0
2022-04-07T17:24:46.689Z,15e6329bc0cdf322f14b4ce2efd4e884ac3331801757a83fccd2c79cc159f800,Org1MSP,Func4,"[16082"",""1608200"",""10292"",""1029200""]""",Org1MSP Org2MSP ,VALID,, 10292 16082,,WT,129,12607,0
2022-04-07T17:24:46.689Z,3b1403295f1dd6e01d7e51099e9f69af57aa51964b75514386da783bf5da3b16,Org1MSP,Func4,"[10278"",""1027800"",""10020"",""1002000""]""",Org1MSP Org2MSP ,VALID,, 10020 10278,,WT,129,12618,0
2022-04-07T17:24:46.689Z,585086de890375d5fd989415b1fdfeca25439ee841b31522eb3745d7f538489f,Org1MSP,Func7,"[58"",""100"",""320"",""100""]""",Org1MSP Org2MSP ,VALID, 320 58, 320 58,,UT,129,12627,0
2022-04-07T17:24:46.691Z,c307629d4d5b5e8ecf7ff5659a587df515692243d90529e8399eea97b4b45d55,Org1MSP,Func1,"[43"",""1313""]""",Org1MSP Org2MSP ,VALID, 1313 43,,,RT,129,12668,0
2022-04-07T17:24:46.692Z,cfba365b8de09e21de6ca5952ae4363cb871c329839f3eed466fa080bc331f71,Org1MSP,Func4,"[10001"",""1000100"",""12935"",""1293500""]""",Org1MSP Org2MSP ,VALID,, 10001 12935,,WT,129,12676,0
2022-04-07T17:24:46.693Z,2dd9e89c8d42abd96e03e2dfc593480bbad74f744e4d5af3b10fef01215c316f,Org1MSP,Func4,"[10004"",""1000400"",""10003"",""1000300""]""",Org1MSP Org2MSP ,VALID,, 10003 10004,,WT,129,12611,0
2022-04-07T17:24:46.694Z,3171a13bf097ab9e4ae0adde53f55c9626d894729530d59cbbd2466400613fbf,Org1MSP,Func4,"[10466"",""1046600"",""10000"",""1000000""]""",Org1MSP Org2MSP ,VALID,, 10000 10466,,WT,129,12612,0
2022-04-07T17:24:46.696Z,8c601389e6c12b6d2063702931587f07947f226d160302f6c09a118939672df9,Org1MSP,Func4,"[13206"",""1320600"",""10202"",""1020200""]""",Org1MSP Org2MSP ,VALID,, 10202 13206,,WT,129,12648,0
2022-04-07T17:24:46.700Z,bd89086a9af90211cd2051c9eb0bdbc77a65874385cbb4d7cfcab7f6afa0d939,Org1MSP,Func1,"[208"",""3""]""",Org1MSP Org2MSP ,VALID, 208 3,,,RT,129,12665,0
2022-04-07T17:24:46.701Z,e3839ea7e825126fd6d90b560b07539a1bf169d9bc201e58f6aaba760c4bc9e4,Org1MSP,Func4,"[10173"",""1017300"",""18250"",""1825000""]""",Org1MSP Org2MSP ,VALID,, 10173 18250,,WT,129,12680,0
2022-04-07T17:24:46.789Z,affd3f0428bf74eddb87e59ef85c936bdeaa8c4f776575d736ed93134917cd5f,Org1MSP,Func7,"[2"",""100"",""732"",""100""]""",Org1MSP Org2MSP ,VALID, 2 732, 2 732,,UT,129,12660,0
2022-04-07T17:24:46.789Z,b4bcc96c429196cae14f36ad2a9b59b4729c9681c53832e1e9f4a612d52f95b9,Org1MSP,Func4,"[10710"",""1071000"",""10000"",""1000000""]""",Org1MSP Org2MSP ,VALID,, 10000 10710,,WT,129,12664,0
2022-04-07T17:24:46.790Z,42a16616a58721f8207595036ebdb7a01d9319148c20d5bd6828c40c3087a830,Org1MSP,Func4,"[10020"",""1002000"",""10012"",""1001200""]""",Org1MSP Org2MSP ,VALID,, 10012 10020,,WT,129,12621,0
2022-04-07T17:24:46.792Z,3abdd6b25479652c4c0b6b1ae1ade9323a6990b3cee9059601e1bf6bfcb71a13,Org1MSP,Func4,"[10001"",""1000100"",""10005"",""1000500""]""",Org1MSP Org2MSP ,VALID,, 10001 10005,,WT,129,12617,0
2022-04-07T17:24:46.793Z,36745c43d0c5f735894cb1ecd16a3ced6fb1784884ea78af005c1a935eb32b93,Org1MSP,Func4,"[10213"",""1021300"",""15467"",""1546700""]""",Org1MSP Org2MSP ,VALID,, 10213 15467,,WT,129,12615,0
2022-04-07T17:24:46.794Z,b290edf625a9cb300bfbe7556ecb00688706ccbc32cd445cac8a14ce748aa051,Org1MSP,Func4,"[10025"",""1002500"",""10020"",""1002000""]""",Org1MSP Org2MSP ,VALID,, 10020 10025,,WT,129,12663,0
2022-04-07T17:24:46.796Z,676222ed7a1c5522b499ebd831cc68d4b673986d2039da73d6d3272146e7cdf8,Org1MSP,Func4,"[10065"",""1006500"",""10001"",""1000100""]""",Org1MSP Org2MSP ,VALID,, 10001 10065,,WT,129,12634,0
2022-04-07T17:24:46.797Z,ef676070b7e4334841659036f0c072ff91ca26e9419fc3107f545ef70c84d8b1,Org1MSP,Func4,"[10002"",""1000200"",""10000"",""1000000""]""",Org1MSP Org2MSP ,VALID,, 10000 10002,,WT,129,12686,0
2022-04-07T17:24:46.800Z,a6d926a055c3b5f16359e39a4896941902c2bdf79a7e5d27ca0b217540097942,Org1MSP,Func4,"[10001"",""1000100"",""18201"",""1820100""]""",Org1MSP Org2MSP ,VALID,, 10001 18201,,WT,129,12657,0
2022-04-07T17:24:46.801Z,154a8e7d00fb4859ca8c9dcb77171f9b5428f9f223c2eef6cbf1b8f6e43ea3e4,Org1MSP,Func4,"[10059"",""1005900"",""10002"",""1000200""]""",Org1MSP Org2MSP ,VALID,, 10002 10059,,WT,129,12606,0
2022-04-07T17:24:46.888Z,646e31f415694c52938a22609c45e808f3b5923aedcd3233e39c76f97865050b,Org1MSP,Func1,"[1"",""273""]""",Org1MSP Org2MSP ,VALID, 1 273,,,RT,129,12631,0
2022-04-07T17:24:46.890Z,5b5a719562e13b454813abbdd27967693cbdac085f4aba8c084832f4941aa2e9,Org1MSP,Func4,"[10585"",""1058500"",""10019"",""1001900""]""",Org1MSP Org2MSP ,VALID,, 10019 10585,,WT,129,12628,0
2022-04-07T17:24:46.891Z,7c037da949335000b1b6ea2e53f5a6e189de89294ab4b66cd13db60352a624d8,Org1MSP,Func4,"[10032"",""1003200"",""10635"",""1063500""]""",Org1MSP Org2MSP ,VALID,, 10032 10635,,WT,129,12642,0
2022-04-07T17:24:46.892Z,79dd7b5a811e6627833b0f67f893c4ca8aed54f75ee9d15c4c41633c6cf10a8e,Org1MSP,Func4,"[10093"",""1009300"",""11147"",""1114700""]""",Org1MSP Org2MSP ,VALID,, 10093 11147,,WT,129,12641,0
2022-04-07T17:24:46.894Z,05b15602f31994313627d6957ba6358c74f53e72fe84716397781156f6a12a9c,Org1MSP,Func4,"[10476"",""1047600"",""13523"",""1352300""]""",Org1MSP Org2MSP ,VALID,, 10476 13523,,WT,129,12600,0
2022-04-07T17:24:46.897Z,4845151db472df770c8dbf3af30fa34518ee105b5f223ed77272d97b5dfd51bf,Org1MSP,Func4,"[18759"",""1875900"",""10321"",""1032100""]""",Org1MSP Org2MSP ,VALID,, 10321 18759,,WT,129,12622,0
2022-04-07T17:24:46.898Z,8831747bd3c4e5a2c9a92c4ffe4522b399841c07f5a2623e8a4cba73ace9ffb1,Org1MSP,Func4,"[10025"",""1002500"",""10222"",""1022200""]""",Org1MSP Org2MSP ,VALID,, 10025 10222,,WT,129,12645,0
2022-04-07T17:24:46.898Z,f2aab21b61b39ab862681b769da09e81b8ff4fcd5f88a9098859d0027dfc4e43,Org1MSP,Func7,"[5"",""100"",""1645"",""100""]""",Org1MSP Org2MSP ,VALID, 1645 5, 1645 5,,UT,129,12692,0
2022-04-07T17:24:46.906Z,742f0357fbe635888b873c7aaefa4105254c5020187a7dd5340172d85b339065,Org1MSP,Func7,"[1083"",""100"",""73"",""100""]""",Org1MSP Org2MSP ,VALID, 1083 73, 1083 73,,UT,129,12638,0
2022-04-07T17:24:46.989Z,9bb040e046b1a3389c64b5f58f0e70df224df5820f25cf9ec805842df1afd564,Org1MSP,Func4,"[10114"",""1011400"",""10000"",""1000000""]""",Org1MSP Org2MSP ,VALID,, 10000 10114,,WT,129,12654,0
2022-04-07T17:24:46.990Z,089209619f80ee642381baf15c73cfa1b9770dc3c544f234be43b7aeb2662adb,Org1MSP,Func4,"[10001"",""1000100"",""10003"",""1000300""]""",Org1MSP Org2MSP ,VALID,, 10001 10003,,WT,129,12601,0
2022-04-07T17:24:46.991Z,8d7c5e0fbcaa5358c85b7ec160b837f220d14d0b59d057d00b2a4b1a9063566d,Org1MSP,Func4,"[10001"",""1000100"",""10311"",""1031100""]""",Org1MSP Org2MSP ,VALID,, 10001 10311,,WT,129,12650,0
2022-04-07T17:24:46.992Z,34017597ca32bfbdd1da0266aa3473a77df8457962f6ba7fb38e4f014316f994,Org1MSP,Func1,"[17"",""5""]""",Org1MSP Org2MSP ,VALID, 17 5,,,RT,129,12613,0
2022-04-07T17:24:46.992Z,fb49e7399e5082ebebcc68f0d1891ca7eea662d56f0b2595836027390a26d907,Org1MSP,Func4,"[13721"",""1372100"",""10126"",""1012600""]""",Org1MSP Org2MSP ,VALID,, 10126 13721,,WT,129,12690,0
2022-04-07T17:24:46.997Z,213671c9692cf8e5c7dcdd3f183cd154b3a98050a69d44f307abfdd78f7d0925,Org1MSP,Func7,"[664"",""100"",""1919"",""100""]""",Org1MSP Org2MSP ,VALID, 1919 664, 1919 664,,UT,129,12610,0
2022-04-07T17:24:46.997Z,2e8a9400ea5f0a186945b29c103255c4033c406727ffab7e078fe8e995d44883,Org1MSP,Func7,"[48"",""100"",""43"",""100""]""",Org1MSP Org2MSP ,VALID, 43 48, 43 48,,UT,129,12695,0
2022-04-07T17:24:46.999Z,e4a0763a96b6642518ac877e36ac97e38310717ff61f198742be0d7976a3552f,Org1MSP,Func7,"[3"",""100"",""251"",""100""]""",Org1MSP Org2MSP ,VALID, 251 3, 251 3,,UT,129,12694,0
2022-04-07T17:24:47.000Z,0be91882ac72282c1b144e1421d4337676697a4e46a14baa6aaf9407d7a0e7ef,Org1MSP,Func1,"[187"",""1436""]""",Org1MSP Org2MSP ,VALID, 1436 187,,,RT,129,12602,0
2022-04-07T17:24:47.088Z,122d8df1e8ec371ae58067476a4a5883123e7aa0766c8cdb64eef5d182a88206,Org1MSP,Func7,"[10"",""100"",""267"",""100""]""",Org1MSP Org2MSP ,VALID, 10 267, 10 267,,UT,129,12696,0
2022-04-07T17:24:47.089Z,aa457aa8d1d27aa6d8bb85ba9ffa5905dff49a1497dc76567aff06431aecccfd,Org1MSP,Func4,"[10086"",""1008600"",""10006"",""1000600""]""",Org1MSP Org2MSP ,VALID,, 10006 10086,,WT,129,12658,0
2022-04-07T17:24:47.090Z,75500d6f6e129867fef5c8acb5f98f83a46b023b60d9d201bd3d26e81043eda3,Org1MSP,Func4,"[10028"",""1002800"",""15974"",""1597400""]""",Org1MSP Org2MSP ,VALID,, 10028 15974,,WT,129,12639,0
2022-04-07T17:24:47.090Z,ebf497ecc3c97463899d0a212735d5f823d31f709c137718d4588198c8e924e8,Org1MSP,Func4,"[10007"",""1000700"",""17135"",""1713500""]""",Org1MSP Org2MSP ,VALID,, 10007 17135,,WT,129,12682,0
2022-04-07T17:24:47.092Z,a26aa928ee3ae8bd5573999133cfa7aaacd3b8ff496c926792037a759d21a7b9,Org1MSP,Func1,"[1"",""4074""]""",Org1MSP Org2MSP ,VALID, 1 4074,,,RT,129,12656,0
2022-04-07T17:24:47.095Z,be68b050a95b1a95b9014847489bcb333c3952e72ab863d5cda53189049acd2a,Org1MSP,Func4,"[10646"",""1064600"",""10012"",""1001200""]""",Org1MSP Org2MSP ,VALID,, 10012 10646,,WT,129,12666,0
2022-04-07T17:24:47.095Z,6912af1044e27a2b98c9231bd9a7684d200aa18bea45b355f065a529cdddebec,Org1MSP,Func7,"[758"",""100"",""898"",""100""]""",Org1MSP Org2MSP ,VALID, 758 898, 758 898,,UT,130,12732,0
2022-04-07T17:24:47.096Z,424599b6165c2af6f69020edf6e36f2421a911d226315cfb4b36caa3ace185da,Org1MSP,Func7,"[119"",""100"",""4274"",""100""]""",Org1MSP Org2MSP ,VALID, 119 4274, 119 4274,,UT,129,12620,0
2022-04-07T17:24:47.097Z,3fdb38325d7fba36c5c3e6c68d70a71a7c8baedc7fccea81199a4c6a10aa5902,Org1MSP,Func4,"[10068"",""1006800"",""10374"",""1037400""]""",Org1MSP Org2MSP ,VALID,, 10068 10374,,WT,130,12718,0
2022-04-07T17:24:47.098Z,0ad7498719989152396c114df672d05068760f06f872a9c7f17cb9580a0060c8,Org1MSP,Func4,"[14178"",""1417800"",""11534"",""1153400""]""",Org1MSP Org2MSP ,VALID,, 11534 14178,,WT,130,12704,0
2022-04-07T17:24:47.189Z,04b4d144f0dd4371048f8e58592c75c080592028b87eab2ecf6d9407e83af399,Org1MSP,Func4,"[10015"",""1001500"",""10026"",""1002600""]""",Org1MSP Org2MSP ,VALID,, 10015 10026,,WT,130,12701,0
2022-04-07T17:24:47.189Z,33daa6dbadfd606c43ee8015626f1dcb086a6b021e50f80a473845f8b08e8072,Org1MSP,Func4,"[16052"",""1605200"",""10006"",""1000600""]""",Org1MSP Org2MSP ,VALID,, 10006 16052,,WT,130,12716,0
2022-04-07T17:24:47.190Z,cb084b96eacb6e1137e39794ac9ba6ac63ffe5af3fdec25d67a181195ac99795,Org1MSP,Func1,"[1"",""245""]""",Org1MSP Org2MSP ,VALID, 1 245,,,RT,130,12755,0
2022-04-07T17:24:47.191Z,79fb87ddd7d07d8e8513cecba35ceaa094ac1e4175b670f7a00ec8a335ba40d9,Org1MSP,Func4,"[11292"",""1129200"",""11523"",""1152300""]""",Org1MSP Org2MSP ,VALID,, 11292 11523,,WT,130,12735,0
2022-04-07T17:24:47.192Z,024fd1e61fa6e5938df8d5bde822f3335d40976fd6e9e830fcd363f0280c8454,Org1MSP,Func4,"[11980"",""1198000"",""10008"",""1000800""]""",Org1MSP Org2MSP ,VALID,, 10008 11980,,WT,130,12699,0
2022-04-07T17:24:47.192Z,c3d2ca58fac360c4db5f73fcb5642de2d055b05e7dbceb9fb28b42c9ed03f6cc,Org1MSP,Func7,"[459"",""100"",""9"",""100""]""",Org1MSP Org2MSP ,VALID, 459 9, 459 9,,UT,130,12753,0
2022-04-07T17:24:47.194Z,b210161488bf128bf2901071aeda494b2f660293d67e010c8d16b28d3089c5ff,Org1MSP,Func4,"[10011"",""1001100"",""10143"",""1014300""]""",Org1MSP Org2MSP ,VALID,, 10011 10143,,WT,130,12750,0
2022-04-07T17:24:47.196Z,76c7db43e636eea958b6c0d0f57a106060031321d7c67feadc5104590bae5378,Org1MSP,Func4,"[10000"",""1000000"",""10413"",""1041300""]""",Org1MSP Org2MSP ,VALID,, 10000 10413,,WT,130,12734,0
2022-04-07T17:24:47.199Z,8d9cff3c413dcdb1939b0f4baa56b3971a184247b8eea5f9baa560310a50d5bb,Org1MSP,Func7,"[11"",""100"",""8"",""100""]""",Org1MSP Org2MSP ,VALID, 11 8, 11 8,,UT,130,12767,0
2022-04-07T17:24:47.200Z,f7ca286b2d956ae3a6256d6cdbdd32a9a84263feac0c59c0a1a491856dbff648,Org1MSP,Func7,"[407"",""100"",""8052"",""100""]""",Org1MSP Org2MSP ,VALID, 407 8052, 407 8052,,UT,130,12764,0
2022-04-07T17:24:47.288Z,4f598b8a19b3da68f3d951253012bf5731a771f37529e490ddc25dd832cab191,Org1MSP,Func1,"[6"",""9292""]""",Org1MSP Org2MSP ,VALID, 6 9292,,,RT,130,12724,0
2022-04-07T17:24:47.289Z,afeab8ee3e39bb3e0285f09faf7aeb094679be10374bbb92f000cd741ee29766,Org1MSP,Func4,"[11521"",""1152100"",""10309"",""1030900""]""",Org1MSP Org2MSP ,VALID,, 10309 11521,,WT,130,12748,0
2022-04-07T17:24:47.289Z,e016b649b134aa740a6a450db336956a2ca294aba296c1ce94574b37f08832a3,Org1MSP,Func1,"[5"",""1""]""",Org1MSP Org2MSP ,VALID, 1 5,,,RT,130,12760,0
2022-04-07T17:24:47.290Z,c2abcfade7259844182b35bdd0e258888c80b3a51eaa1d7d58188e3779f5ebd6,Org1MSP,Func7,"[1482"",""100"",""278"",""100""]""",Org1MSP Org2MSP ,VALID, 1482 278, 1482 278,,UT,130,12752,0
2022-04-07T17:24:47.292Z,f3177c4265da906c853bd603447e6278d337beba78f2be1013f3fd8dbaa2736a,Org1MSP,Func1,"[8"",""3""]""",Org1MSP Org2MSP ,VALID, 3 8,,,RT,130,12763,0
2022-04-07T17:24:47.293Z,537b7fbf6971747cb50e3e5d686d40a41101b7c33c8663ff50197becb30acfec,Org1MSP,Func4,"[15069"",""1506900"",""11174"",""1117400""]""",Org1MSP Org2MSP ,VALID,, 11174 15069,,WT,130,12726,0
2022-04-07T17:24:47.295Z,87dd0aff1e462bd6bd0374f239bafd48115f2a38639ad2d81a44a9a6f834846b,Org1MSP,Func4,"[11748"",""1174800"",""10138"",""1013800""]""",Org1MSP Org2MSP ,VALID,, 10138 11748,,WT,130,12737,0
2022-04-07T17:24:47.296Z,ddc0c5d538b3293908ec4a0d2b2712a422e67fcc138108a7d9a087482b8970f9,Org1MSP,Func4,"[10006"",""1000600"",""10127"",""1012700""]""",Org1MSP Org2MSP ,VALID,, 10006 10127,,WT,130,12759,0
2022-04-07T17:24:47.298Z,652a17039e9898fc97481791c4191b745c92bb3583e8bd52146494b74fc0fa00,Org1MSP,Func4,"[12543"",""1254300"",""10520"",""1052000""]""",Org1MSP Org2MSP ,VALID,, 10520 12543,,WT,130,12731,0
2022-04-07T17:24:47.299Z,22c14fde816aac6a2136e8f6185aec51d035140280cc6b6654affbe1863e4766,Org1MSP,Func1,"[6"",""139""]""",Org1MSP Org2MSP ,VALID, 139 6,,,RT,130,12711,0
2022-04-07T17:24:47.390Z,3752e087159dcb29747e63d26eb9603ce27710c4c084f40d44a2c3447655bbdc,Org1MSP,Func4,"[12780"",""1278000"",""10134"",""1013400""]""",Org1MSP Org2MSP ,VALID,, 10134 12780,,WT,130,12717,0
2022-04-07T17:24:47.390Z,d41469da82beff764b5794101dd5c3c304b9a79b10f1841cda319538a83bc159,Org1MSP,Func4,"[10002"",""1000200"",""10045"",""1004500""]""",Org1MSP Org2MSP ,VALID,, 10002 10045,,WT,130,12757,0
2022-04-07T17:24:47.391Z,af6772f3da629519bd744d49ff7db173bf8ae0c7161b6317b1d36829fc1599ec,Org1MSP,Func4,"[10350"",""1035000"",""17070"",""1707000""]""",Org1MSP Org2MSP ,VALID,, 10350 17070,,WT,130,12747,0
2022-04-07T17:24:47.392Z,23eb4b1165d4e2308d2302a06480b23122bc9da177c50ba69ed7aa53d7e4a4fb,Org1MSP,Func7,"[389"",""100"",""1213"",""100""]""",Org1MSP Org2MSP ,VALID, 1213 389, 1213 389,,UT,130,12713,0
2022-04-07T17:24:47.394Z,53876e48ad66f70e4d956fee775bf304579f81f94926249429a69a70948cfd76,Org1MSP,Func7,"[592"",""100"",""27"",""100""]""",Org1MSP Org2MSP ,VALID, 27 592, 27 592,,UT,130,12727,0
2022-04-07T17:24:47.395Z,a8354894942a751434c99f774a1d0a2572e14ec13c2634cb784abf79ef89a280,Org1MSP,Func4,"[10000"",""1000000"",""10025"",""1002500""]""",Org1MSP Org2MSP ,VALID,, 10000 10025,,WT,130,12745,0
2022-04-07T17:24:47.396Z,921aac81f0870f098bcf6ecf2151e4ea07d9dfce103ec181b38a3ca7078fdbd2,Org1MSP,Func4,"[10000"",""1000000"",""10002"",""1000200""]""",Org1MSP Org2MSP ,VALID,, 10000 10002,,WT,130,12740,0
2022-04-07T17:24:47.397Z,9fa16b4228051e07998597a70946a9e002189ff6276d43f6ad2d7e30590bca39,Org1MSP,Func4,"[10052"",""1005200"",""10003"",""1000300""]""",Org1MSP Org2MSP ,VALID,, 10003 10052,,WT,130,12743,0
2022-04-07T17:24:47.398Z,011a55c5f59dc64a11a3047cdade6bc5ff5f091c85a123346363c8a070752f85,Org1MSP,Func7,"[23"",""100"",""17"",""100""]""",Org1MSP Org2MSP ,VALID, 17 23, 17 23,,UT,130,12698,0
2022-04-07T17:24:47.489Z,a136d9eb7e3768a8caa6bce84aeb77ab7b635aa9ff54f7ac233b11b8959775da,Org1MSP,Func1,"[2"",""5790""]""",Org1MSP Org2MSP ,VALID, 2 5790,,,RT,130,12744,0
2022-04-07T17:24:47.490Z,6d8b56207e00ba850279b18760b893bb73c30e29d464409b1039c6ad45308551,Org1MSP,Func4,"[10437"",""1043700"",""10097"",""1009700""]""",Org1MSP Org2MSP ,VALID,, 10097 10437,,WT,130,12733,0
2022-04-07T17:24:47.490Z,d1fa2a94216ba3f62182a54ec8bcd221c605a098e01fa14f40a6d95b5252ff9a,Org1MSP,Func4,"[10079"",""1007900"",""10100"",""1010000""]""",Org1MSP Org2MSP ,VALID,, 10079 10100,,WT,130,12756,0
2022-04-07T17:24:47.493Z,4394d4fcbbf2f9fcdb43227f7b8404e4ce22a08b21b9294454d7255212734bd0,Org1MSP,Func1,"[5"",""342""]""",Org1MSP Org2MSP ,VALID, 342 5,,,RT,130,12719,0
2022-04-07T17:24:47.494Z,463587825a49d7b212f4f1e4e507244b4d9e61ff7aa5ec4ce7601e6fa0d66345,Org1MSP,Func4,"[10001"",""1000100"",""10029"",""1002900""]""",Org1MSP Org2MSP ,VALID,, 10001 10029,,WT,130,12721,0
2022-04-07T17:24:47.496Z,9ab3e27b8182dcc217c5046fd3cab588100db13f0f6b9f44c23f26b8a9a15372,Org1MSP,Func4,"[13920"",""1392000"",""10138"",""1013800""]""",Org1MSP Org2MSP ,VALID,, 10138 13920,,WT,130,12741,0
2022-04-07T17:24:47.496Z,fe871440af555439c223e8c0375ad68541549c8a2b5b9df77b13988d3f4044db,Org1MSP,Func1,"[1714"",""3944""]""",Org1MSP Org2MSP ,VALID, 1714 3944,,,RT,130,12765,0
2022-04-07T17:24:47.498Z,551362102397e06811f37688a39042b5ffc90f4affea33881f560195d5472e03,Org1MSP,Func4,"[10118"",""1011800"",""10000"",""1000000""]""",Org1MSP Org2MSP ,VALID,, 10000 10118,,WT,130,12728,0
2022-04-07T17:24:47.499Z,afeeea9e35512e66655edcd6281ec3bcb24b581bea7c02ff53bbc0a017c44500,Org1MSP,Func4,"[10012"",""1001200"",""10001"",""1000100""]""",Org1MSP Org2MSP ,VALID,, 10001 10012,,WT,130,12749,0
2022-04-07T17:24:47.589Z,aba828f84fdb2daa8917cc76992748a14ab9a7e29fc3afa83bb328d6d12aea0a,Org1MSP,Func4,"[10346"",""1034600"",""12016"",""1201600""]""",Org1MSP Org2MSP ,VALID,, 10346 12016,,WT,130,12746,0
2022-04-07T17:24:47.590Z,0de55a8bbb5ff14d1c8f078bc3cb604b01e1125b564d863e2a578a1ea28b7962,Org1MSP,Func4,"[10014"",""1001400"",""10055"",""1005500""]""",Org1MSP Org2MSP ,VALID,, 10014 10055,,WT,130,12705,0
2022-04-07T17:24:47.590Z,1bd9e14b789547edc8fdf12152d0a33c1c907ca44b653dfe7e9c05d214c37780,Org1MSP,Func4,"[16476"",""1647600"",""11766"",""1176600""]""",Org1MSP Org2MSP ,VALID,, 11766 16476,,WT,130,12708,0
2022-04-07T17:24:47.593Z,2337e9751cecc12ceebd5a5df4cc0c1719c08d36ad2b55b2eeb529dd86ed140c,Org1MSP,Func4,"[10483"",""1048300"",""11901"",""1190100""]""",Org1MSP Org2MSP ,VALID,, 10483 11901,,WT,130,12712,0
2022-04-07T17:24:47.593Z,bd1950add3177270b182c179d2ff5faec7be803d5ec23d90c69a668dee368db9,Org1MSP,Func7,"[1461"",""100"",""1432"",""100""]""",Org1MSP Org2MSP ,VALID, 1432 1461, 1432 1461,,UT,130,12751,0
2022-04-07T17:24:47.595Z,20d14f6a03e82a7a9addfa347cd9aabc331e4e0f179af75cb409d3508c54fa16,Org1MSP,Func1,"[32"",""19""]""",Org1MSP Org2MSP ,VALID, 19 32,,,RT,130,12709,0
2022-04-07T17:24:47.595Z,8bf2cb9eb5e82e106deb959a839541758ec492390a48f2ed52eff391311c7f8c,Org1MSP,Func4,"[10000"",""1000000"",""10001"",""1000100""]""",Org1MSP Org2MSP ,VALID,, 10000 10001,,WT,130,12739,0
2022-04-07T17:24:47.596Z,591d99c67162cb73cfcd8e3d4f9630fc57cb1e55677a55ed3770535271d200d9,Org1MSP,Func1,"[12"",""1053""]""",Org1MSP Org2MSP ,VALID, 1053 12,,,RT,130,12729,0
2022-04-07T17:24:47.597Z,187478917921c0cae50359a2a667b9f49903261a614d90d57fddf3c0f56796e5,Org1MSP,Func4,"[10039"",""1003900"",""10000"",""1000000""]""",Org1MSP Org2MSP ,VALID,, 10000 10039,,WT,130,12706,0
2022-04-07T17:24:47.599Z,8861cbe08993abcaccf175c2f1724b4b5630d5a34c72f9d33385ea0db72ce478,Org1MSP,Func4,"[10011"",""1001100"",""10018"",""1001800""]""",Org1MSP Org2MSP ,VALID,, 10011 10018,,WT,130,12738,0
2022-04-07T17:24:47.689Z,03080ad4f7e1123da631bcc55da2106a6f795affeb0258c21d821bbf7f9ea0fb,Org1MSP,Func1,"[2322"",""25""]""",Org1MSP Org2MSP ,VALID, 2322 25,,,RT,130,12700,0
2022-04-07T17:24:47.689Z,509e75d3ed4ed41d1efc11cd523c4866fdeba50ae04678634ba74b5ad587cb15,Org1MSP,Func4,"[10154"",""1015400"",""10000"",""1000000""]""",Org1MSP Org2MSP ,VALID,, 10000 10154,,WT,130,12725,0
2022-04-07T17:24:47.689Z,e6c1f7900344c40faba80d382e75a4e14177bd83ea98bd3b98af6b809a38937f,Org1MSP,Func7,"[6384"",""100"",""1167"",""100""]""",Org1MSP Org2MSP ,VALID, 1167 6384, 1167 6384,,UT,130,12762,0
2022-04-07T17:24:47.690Z,4651e05d124ec5d4d82166557bc3c89cb7181b8528d196065650d83b898ec6da,Org1MSP,Func7,"[52"",""100"",""56"",""100""]""",Org1MSP Org2MSP ,VALID, 52 56, 52 56,,UT,130,12722,0
2022-04-07T17:24:47.692Z,4e62aac0e8f8f5da834def06ca6da4a00a2c16a67e080ce7018dddb66c0b24fc,Org1MSP,Func4,"[11262"",""1126200"",""10233"",""1023300""]""",Org1MSP Org2MSP ,VALID,, 10233 11262,,WT,130,12723,0
2022-04-07T17:24:47.693Z,ff643c779ac2cd875fecc7a3a8364b4bfdaccdb2838bf78ef5b441647850fb00,Org1MSP,Func4,"[10000"",""1000000"",""10076"",""1007600""]""",Org1MSP Org2MSP ,VALID,, 10000 10076,,WT,130,12766,0
2022-04-07T17:24:47.696Z,0887025d4d5b8c22a57e2243218edcf0638241af00d3ae6da152f65b7451fc4b,Org1MSP,Func4,"[10004"",""1000400"",""10002"",""1000200""]""",Org1MSP Org2MSP ,VALID,, 10002 10004,,WT,130,12703,0
2022-04-07T17:24:47.696Z,c879a958666324591cdbe45985fd46b15af748e243fad694e72bb1b0e56e820a,Org1MSP,Func4,"[10004"",""1000400"",""10852"",""1085200""]""",Org1MSP Org2MSP ,VALID,, 10004 10852,,WT,130,12754,0
2022-04-07T17:24:47.697Z,457a997404a9ffeee9026930a3c730c64913dc4cefa97ad513f39e073138545f,Org1MSP,Func4,"[10072"",""1007200"",""10143"",""1014300""]""",Org1MSP Org2MSP ,VALID,, 10072 10143,,WT,130,12720,0
2022-04-07T17:24:47.698Z,e1ba7b882010c84c6f363f2c7174a701ba73e3301abf91382209fb8dfbb74a57,Org1MSP,Func4,"[10025"",""1002500"",""10262"",""1026200""]""",Org1MSP Org2MSP ,VALID,, 10025 10262,,WT,130,12761,0
2022-04-07T17:24:47.789Z,9d82adc3a4dc7bb866fd7957af385f3b1a6754d3fe9c13108305e069d36a572b,Org1MSP,Func4,"[10510"",""1051000"",""12298"",""1229800""]""",Org1MSP Org2MSP ,VALID,, 10510 12298,,WT,130,12742,0
2022-04-07T17:24:47.789Z,d900b88a8d331399277ccd285a6653b9439076f277f0a9001b0cbd8c6d4fa131,Org1MSP,Func7,"[148"",""100"",""7932"",""100""]""",Org1MSP Org2MSP ,VALID, 148 7932, 148 7932,,UT,130,12758,0
2022-04-07T17:24:47.790Z,1acdee8c1c31b54c2c4d91d7fcc32b1ae930a1a06d2dad370587a70bcc009ec7,Org1MSP,Func4,"[10000"",""1000000"",""10299"",""1029900""]""",Org1MSP Org2MSP ,VALID,, 10000 10299,,WT,130,12707,0
2022-04-07T17:24:47.790Z,213f1012e339daa70639cc9a2be177960a17877cd30139dfbe5092186d517427,Org1MSP,Func7,"[80"",""100"",""26"",""100""]""",Org1MSP Org2MSP ,VALID, 26 80, 26 80,,UT,130,12710,0
2022-04-07T17:24:47.795Z,270a4f42c9659a9cb241723689ce847f968725db50cf295cdd516bbbdc9037f1,Org1MSP,Func1,"[38"",""1018""]""",Org1MSP Org2MSP ,VALID, 1018 38,,,RT,130,12714,0
2022-04-07T17:24:47.795Z,597d65464a58a44add498e7713c243d7c8ba38d45d149d6a0f8db2fde03d66bb,Org1MSP,Func4,"[10009"",""1000900"",""10038"",""1003800""]""",Org1MSP Org2MSP ,VALID,, 10009 10038,,WT,130,12730,0
2022-04-07T17:24:47.797Z,33223a4ac4b84bc49dadb6d9006b3d6cedcee94845de354c512405379fe5cdb5,Org1MSP,Func4,"[10000"",""1000000"",""10001"",""1000100""]""",Org1MSP Org2MSP ,VALID,, 10000 10001,,WT,130,12715,0
2022-04-07T17:24:47.798Z,7ef3699c902ea8af290f64c0c4e4efd404eb04d544da2d406e8be8add35a1aea,Org1MSP,Func4,"[11615"",""1161500"",""10009"",""1000900""]""",Org1MSP Org2MSP ,VALID,, 10009 11615,,WT,130,12736,0
2022-04-07T17:24:47.799Z,0609b89ec72cdd1ac3f3244e7112e2a554a3080ea7960572cbc7c56cf258e379,Org1MSP,Func4,"[10484"",""1048400"",""10135"",""1013500""]""",Org1MSP Org2MSP ,VALID,, 10135 10484,,WT,130,12702,0
2022-04-07T17:24:47.889Z,60a34edeb6d1cfaf8185e4abe8f94cb9253e291245a36dff7cb84914410a645b,Org1MSP,Func4,"[10036"",""1003600"",""11525"",""1152500""]""",Org1MSP Org2MSP ,VALID,, 10036 11525,,WT,131,12822,0
2022-04-07T17:24:47.890Z,00d0a3270cb7cf2a636ff436d6483b17fac75950fc559c6ebf3c9bb7b1d50146,Org1MSP,Func4,"[14169"",""1416900"",""10091"",""1009100""]""",Org1MSP Org2MSP ,VALID,, 10091 14169,,WT,131,12768,0
2022-04-07T17:24:47.890Z,71d5b5a65b102ceb7c120b55e1c38ee795bd2d2c96be67672c2915d8c7fcd9e0,Org1MSP,Func4,"[10217"",""1021700"",""10018"",""1001800""]""",Org1MSP Org2MSP ,VALID,, 10018 10217,,WT,131,12828,0
2022-04-07T17:24:47.891Z,c5e17106b2d9ac0750e2046ace00db7fbe8dfd746ea7d294f5140b8c81f59253,Org1MSP,Func7,"[8248"",""100"",""126"",""100""]""",Org1MSP Org2MSP ,VALID, 126 8248, 126 8248,,UT,131,12876,0
2022-04-07T17:24:47.893Z,09e96e382fef929c3f404d7358f4fcd5b9d24ab993f50f14d773ec2af481e2bf,Org1MSP,Func4,"[17186"",""1718600"",""14716"",""1471600""]""",Org1MSP Org2MSP ,VALID,, 14716 17186,,WT,131,12771,0
2022-04-07T17:24:47.893Z,dcc47850750aa4d9d3abd697bcb0b0afa3a9e250e5ca2ba02d736acc295ce0ec,Org1MSP,Func1,"[2813"",""11""]""",Org1MSP Org2MSP ,VALID, 11 2813,,,RT,131,12889,0
2022-04-07T17:24:47.894Z,3e54e3b747afc8cb5d09e27e6b4c24a0a7320dc99d956e6fafa975fa8ead7c72,Org1MSP,Func4,"[10375"",""1037500"",""10000"",""1000000""]""",Org1MSP Org2MSP ,VALID,, 10000 10375,,WT,131,12803,0
2022-04-07T17:24:47.896Z,bfdf184bcda2c581cbfd392a7de6add6fa8bafcdb2579e7d0a678b683553c35c,Org1MSP,Func4,"[10004"",""1000400"",""10057"",""1005700""]""",Org1MSP Org2MSP ,VALID,, 10004 10057,,WT,131,12870,0
2022-04-07T17:24:47.897Z,03870de40767a7deb3b8e2680c2b00b45e5b869ac5376bc396bde35329a46d1c,Org1MSP,Func7,"[111"",""100"",""20"",""100""]""",Org1MSP Org2MSP ,VALID, 111 20, 111 20,,UT,131,12909,0
2022-04-07T17:24:47.898Z,9dffb6870437447980ce7a471b662e31dc1c84e60435c566bb6a3a75bc40f1fc,Org1MSP,Func1,"[2091"",""33""]""",Org1MSP Org2MSP ,VALID, 2091 33,,,RT,131,12853,0
2022-04-07T17:24:47.990Z,57744b5ec145c3da70c49007b8dd9eae3b9b70560c7e536aad067fe890c3dbc6,Org1MSP,Func1,"[3"",""507""]""",Org1MSP Org2MSP ,VALID, 3 507,,,RT,131,12815,0
2022-04-07T17:24:47.990Z,9a0749cf9e9bc628f964be01c33cfa1efed79bfacd202bafc43c50813563fc2a,Org1MSP,Func4,"[10046"",""1004600"",""10105"",""1010500""]""",Org1MSP Org2MSP ,VALID,, 10046 10105,,WT,131,12848,0
2022-04-07T17:24:47.991Z,8f173aa2088e9b1ea0e3059482860e6983c00759de8051d23c562e9814804830,Org1MSP,Func4,"[10213"",""1021300"",""10257"",""1025700""]""",Org1MSP Org2MSP ,VALID,, 10213 10257,,WT,131,12845,0
2022-04-07T17:24:47.993Z,24ac045c9c58ed0e8fb7e384484030e290286e2055950801b532412a461e0d40,Org1MSP,Func4,"[10104"",""1010400"",""15585"",""1558500""]""",Org1MSP Org2MSP ,VALID,, 10104 15585,,WT,131,12786,0
2022-04-07T17:24:47.993Z,5afc87456e445d1795df74220e55802e7a95f9304953b7e57004d4d1774415c6,Org1MSP,Func4,"[10019"",""1001900"",""10001"",""1000100""]""",Org1MSP Org2MSP ,VALID,, 10001 10019,,WT,131,12818,0
2022-04-07T17:24:47.994Z,0afc212125668bf34c299cbb1af3a5fd9c4d331ce04eb547bc8121aadf00e84c,Org1MSP,Func4,"[10117"",""1011700"",""10000"",""1000000""]""",Org1MSP Org2MSP ,VALID,, 10000 10117,,WT,131,12773,0
2022-04-07T17:24:47.997Z,9ddd02f8c14f314baf8c3f7b0c24e9edc7fe72140b461c1c71787689b7c8d21a,Org1MSP,Func4,"[10000"",""1000000"",""10314"",""1031400""]""",Org1MSP Org2MSP ,VALID,, 10000 10314,,WT,131,12852,0
2022-04-07T17:24:47.997Z,e563893e382815d9dcb5849cf8f59ec8952b1d9324744f85670f04a3f5da4fd7,Org1MSP,Func1,"[306"",""61""]""",Org1MSP Org2MSP ,VALID, 306 61,,,RT,131,12892,0
2022-04-07T17:24:47.998Z,ba0d90c7fece695cf626d78ecdd7d4e1cb93971e9586ca384cec10ff09f37555,Org1MSP,Func4,"[10020"",""1002000"",""10559"",""1055900""]""",Org1MSP Org2MSP ,VALID,, 10020 10559,,WT,131,12867,0
2022-04-07T17:24:48.089Z,41293c939dcf4f4a187db35a9c9daea49aa1dc1c3ff060245eeb34a3e369bd2b,Org1MSP,Func4,"[10003"",""1000300"",""10008"",""1000800""]""",Org1MSP Org2MSP ,VALID,, 10003 10008,,WT,131,12806,0
2022-04-07T17:24:48.089Z,4fb6c9bf5aa2e6660b34cb90febe166ddc7097e78d53d6b418d5cfc17ddcf48a,Org1MSP,Func4,"[10013"",""1001300"",""10727"",""1072700""]""",Org1MSP Org2MSP ,VALID,, 10013 10727,,WT,131,12809,0
2022-04-07T17:24:48.090Z,da4a1e3acd6380f90667bf49348bf016b791e5ec543c51706ea1cc28a4373053,Org1MSP,Func7,"[1"",""100"",""30"",""100""]""",Org1MSP Org2MSP ,VALID, 1 30, 1 30,,UT,131,12904,0
2022-04-07T17:24:48.092Z,559168f6f9b91479bbbc2dcc0eaf842086a5a7b5242440193c539b18a0bf43f5,Org1MSP,Func7,"[3007"",""100"",""118"",""100""]""",Org1MSP Org2MSP ,VALID, 118 3007, 118 3007,,UT,131,12813,0
2022-04-07T17:24:48.093Z,2fc3cfe14d21bdd258d31f9a08cbeec3560f71a7f06fc3838be90a2ebae5b3a8,Org1MSP,Func1,"[3"",""461""]""",Org1MSP Org2MSP ,VALID, 3 461,,,RT,131,12795,0
2022-04-07T17:24:48.094Z,285f64f35c9c993706552c6a4e95ea79bcf7a05c516ba4df37116fefe61b7c07,Org1MSP,Func4,"[10006"",""1000600"",""10026"",""1002600""]""",Org1MSP Org2MSP ,VALID,, 10006 10026,,WT,131,12789,0
2022-04-07T17:24:48.096Z,5482b2ffadfd1e36eb370cf984df134e50b875e9abeb101f0709eff5bde206d4,Org1MSP,Func4,"[10003"",""1000300"",""10000"",""1000000""]""",Org1MSP Org2MSP ,VALID,, 10000 10003,,WT,131,12812,0
2022-04-07T17:24:48.097Z,8e3ddba2a9cf5919c523dfd7abf5dc1e2915e63b6402aecfd9d23283d1406a0d,Org1MSP,Func4,"[10394"",""1039400"",""14695"",""1469500""]""",Org1MSP Org2MSP ,VALID,, 10394 14695,,WT,131,12843,0
2022-04-07T17:24:48.098Z,8fd1739a422d352a286804fd2616b600bbbea2de7a5b5c4e5341d647dc3649a4,Org1MSP,Func4,"[13372"",""1337200"",""10064"",""1006400""]""",Org1MSP Org2MSP ,VALID,, 10064 13372,,WT,131,12846,0
2022-04-07T17:24:48.189Z,c52a7fbc1c27edd831fbf9070595b2ba3db99066751dcc6fb7ba3d83bf73a427,Org1MSP,Func1,"[67"",""2677""]""",Org1MSP Org2MSP ,VALID, 2677 67,,,RT,131,12875,0
2022-04-07T17:24:48.190Z,1a2931759eeed21d97409edeffc8ee13c3db2a3632240de18c51e20766c4f668,Org1MSP,Func4,"[10622"",""1062200"",""10058"",""1005800""]""",Org1MSP Org2MSP ,VALID,, 10058 10622,,WT,131,12778,0
2022-04-07T17:24:48.190Z,280065728ad5506d2e57429b45aa8ce865df10f36377531e46483ed099a4d5e1,Org1MSP,Func1,"[1"",""7""]""",Org1MSP Org2MSP ,VALID, 1 7,,,RT,131,12788,0
2022-04-07T17:24:48.191Z,38c31a41570de135d5719dd5fecd3bbd5d6ae7b7c5ea430e6dbd59709e453365,Org1MSP,Func7,"[2"",""100"",""3077"",""100""]""",Org1MSP Org2MSP ,VALID, 2 3077, 2 3077,,UT,131,12908,0
2022-04-07T17:24:48.193Z,9a6a1b437b03d018c6b1cbfa1902abb8a157aa6099a974f24361607c001058dc,Org1MSP,Func4,"[10024"",""1002400"",""12779"",""1277900""]""",Org1MSP Org2MSP ,VALID,, 10024 12779,,WT,131,12849,0
2022-04-07T17:24:48.194Z,75680047bc809d477c03af16b9bf4b43997f3e985fcea471472d5a811a483b73,Org1MSP,Func4,"[10016"",""1001600"",""10173"",""1017300""]""",Org1MSP Org2MSP ,VALID,, 10016 10173,,WT,131,12829,0
2022-04-07T17:24:48.194Z,e28c00b1e51c2588ca2d033e47b32fc8192214312ea53e6faaf52ab0c53df344,Org1MSP,Func1,"[1655"",""57""]""",Org1MSP Org2MSP ,VALID, 1655 57,,,RT,131,12891,0
2022-04-07T17:24:48.196Z,34ce7ea069b473dada4119ae2a52fcee7ab33787083a4be00c100358c605d365,Org1MSP,Func4,"[10015"",""1001500"",""10007"",""1000700""]""",Org1MSP Org2MSP ,VALID,, 10007 10015,,WT,131,12798,0
2022-04-07T17:24:48.197Z,7c7b128565e2c05315d4c2f04e1bb9f346b8ff4cd74003d3563376e9e5fce01a,Org1MSP,Func7,"[73"",""100"",""69"",""100""]""",Org1MSP Org2MSP ,VALID, 69 73, 69 73,,UT,131,12833,0
2022-04-07T17:24:48.198Z,9e80a47b21a11d8a0cc95e8f5c44bc2183237f22ff0ff90e62b88896e76adfed,Org1MSP,Func4,"[10004"",""1000400"",""12609"",""1260900""]""",Org1MSP Org2MSP ,VALID,, 10004 12609,,WT,131,12854,0
2022-04-07T17:24:48.289Z,80c43bce3bb998a6625896226b261b420de40ec3abb9cbcaa1baecf3a753fc5a,Org1MSP,Func4,"[10004"",""1000400"",""10123"",""1012300""]""",Org1MSP Org2MSP ,VALID,, 10004 10123,,WT,131,12836,0
2022-04-07T17:24:48.289Z,8e739bc134dee60efee3944f3c8e6e1b6ba6bca924cb200a60d795f33331018c,Org1MSP,Func4,"[10002"",""1000200"",""10204"",""1020400""]""",Org1MSP Org2MSP ,VALID,, 10002 10204,,WT,131,12844,0
2022-04-07T17:24:48.290Z,17a79868d008629185c7e1f2424686df6eb49d65670e96abd2a1dcd1c146a400,Org1MSP,Func4,"[10571"",""1057100"",""12394"",""1239400""]""",Org1MSP Org2MSP ,VALID,, 10571 12394,,WT,131,12777,0
2022-04-07T17:24:48.291Z,b6cbceac9b6c661c6e2a918c575495d737bab3f6d545712703801f5c704f9006,Org1MSP,Func4,"[10000"",""1000000"",""15767"",""1576700""]""",Org1MSP Org2MSP ,VALID,, 10000 15767,,WT,131,12864,0
2022-04-07T17:24:48.294Z,f49b15f2771e0414789690229ea7430f968ec108ef469aee55b8dc519dc495bc,Org1MSP,Func4,"[10212"",""1021200"",""15990"",""1599000""]""",Org1MSP Org2MSP ,VALID,, 10212 15990,,WT,131,12899,0
2022-04-07T17:24:48.295Z,c08ae4e34c0fc354b109e27f564f26616f4638efe2d6a23d6223934412bda8df,Org1MSP,Func7,"[29"",""100"",""202"",""100""]""",Org1MSP Org2MSP ,VALID, 202 29, 202 29,,UT,131,12872,0
2022-04-07T17:24:48.296Z,7984765932218b55a07a71a4258e39b0ab6e5b630e74da8a8bdd99ac43060714,Org1MSP,Func4,"[15355"",""1535500"",""10776"",""1077600""]""",Org1MSP Org2MSP ,VALID,, 10776 15355,,WT,131,12831,0
2022-04-07T17:24:48.298Z,d7553d7d25992ae7833d71bd341c78ba887a14c0e1efdf4a6266c0d4a281f5bc,Org1MSP,Func4,"[17511"",""1751100"",""10052"",""1005200""]""",Org1MSP Org2MSP ,VALID,, 10052 17511,,WT,131,12884,0
2022-04-07T17:24:48.299Z,1c163c564cf895fc5bf42eebbc46e9f3b7882653426160b7f24876624630bfb4,Org1MSP,Func4,"[10026"",""1002600"",""10006"",""1000600""]""",Org1MSP Org2MSP ,VALID,, 10006 10026,,WT,131,12783,0
2022-04-07T17:24:48.389Z,13eef71730f6cb6b2c12cb5b26f3cb19397e79fc327a546902180dc96021c34e,Org1MSP,Func4,"[10000"",""1000000"",""10253"",""1025300""]""",Org1MSP Org2MSP ,VALID,, 10000 10253,,WT,131,12776,0
2022-04-07T17:24:48.389Z,59c0166447cec5a61a8611b524d05b2c8c092c74bc05ad343f55be3e3ff36e52,Org1MSP,Func4,"[10000"",""1000000"",""12474"",""1247400""]""",Org1MSP Org2MSP ,VALID,, 10000 12474,,WT,131,12816,0
2022-04-07T17:24:48.390Z,e0ea933ca823fec3bfbc5fc39822eb81c5b54bbb1132e6ffed018524d9f0e177,Org1MSP,Func7,"[9979"",""100"",""19"",""100""]""",Org1MSP Org2MSP ,VALID, 19 9979, 19 9979,,UT,131,12890,0
2022-04-07T17:24:48.391Z,e824d17fe3b41024fcd4c16a7d09183add4cf05458e7f65c21b0bbef16882b4f,Org1MSP,Func4,"[10002"",""1000200"",""11231"",""1123100""]""",Org1MSP Org2MSP ,VALID,, 10002 11231,,WT,131,12893,0
2022-04-07T17:24:48.393Z,53545a149ffc5f80be9927427fdd91abcd4f6e93166383fe9de26d13c62fe35b,Org1MSP,Func4,"[10901"",""1090100"",""10017"",""1001700""]""",Org1MSP Org2MSP ,VALID,, 10017 10901,,WT,131,12811,0
2022-04-07T17:24:48.393Z,7e84cbd50ffe4b0709dfa3703aab2be11ee607043b6b574744f9233d24c885f8,Org1MSP,Func4,"[10006"",""1000600"",""10167"",""1016700""]""",Org1MSP Org2MSP ,VALID,, 10006 10167,,WT,131,12834,0
2022-04-07T17:24:48.394Z,61c37fa8e01b98c75d93741b7b4895fbc11772e70ee33ae9307b0453e3b38a6f,Org1MSP,Func7,"[31"",""100"",""3"",""100""]""",Org1MSP Org2MSP ,VALID, 3 31, 3 31,,UT,131,12906,0
2022-04-07T17:24:48.398Z,bc3ba8524bc8dd49f19096466fa84fe457500d69dec857fe45bffc485b70fd37,Org1MSP,Func1,"[3138"",""98""]""",Org1MSP Org2MSP ,VALID, 3138 98,,,RT,131,12868,0
2022-04-07T17:24:48.399Z,70e4cfc8b1ab3b723c9730e2a7257ebfd9871a01b240dc1377fe01a02c3bdc34,Org1MSP,Func1,"[2573"",""7628""]""",Org1MSP Org2MSP ,VALID, 2573 7628,,,RT,131,12826,0
2022-04-07T17:24:48.489Z,65d53391f2b1a5a969dc4487eacb91dc3f1a6ac5890582bdf9cf512e831a40a3,Org1MSP,Func7,"[1402"",""100"",""72"",""100""]""",Org1MSP Org2MSP ,VALID, 1402 72, 1402 72,,UT,131,12824,0
2022-04-07T17:24:48.490Z,1bc5bbbb1a052025c6decf0080f3e9aea654f7fd1a1133f34ca7f93714c3b1ec,Org1MSP,Func4,"[10323"",""1032300"",""10000"",""1000000""]""",Org1MSP Org2MSP ,VALID,, 10000 10323,,WT,131,12782,0
2022-04-07T17:24:48.491Z,4060e3a0842d06f784d368a4ebdc826ca9b7ce141a8e4ad2f41b48c3b492fd54,Org1MSP,Func4,"[10004"",""1000400"",""15988"",""1598800""]""",Org1MSP Org2MSP ,VALID,, 10004 15988,,WT,131,12805,0
2022-04-07T17:24:48.492Z,1add435d6cc4fc8aa8371dffc7d3229e2576d4718b69c87188ea19aab6e8327a,Org1MSP,Func1,"[7"",""156""]""",Org1MSP Org2MSP ,VALID, 156 7,,,RT,131,12779,0
2022-04-07T17:24:48.492Z,35e8caa5532db73de4962478692e6b2f431e4b07db7f52bde4301f11c52b284d,Org1MSP,Func4,"[10000"",""1000000"",""13952"",""1395200""]""",Org1MSP Org2MSP ,VALID,, 10000 13952,,WT,131,12799,0
2022-04-07T17:24:48.497Z,ac39502f439e3c6d56b8528ef33908c19ef648e88c593caee18b73f6a44a8743,Org1MSP,Func4,"[10000"",""1000000"",""12017"",""1201700""]""",Org1MSP Org2MSP ,VALID,, 10000 12017,,WT,131,12861,0
2022-04-07T17:24:48.498Z,52f67334e9871938147610c7b11ebd3c8a42010fc71bd793e7d98fecaeafa58e,Org1MSP,Func4,"[10003"",""1000300"",""10040"",""1004000""]""",Org1MSP Org2MSP ,VALID,, 10003 10040,,WT,131,12810,0
2022-04-07T17:24:48.498Z,6d116bc9faaec6abc99088724022cf7f5c1ecfebc316f8470a5c304bbc1ec976,Org1MSP,Func4,"[19670"",""1967000"",""10010"",""1001000""]""",Org1MSP Org2MSP ,VALID,, 10010 19670,,WT,131,12825,0
2022-04-07T17:24:48.500Z,a8ce6b97208647152af27d8e8c760b771e124974d90f82125b7d1aff6f59c5f8,Org1MSP,Func4,"[10005"",""1000500"",""15399"",""1539900""]""",Org1MSP Org2MSP ,VALID,, 10005 15399,,WT,131,12859,0
2022-04-07T17:24:48.508Z,ab4a17e0aeb3345197632a2ccb54bd435eba84fe146acba13f2e2fcad66e29f3,Org1MSP,Func4,"[16642"",""1664200"",""12281"",""1228100""]""",Org1MSP Org2MSP ,VALID,, 12281 16642,,WT,131,12860,0
2022-04-07T17:24:48.589Z,3bbf884a05e553373bc503a1d21078bd91461db683a92f865d2afc34dde07ad2,Org1MSP,Func7,"[505"",""100"",""127"",""100""]""",Org1MSP Org2MSP ,VALID, 127 505, 127 505,,UT,131,12802,0
2022-04-07T17:24:48.589Z,9c3b7f1d81018868892f60d787edd4eefca384309b5695b77bbfca010b45ba84,Org1MSP,Func4,"[10013"",""1001300"",""10008"",""1000800""]""",Org1MSP Org2MSP ,VALID,, 10008 10013,,WT,131,12851,0
2022-04-07T17:24:48.589Z,4029778c991caefcb40fcd066c39115d9ee6b94481e4dff86de7dc77df026862,Org1MSP,Func7,"[18"",""100"",""1308"",""100""]""",Org1MSP Org2MSP ,VALID, 1308 18, 1308 18,,UT,131,12907,0
2022-04-07T17:24:48.590Z,c9d30475b1ce12b44560182b71db4e616ed6009010656e66764b69b59c1601d5,Org1MSP,Func4,"[10872"",""1087200"",""15679"",""1567900""]""",Org1MSP Org2MSP ,VALID,, 10872 15679,,WT,131,12878,0
2022-04-07T17:24:48.596Z,ce557ce3ddcd99918faad038f29b980393ed467bfa551eff5311ba214e78a812,Org1MSP,Func4,"[10033"",""1003300"",""10030"",""1003000""]""",Org1MSP Org2MSP ,VALID,, 10030 10033,,WT,131,12880,0
2022-04-07T17:24:48.598Z,a17df967df33aef8a94d969b5d3fe3386e969a46ef0112b30442cfc75f81994a,Org1MSP,Func1,"[18"",""362""]""",Org1MSP Org2MSP ,VALID, 18 362,,,RT,131,12855,0
2022-04-07T17:24:48.599Z,1f5eb2d096709cbb364cdf6ee04ae84d8039ab24476e94c68f25727d7f3770a0,Org1MSP,Func1,"[751"",""7588""]""",Org1MSP Org2MSP ,VALID, 751 7588,,,RT,131,12784,0
2022-04-07T17:24:48.599Z,fadb8097b4df76e5a80404e29f5fe2fad1a88436d3c3d05d91a28b785ee648b8,Org1MSP,Func4,"[10161"",""1016100"",""10000"",""1000000""]""",Org1MSP Org2MSP ,VALID,, 10000 10161,,WT,131,12902,0
2022-04-07T17:24:48.688Z,40401586a5710be95886ca52a8a7a2c5e823a414dee0bdfb8de7e6dbd9cc4148,Org1MSP,Func7,"[608"",""100"",""298"",""100""]""",Org1MSP Org2MSP ,VALID, 298 608, 298 608,,UT,131,12905,0
2022-04-07T17:24:48.689Z,9944f1aad4d858cfb375d9d1fb111814a4107c4dfbfc94b26f6385476487017f,Org1MSP,Func7,"[1982"",""100"",""24"",""100""]""",Org1MSP Org2MSP ,VALID, 1982 24, 1982 24,,UT,131,12847,0
2022-04-07T17:24:48.690Z,5684f95f3b6e9fcd47740fdbb410199b385032b374fc9130cc3dcbc6e66884d4,Org1MSP,Func4,"[10250"",""1025000"",""13986"",""1398600""]""",Org1MSP Org2MSP ,VALID,, 10250 13986,,WT,131,12814,0
2022-04-07T17:24:48.693Z,298c190c91a11bb43492ae0696e2a9da25364b67664b09941e48bbae9ed4f1ae,Org1MSP,Func1,"[6"",""58""]""",Org1MSP Org2MSP ,VALID, 58 6,,,RT,131,12791,0
2022-04-07T17:24:48.694Z,2fa8e7492912830ad0842ed5529772941b47d2270042c4d665f7a6f3d41bb609,Org1MSP,Func4,"[10110"",""1011000"",""10010"",""1001000""]""",Org1MSP Org2MSP ,VALID,, 10010 10110,,WT,131,12794,0
2022-04-07T17:24:48.695Z,ec26ce1fe754817338259e8acce87e81d56ddb8aba69b38d2db918c3694104ca,Org1MSP,Func4,"[10004"",""1000400"",""11929"",""1192900""]""",Org1MSP Org2MSP ,VALID,, 10004 11929,,WT,131,12895,0
2022-04-07T17:24:48.696Z,385d3dbd41dd2fe0e4586711a1f4fe82fb03acc91df8d91fbec9324c167290e3,Org1MSP,Func4,"[10003"",""1000300"",""10225"",""1022500""]""",Org1MSP Org2MSP ,VALID,, 10003 10225,,WT,131,12800,0
2022-04-07T17:24:48.698Z,cb8e722e12304138608bffe1a3aac818c447ec7157f354496d2d749d34909abc,Org1MSP,Func7,"[4220"",""100"",""5"",""100""]""",Org1MSP Org2MSP ,VALID, 4220 5, 4220 5,,UT,131,12879,0
2022-04-07T17:24:48.700Z,83ab5bde3786cb5298450df3fa66fa64c7b4644779ed2f556edb4f78ae83dd70,Org1MSP,Func4,"[10025"",""1002500"",""10088"",""1008800""]""",Org1MSP Org2MSP ,VALID,, 10025 10088,,WT,131,12838,0
2022-04-07T17:24:48.789Z,9a6ecb1fec8fd302467d8f7a842190c73b21faaa5cb71d8ab05ec83536c2f4ef,Org1MSP,Func4,"[10003"",""1000300"",""10001"",""1000100""]""",Org1MSP Org2MSP ,VALID,, 10001 10003,,WT,131,12850,0
2022-04-07T17:24:48.789Z,f8bb4e7c7edaf0ad8bcf05bf467be4cbce0ea7928ad2308a60d66c8d50bb7d7b,Org1MSP,Func4,"[10005"",""1000500"",""10191"",""1019100""]""",Org1MSP Org2MSP ,VALID,, 10005 10191,,WT,131,12901,0
2022-04-07T17:24:48.790Z,2f89eee4f88dd1a739fcb9b49ece4e83f971c020f67156d3e4f6dda964e8a3d6,Org1MSP,Func4,"[15920"",""1592000"",""10007"",""1000700""]""",Org1MSP Org2MSP ,VALID,, 10007 15920,,WT,131,12793,0
2022-04-07T17:24:48.790Z,ecfb34c85900c165da45d640ab4bb2e28af90ad25eb13b706244858dde41659b,Org1MSP,Func1,"[9"",""3482""]""",Org1MSP Org2MSP ,VALID, 3482 9,,,RT,131,12896,0
2022-04-07T17:24:48.792Z,ee8ae6d0f7695b9e923ad8ab2a2b3fa34d036958dc56520e2edd35439fa0c47b,Org1MSP,Func4,"[10014"",""1001400"",""10001"",""1000100""]""",Org1MSP Org2MSP ,VALID,, 10001 10014,,WT,131,12897,0
2022-04-07T17:24:48.794Z,26963a66aaf305a865896308d80cb775063fba3fc0710047ea454d93e323a467,Org1MSP,Func1,"[259"",""402""]""",Org1MSP Org2MSP ,VALID, 259 402,,,RT,131,12787,0
2022-04-07T17:24:48.794Z,2e9d22d0214a3594b52f98d1c5ed2df8120bb6b2d8b46a544ba15a1ed4853fa8,Org1MSP,Func4,"[10011"",""1001100"",""10334"",""1033400""]""",Org1MSP Org2MSP ,VALID,, 10011 10334,,WT,131,12792,0
2022-04-07T17:24:48.796Z,c77c7ffbdc238e711f79f18bd458a99836852e75ed88baffa60fce287cd97ecd,Org1MSP,Func4,"[14417"",""1441700"",""11409"",""1140900""]""",Org1MSP Org2MSP ,VALID,, 11409 14417,,WT,131,12877,0
2022-04-07T17:24:48.797Z,b41c6960a15c82141d0727b370bf2c573ca583c0fcd41e26b900dfe4418cfa5d,Org1MSP,Func4,"[10550"",""1055000"",""10002"",""1000200""]""",Org1MSP Org2MSP ,VALID,, 10002 10550,,WT,131,12863,0
2022-04-07T17:24:48.798Z,ec22fd8ac8ecc2360aff48ed875c424d17c66b7262194e79fa25b0aa4e298314,Org1MSP,Func7,"[1234"",""100"",""15"",""100""]""",Org1MSP Org2MSP ,VALID, 1234 15, 1234 15,,UT,131,12894,0
2022-04-07T17:24:48.889Z,7140220ffe42bc8a0bf298f2e91714742c50db247f481b477933e434bf035fb9,Org1MSP,Func4,"[10000"",""1000000"",""10464"",""1046400""]""",Org1MSP Org2MSP ,VALID,, 10000 10464,,WT,131,12827,0
2022-04-07T17:24:48.890Z,0ae4a28ed2c5052924fd63fbfe30b6a752fb47c451f6a1054a02f403675997fa,Org1MSP,Func1,"[8462"",""5038""]""",Org1MSP Org2MSP ,VALID, 5038 8462,,,RT,131,12772,0
2022-04-07T17:24:48.891Z,8266ff4046ad0a939a0e3de9be65e5ea4e670cf820cb54da2403ff8d101ab20a,Org1MSP,Func4,"[11965"",""1196500"",""15610"",""1561000""]""",Org1MSP Org2MSP ,VALID,, 11965 15610,,WT,131,12837,0
2022-04-07T17:24:48.891Z,b754dbe83f824ab52477163166731a7e895cc7b79952978eaf520b3a1116d89a,Org1MSP,Func7,"[665"",""100"",""4"",""100""]""",Org1MSP Org2MSP ,VALID, 4 665, 4 665,,UT,131,12865,0
2022-04-07T17:24:48.893Z,7875edd26a69f869b03b2dfb1e94a9144091451864ab3b8d2bb28d827e3e296a,Org1MSP,Func4,"[10006"",""1000600"",""10006"",""1000600""]""",Org1MSP Org2MSP ,VALID,, 10006,,WT,131,12830,0
2022-04-07T17:24:48.898Z,c066303c1c21ddb8b35472729d1b6bee811c7250aabd7583916f2e441ba9755e,Org1MSP,Func1,"[70"",""2""]""",Org1MSP Org2MSP ,VALID, 2 70,,,RT,131,12871,0
2022-04-07T17:24:48.906Z,293680c2fb2de001f87d880b5f2d470ccf43e190284830eee75e4801d8246dda,Org1MSP,Func4,"[11490"",""1149000"",""18721"",""1872100""]""",Org1MSP Org2MSP ,VALID,, 11490 18721,,WT,131,12790,0
2022-04-07T17:24:48.989Z,bcd1eb017c076c7e106f966c33140fdee14e99f20e44dbf777f1f1a1ccf9417c,Org1MSP,Func4,"[10412"",""1041200"",""10773"",""1077300""]""",Org1MSP Org2MSP ,VALID,, 10412 10773,,WT,131,12869,0
2022-04-07T17:24:48.989Z,f6ec3bdbc1e3eab72130abb56eaaeafb2737c815d6a2b535cdd3cbe70172c4b2,Org1MSP,Func4,"[12439"",""1243900"",""16745"",""1674500""]""",Org1MSP Org2MSP ,VALID,, 12439 16745,,WT,131,12900,0
2022-04-07T17:24:48.990Z,320c1ceb157aa7e26a19dc4fbeb6ef2f08790cbac079a45de7c4b706662ff2c3,Org1MSP,Func1,"[298"",""7""]""",Org1MSP Org2MSP ,VALID, 298 7,,,RT,131,12797,0
2022-04-07T17:24:48.990Z,d12f9d360fdc568bce5d8a51925478658643f8c7013eef9d016a2915c0091b5c,Org1MSP,Func1,"[20"",""644""]""",Org1MSP Org2MSP ,VALID, 20 644,,,RT,131,12882,0
2022-04-07T17:24:48.991Z,5fcf0fc19e90f9b4b69ae9146e59f1ae4c1f0c4b360783cb68c3ad7e8dc8e8d2,Org1MSP,Func7,"[442"",""100"",""796"",""100""]""",Org1MSP Org2MSP ,VALID, 442 796, 442 796,,UT,131,12821,0
2022-04-07T17:24:48.993Z,5a1073817b352a4ebd85b9d08f868e83ad0be67b0cc480b9bfa4bd41d9eae031,Org1MSP,Func4,"[12182"",""1218200"",""11481"",""1148100""]""",Org1MSP Org2MSP ,VALID,, 11481 12182,,WT,131,12817,0
2022-04-07T17:24:48.995Z,3122384a998fc83bd5249c6aa65cf9ee4e452684c9008bea2304313dacf54d2e,Org1MSP,Func4,"[10722"",""1072200"",""10113"",""1011300""]""",Org1MSP Org2MSP ,VALID,, 10113 10722,,WT,131,12796,0
2022-04-07T17:24:48.996Z,a2f066ee02c44bbe183d2d2034c57ec1d2bed4059b6cb8ef11c0ba618f25e8de,Org1MSP,Func4,"[10001"",""1000100"",""10482"",""1048200""]""",Org1MSP Org2MSP ,VALID,, 10001 10482,,WT,131,12857,0
2022-04-07T17:24:49.089Z,1ba9ead6b8e8e658a955d5cc310a6c1225508218239dbd241f9c524ffb2268fe,Org1MSP,Func4,"[10824"",""1082400"",""10010"",""1001000""]""",Org1MSP Org2MSP ,VALID,, 10010 10824,,WT,131,12781,0
2022-04-07T17:24:49.089Z,feb4aeaf3d30ab7d695ce4e668757f8840e3eb9c16d179459957fb236bacf545,Org1MSP,Func4,"[11890"",""1189000"",""11371"",""1137100""]""",Org1MSP Org2MSP ,VALID,, 11371 11890,,WT,131,12903,0
2022-04-07T17:24:49.090Z,79fb684ce27194d3919f1c1b1300099f98fabe0d4066ba9d25e56ab879859dd6,Org1MSP,Func4,"[16566"",""1656600"",""10009"",""1000900""]""",Org1MSP Org2MSP ,VALID,, 10009 16566,,WT,131,12832,0
2022-04-07T17:24:49.092Z,cf7e5c5b61e335ca9a6007768e8214355b3ec61ebaf0d013a1558300c4aaf66b,Org1MSP,Func1,"[568"",""104""]""",Org1MSP Org2MSP ,VALID, 104 568,,,RT,131,12881,0
2022-04-07T17:24:49.093Z,c1566f40ca70543832f76dac8c7c5e5f0988fbd219a7f504ada0970b09ec10a4,Org1MSP,Func4,"[10030"",""1003000"",""10021"",""1002100""]""",Org1MSP Org2MSP ,VALID,, 10021 10030,,WT,131,12873,0
2022-04-07T17:24:49.094Z,5f374d625084634871bca9c4fefda7ec43b04081fd1a2b0dab569db41915bb7e,Org1MSP,Func7,"[91"",""100"",""1807"",""100""]""",Org1MSP Org2MSP ,VALID, 1807 91, 1807 91,,UT,131,12820,0
2022-04-07T17:24:49.100Z,131639a2c02bb04457a6368578d03ece789fc1a82b49ecd46211d4c84ab7f2a1,Org1MSP,Func4,"[10203"",""1020300"",""10000"",""1000000""]""",Org1MSP Org2MSP ,VALID,, 10000 10203,,WT,131,12775,0
2022-04-07T17:24:49.100Z,a22db91d740430b2444483f4de67e0b3ff033d99c1f7af5758301777d72d8827,Org1MSP,Func4,"[10000"",""1000000"",""10939"",""1093900""]""",Org1MSP Org2MSP ,VALID,, 10000 10939,,WT,131,12856,0
2022-04-07T17:24:49.188Z,8d9066665ddd23b4cbcf54348c1b6d89ee1e2cc20d21a53c6415543767c625a1,Org1MSP,Func4,"[10000"",""1000000"",""10008"",""1000800""]""",Org1MSP Org2MSP ,VALID,, 10000 10008,,WT,131,12842,0
2022-04-07T17:24:49.189Z,3ea47e6d121cee2973080d6556691d4360e0e258f5f9b2ba2cadfc69a6a4c0d5,Org1MSP,Func1,"[20"",""7597""]""",Org1MSP Org2MSP ,VALID, 20 7597,,,RT,131,12804,0
2022-04-07T17:24:49.190Z,3abbe06222beff935d3b6bd578e7e4119559c04b1d2a0481cc29caf18870d81f,Org1MSP,Func4,"[10019"",""1001900"",""10046"",""1004600""]""",Org1MSP Org2MSP ,VALID,, 10019 10046,,WT,131,12801,0
2022-04-07T17:24:49.190Z,89e41fbf14bbd8699d0cab6a51db8c2cd07b4531cd72b15f56334bc65725c1df,Org1MSP,Func7,"[7326"",""100"",""443"",""100""]""",Org1MSP Org2MSP ,VALID, 443 7326, 443 7326,,UT,131,12841,0
2022-04-07T17:24:49.192Z,41ff43259fb2718d44710a2cab397139eff2e5381502a658fc2a6a5f6fe912ea,Org1MSP,Func4,"[10136"",""1013600"",""12020"",""1202000""]""",Org1MSP Org2MSP ,VALID,, 10136 12020,,WT,131,12807,0
2022-04-07T17:24:49.195Z,1b730cf5a89d1fee4933bfc561c3312e8131301070184074549e1f44cd74d0d7,Org1MSP,Func4,"[10000"",""1000000"",""10003"",""1000300""]""",Org1MSP Org2MSP ,VALID,, 10000 10003,,WT,131,12780,0
2022-04-07T17:24:49.196Z,b1da2a02635fcc21fb248da4b924da8ededbeb334ea6070270a17f36f4244875,Org1MSP,Func1,"[9"",""26""]""",Org1MSP Org2MSP ,VALID, 26 9,,,RT,131,12862,0
2022-04-07T17:24:49.197Z,20dee76becab7d95b5a0b3e31ef4bb70f2e94fe0934ff9fa32dd63d552fa9f4b,Org1MSP,Func4,"[10000"",""1000000"",""10001"",""1000100""]""",Org1MSP Org2MSP ,VALID,, 10000 10001,,WT,131,12785,0
2022-04-07T17:24:49.199Z,b89e78d75d54d34402eb0d4ef24df720c3bcb452984951b90b2a2c67f3764a2c,Org1MSP,Func1,"[895"",""2703""]""",Org1MSP Org2MSP ,VALID, 2703 895,,,RT,131,12866,0
2022-04-07T17:24:49.289Z,5cbebbac207c97e1ced7783b9746f0ee5fdd36726361aec8abab5dcacf84c978,Org1MSP,Func4,"[10005"",""1000500"",""13618"",""1361800""]""",Org1MSP Org2MSP ,VALID,, 10005 13618,,WT,131,12819,0
2022-04-07T17:24:49.290Z,0c80e8c5a0c5223ab292c3275dfcbb6a2a2072eb027df6aaa12238942440bbbf,Org1MSP,Func4,"[12557"",""1255700"",""10014"",""1001400""]""",Org1MSP Org2MSP ,VALID,, 10014 12557,,WT,131,12774,0
2022-04-07T17:24:49.292Z,d92e3290466c8b487f02a96720ecdaf8e6e65e51f5e10052b248bcfc0e3d1a80,Org1MSP,Func4,"[11736"",""1173600"",""10000"",""1000000""]""",Org1MSP Org2MSP ,VALID,, 10000 11736,,WT,131,12886,0
2022-04-07T17:24:49.293Z,c2a6b893a18890a1d490654a58b3e7ad06462bb5e86b6468370cbc241b953eeb,Org1MSP,Func4,"[10011"",""1001100"",""10656"",""1065600""]""",Org1MSP Org2MSP ,VALID,, 10011 10656,,WT,131,12874,0
2022-04-07T17:24:49.294Z,4c0318851fd53befdddee47dcbf721e514c1c756e6458e607392c99ff5af7be7,Org1MSP,Func1,"[85"",""169""]""",Org1MSP Org2MSP ,VALID, 169 85,,,RT,131,12808,0
2022-04-07T17:24:49.295Z,00f126856cd12af7cfaeee2dd79cf2024c3d636daed0cabebbd3a613ca77aeff,Org1MSP,Func1,"[1"",""292""]""",Org1MSP Org2MSP ,VALID, 1 292,,,RT,131,12769,0
2022-04-07T17:24:49.298Z,d8acdd0c6c81961a859c4be5e0ff6b79734be3869866ebf74aeafc6948126a65,Org1MSP,Func4,"[10000"",""1000000"",""10003"",""1000300""]""",Org1MSP Org2MSP ,VALID,, 10000 10003,,WT,131,12885,0
2022-04-07T17:24:49.299Z,854931811064a82c4487441e494d13973966fd48b34b45dddcbbe38c1e93d2d5,Org1MSP,Func4,"[10002"",""1000200"",""10009"",""1000900""]""",Org1MSP Org2MSP ,VALID,, 10002 10009,,WT,131,12839,0
2022-04-07T17:24:49.389Z,048d845efda342f16cdd57955c71f20401b18b441cf61409618f5e6e9d31ca9f,Org1MSP,Func4,"[10385"",""1038500"",""12727"",""1272700""]""",Org1MSP Org2MSP ,VALID,, 10385 12727,,WT,131,12770,0
2022-04-07T17:24:49.389Z,63212b6fea0fc2d978ed14ef0b63dcbfc7f93c829999981513c43aed429347d8,Org1MSP,Func4,"[10024"",""1002400"",""10002"",""1000200""]""",Org1MSP Org2MSP ,VALID,, 10002 10024,,WT,131,12823,0
2022-04-07T17:24:49.389Z,85e01046db12d8ca59435031b97ca1b67780315115833adcc065d5b8b4bf4eaf,Org1MSP,Func4,"[10034"",""1003400"",""10022"",""1002200""]""",Org1MSP Org2MSP ,VALID,, 10022 10034,,WT,131,12840,0
2022-04-07T17:24:49.391Z,a45ee42873cf6e42aa4a1c01916ad2b9aea6226650bad6b7b0d99bfeadd3ab7a,Org1MSP,Func4,"[10286"",""1028600"",""10045"",""1004500""]""",Org1MSP Org2MSP ,VALID,, 10045 10286,,WT,131,12858,0
2022-04-07T17:24:49.392Z,d35929a92af45841ef3f0a0e21c70ded9bdd50baf53c6380befe4bf71513904f,Org1MSP,Func4,"[10002"",""1000200"",""10297"",""1029700""]""",Org1MSP Org2MSP ,VALID,, 10002 10297,,WT,131,12883,0
2022-04-07T17:24:49.392Z,f20fe8522ab0d8b2d429f8f51ffc7623538bf4ed9a9031c1b1e3f4f9c46beea8,Org1MSP,Func7,"[161"",""100"",""393"",""100""]""",Org1MSP Org2MSP ,VALID, 161 393, 161 393,,UT,131,12898,0
2022-04-07T17:24:49.396Z,7f775ea89638098ea358afdda6ac69a34dec2d3c33632f083f3fef19b0ef3b82,Org1MSP,Func1,"[6"",""122""]""",Org1MSP Org2MSP ,VALID, 122 6,,,RT,131,12835,0
2022-04-07T17:24:49.397Z,dc75b224929061135105a956c99dff8d0953d96e21d9fb0855771ccd12bde10d,Org1MSP,Func1,"[6"",""125""]""",Org1MSP Org2MSP ,VALID, 125 6,,,RT,131,12888,0
2022-04-07T17:24:49.398Z,dae3e64b2dd2f43ab4106d2eb4f3a3bb024ac6f599152e08afdd8b1287a8c46d,Org1MSP,Func4,"[14437"",""1443700"",""10031"",""1003100""]""",Org1MSP Org2MSP ,VALID,, 10031 14437,,WT,131,12887,0
2022-04-07T17:24:49.488Z,012b55e52310ab1568b5f63c3ac9194da5aa1d4dc77dc36bfa64255395d77092,Org1MSP,Func4,"[11398"",""1139800"",""10541"",""1054100""]""",Org1MSP Org2MSP ,VALID,, 10541 11398,,WT,132,12910,0
2022-04-07T17:24:49.489Z,7e1351b900eb9263472dc2d4fbead842d69a6445412f00b42b65e86810147313,Org1MSP,Func4,"[10077"",""1007700"",""14888"",""1488800""]""",Org1MSP Org2MSP ,VALID,, 10077 14888,,WT,132,12958,0
2022-04-07T17:24:49.491Z,bf90990342cee84565cfb0236e856db682c79e00aee5f1b39ab6afe98564606a,Org1MSP,Func4,"[10444"",""1044400"",""10003"",""1000300""]""",Org1MSP Org2MSP ,VALID,, 10003 10444,,WT,132,12988,0
2022-04-07T17:24:49.492Z,f6df591ada875d8831e3a2a2386bc28591ad584ac2c0d813bd6b4575b2129a6d,Org1MSP,Func1,"[2073"",""6""]""",Org1MSP Org2MSP ,VALID, 2073 6,,,RT,132,13008,0
2022-04-07T17:24:49.493Z,ca3f547d2871273fd0656ff9ae1f76485e65e9334b8712d929ee0a07a25dca7f,Org1MSP,Func7,"[3884"",""100"",""1849"",""100""]""",Org1MSP Org2MSP ,VALID, 1849 3884, 1849 3884,,UT,132,12995,0
2022-04-07T17:24:49.494Z,a22d8d79d58ae56e8968271305230785f08d0262e0f2de565a047f8766f592c2,Org1MSP,Func1,"[113"",""410""]""",Org1MSP Org2MSP ,VALID, 113 410,,,RT,132,12975,0
2022-04-07T17:24:49.497Z,5e43ed2dbe5a4843f2397645cf4f0b62aee7a1631ea5de94866bc68ce6a690b8,Org1MSP,Func7,"[382"",""100"",""229"",""100""]""",Org1MSP Org2MSP ,VALID, 229 382, 229 382,,UT,132,12947,0
2022-04-07T17:24:49.499Z,08104d5cc79680421f3e0e44c0a92162d99f85e929ed40bb234e84ae8e0987d3,Org1MSP,Func1,"[3344"",""651""]""",Org1MSP Org2MSP ,VALID, 3344 651,,,RT,132,12913,0
2022-04-07T17:24:49.589Z,7892ad5ff5f22f532bc231e2e73767c665ca11ce64026943e7875f228c6e4199,Org1MSP,Func4,"[10191"",""1019100"",""10184"",""1018400""]""",Org1MSP Org2MSP ,VALID,, 10184 10191,,WT,132,12955,0
2022-04-07T17:24:49.589Z,99180704e210144dc63395ea4b03eedd5fcd6f29358fe1ee4dcbd4b6c28a9e94,Org1MSP,Func4,"[10184"",""1018400"",""10521"",""1052100""]""",Org1MSP Org2MSP ,VALID,, 10184 10521,,WT,132,12969,0
2022-04-07T17:24:49.589Z,de000df2b49d40d5743594ee325fd5df5c56136636b8a79a3ef8c505f39425e0,Org1MSP,Func4,"[10000"",""1000000"",""10025"",""1002500""]""",Org1MSP Org2MSP ,VALID,, 10000 10025,,WT,132,13002,0
2022-04-07T17:24:49.590Z,47083c02c2a4b67b68338db01c3b6520e8d210554d0c0e419980960bbdf88b9e,Org1MSP,Func4,"[11036"",""1103600"",""10047"",""1004700""]""",Org1MSP Org2MSP ,VALID,, 10047 11036,,WT,132,12938,0
2022-04-07T17:24:49.592Z,9848052092250ecf278ef2df6cd5e30239e587b1aa6887057b85cb150a169531,Org1MSP,Func4,"[17099"",""1709900"",""10013"",""1001300""]""",Org1MSP Org2MSP ,VALID,, 10013 17099,,WT,132,12968,0
2022-04-07T17:24:49.593Z,2de3a49a4e7a6ad748a06e41833d7d1faca30059bf3953afe3d9662afe74cdca,Org1MSP,Func4,"[10005"",""1000500"",""10072"",""1007200""]""",Org1MSP Org2MSP ,VALID,, 10005 10072,,WT,132,12925,0
2022-04-07T17:24:49.597Z,374749b7f82e77d79184730a8c991fd436285a02adc0904f80929534e22e6444,Org1MSP,Func4,"[10376"",""1037600"",""10048"",""1004800""]""",Org1MSP Org2MSP ,VALID,, 10048 10376,,WT,132,12930,0
2022-04-07T17:24:49.597Z,3b82f9b4f62dada6de2811503b2f04f9060f593d014192dd29b02c6f14130b99,Org1MSP,Func4,"[13236"",""1323600"",""11776"",""1177600""]""",Org1MSP Org2MSP ,VALID,, 11776 13236,,WT,132,12932,0
2022-04-07T17:24:49.597Z,c41072ef4f5269d2cda28887dddd4c3fa7508f009e9379e378cf7e6e2ce0f2c6,Org1MSP,Func4,"[14679"",""1467900"",""10517"",""1051700""]""",Org1MSP Org2MSP ,VALID,, 10517 14679,,WT,132,12992,0
2022-04-07T17:24:49.599Z,b130d290f461afd1481c73861f45cdd3e61d26dac093488afbf1031fd46c57be,Org1MSP,Func4,"[10062"",""1006200"",""10060"",""1006000""]""",Org1MSP Org2MSP ,VALID,, 10060 10062,,WT,132,12982,0
2022-04-07T17:24:49.690Z,6788576592c7d6e87205107077b5936fd8b796e939ef976d6503c11bc86362ce,Org1MSP,Func4,"[16098"",""1609800"",""13989"",""1398900""]""",Org1MSP Org2MSP ,VALID,, 13989 16098,,WT,132,12950,0
2022-04-07T17:24:49.691Z,67c6d3546c666b8e9054ed53b71ede4f42ef014d22fed7cb270dd956dea13aae,Org1MSP,Func4,"[10008"",""1000800"",""11150"",""1115000""]""",Org1MSP Org2MSP ,VALID,, 10008 11150,,WT,132,12951,0
2022-04-07T17:24:49.691Z,e4905c86c29bc483b46a88b1076e18b4b22b07b32afc401ca62be14f3fe74a0c,Org1MSP,Func7,"[110"",""100"",""3664"",""100""]""",Org1MSP Org2MSP ,VALID, 110 3664, 110 3664,,UT,132,13003,0
2022-04-07T17:24:49.693Z,9fa19e1b7e8cfc6f0b928b29a7bef01bd3af952c746e0d0f09dcc52a01e8e299,Org1MSP,Func7,"[1975"",""100"",""5597"",""100""]""",Org1MSP Org2MSP ,VALID, 1975 5597, 1975 5597,,UT,132,12974,0
2022-04-07T17:24:49.694Z,ab77ada8e840a4d9caf299f8594a192a059af323dd91b42ce90a55a6a950ffc6,Org1MSP,Func4,"[10001"",""1000100"",""10678"",""1067800""]""",Org1MSP Org2MSP ,VALID,, 10001 10678,,WT,132,12980,0
2022-04-07T17:24:49.696Z,d2a951775f87718e718d46e77fb0141f0e619107d842ac23a3c74675362835da,Org1MSP,Func1,"[1269"",""3833""]""",Org1MSP Org2MSP ,VALID, 1269 3833,,,RT,132,12998,0
2022-04-07T17:24:49.697Z,1a2ab0565a36a30229f93815f895c8ac578f428d502724acd56943e440d49c18,Org1MSP,Func4,"[10910"",""1091000"",""10235"",""1023500""]""",Org1MSP Org2MSP ,VALID,, 10235 10910,,WT,132,12917,0
2022-04-07T17:24:49.701Z,d874f7c51e8d7bc6787d74f5c50b10692bdc3efe3048f1e2786cb81a2e3c3bae,Org1MSP,Func4,"[10256"",""1025600"",""10363"",""1036300""]""",Org1MSP Org2MSP ,VALID,, 10256 10363,,WT,132,13000,0
2022-04-07T17:24:49.789Z,1142c88493e43e3cb34b94d55a2d09ea59f18420a4fae0f460a0e4c571c1ba2a,Org1MSP,Func4,"[10069"",""1006900"",""12884"",""1288400""]""",Org1MSP Org2MSP ,VALID,, 10069 12884,,WT,132,12916,0
2022-04-07T17:24:49.791Z,9e6a607e84f4bddaa8f6c2d904da6fcb67351363a8fcf1fa9521e780802dc59b,Org1MSP,Func7,"[99"",""100"",""270"",""100""]""",Org1MSP Org2MSP ,VALID, 270 99, 270 99,,UT,132,12972,0
2022-04-07T17:24:49.792Z,c13503c3baf1834a311040d35ea991e588cd200783b22334a9e6ce4fd7fd58f6,Org1MSP,Func4,"[13282"",""1328200"",""10569"",""1056900""]""",Org1MSP Org2MSP ,VALID,, 10569 13282,,WT,132,12991,0
2022-04-07T17:24:49.793Z,4abe8ae505a89298ab73b3fd0a5534e0daa70e930debad88b392e30b46d866ce,Org1MSP,Func4,"[10867"",""1086700"",""10000"",""1000000""]""",Org1MSP Org2MSP ,VALID,, 10000 10867,,WT,132,12941,0
2022-04-07T17:24:49.795Z,497a38cdc27da3abd250d47a111fc5cdf16f81e071a6f3f6f73badd72353b158,Org1MSP,Func7,"[859"",""100"",""3097"",""100""]""",Org1MSP Org2MSP ,VALID, 3097 859, 3097 859,,UT,132,12940,0
2022-04-07T17:24:49.795Z,cedf4c298e0be8b4e7ab29e90fad7a0b0e1ebe5b493432f9fae70f0f8dcc9034,Org1MSP,Func4,"[10184"",""1018400"",""11168"",""1116800""]""",Org1MSP Org2MSP ,VALID,, 10184 11168,,WT,132,12997,0
2022-04-07T17:24:49.796Z,049997dd9ba1fe402161f982a6decd09878bfec634ceb9fcc3d966955fe5b718,Org1MSP,Func1,"[523"",""8265""]""",Org1MSP Org2MSP ,VALID, 523 8265,,,RT,132,12912,0
2022-04-07T17:24:49.797Z,77d7414bf23d6c1ea622f3244182c121d2282432dd1a9be13ed7eef809bf8e6f,Org1MSP,Func7,"[1269"",""100"",""7"",""100""]""",Org1MSP Org2MSP ,VALID, 1269 7, 1269 7,,UT,132,13012,0
2022-04-07T17:24:49.801Z,a56a0d6918782b457626b652efee2922a5301b3d35e083a742b56f437af88be2,Org1MSP,Func4,"[10039"",""1003900"",""14752"",""1475200""]""",Org1MSP Org2MSP ,VALID,, 10039 14752,,WT,132,12977,0
2022-04-07T17:24:49.802Z,6aaf18ea86e1763956e0c0ffd5bf8670423f2b966249e984cd71a0e1ccc5aa9d,Org1MSP,Func1,"[95"",""9586""]""",Org1MSP Org2MSP ,VALID, 95 9586,,,RT,132,12952,0
2022-04-07T17:24:49.889Z,4d0899767581e18e0c19c5300160391be6f467c5a76e065cb191fd636c7ff9c4,Org1MSP,Func7,"[3"",""100"",""1082"",""100""]""",Org1MSP Org2MSP ,VALID, 1082 3, 1082 3,,UT,132,12942,0
2022-04-07T17:24:49.889Z,8e613289c1b399def9960f3000d0fc2b7099fc8d84db4321d426a6e2bd4e22b2,Org1MSP,Func4,"[10000"",""1000000"",""14099"",""1409900""]""",Org1MSP Org2MSP ,VALID,, 10000 14099,,WT,132,12963,0
2022-04-07T17:24:49.892Z,2db62d2cfe892d9e0adffacdd1e14f0fb0e9d85d5e7a35f8fa3536c346933880,Org1MSP,Func1,"[1"",""56""]""",Org1MSP Org2MSP ,VALID, 1 56,,,RT,132,12924,0
2022-04-07T17:24:49.892Z,b85e0bd36161e30b9060142390257cf701ed68c89bf61062dd25abb0d96e8637,Org1MSP,Func4,"[10024"",""1002400"",""10070"",""1007000""]""",Org1MSP Org2MSP ,VALID,, 10024 10070,,WT,132,12985,0
2022-04-07T17:24:49.892Z,c09eb10ae74d7d919a578329927b4db7db377c64d9464235b8dcdb48e0a59ae5,Org1MSP,Func4,"[10001"",""1000100"",""10410"",""1041000""]""",Org1MSP Org2MSP ,VALID,, 10001 10410,,WT,132,12990,0
2022-04-07T17:24:49.895Z,2c6167dfb4080c4a28bfb0ceb62e273351d489ee265b9580783e4151befb87a1,Org1MSP,Func4,"[10009"",""1000900"",""17767"",""1776700""]""",Org1MSP Org2MSP ,VALID,, 10009 17767,,WT,132,12923,0
2022-04-07T17:24:49.895Z,884a19d6a5eb3e358140120fc9cd6d391bc2abb26592727da5dfe0013b704f3e,Org1MSP,Func7,"[12"",""100"",""151"",""100""]""",Org1MSP Org2MSP ,VALID, 12 151, 12 151,,UT,132,12960,0
2022-04-07T17:24:49.896Z,968a0285c5b3f9e5b5408cac94f8347a3663ea8337fcd95b500802490eb7a740,Org1MSP,Func4,"[10102"",""1010200"",""10510"",""1051000""]""",Org1MSP Org2MSP ,VALID,, 10102 10510,,WT,132,12967,0
2022-04-07T17:24:49.898Z,6c6c944019f23bab0fc931c057649adcae040f9e0d47525b7d48b7b000b22ab1,Org1MSP,Func4,"[12268"",""1226800"",""11983"",""1198300""]""",Org1MSP Org2MSP ,VALID,, 11983 12268,,WT,132,12953,0
2022-04-07T17:24:49.899Z,1ce951462fa45d91cd0c622504bb1937c573a403a460d8f20d15b47030f3d9ec,Org1MSP,Func4,"[10000"",""1000000"",""11732"",""1173200""]""",Org1MSP Org2MSP ,VALID,, 10000 11732,,WT,132,12919,0
2022-04-07T17:24:49.989Z,66f853016be02421d45a377be32ab164674c790fc9ab9c6287a45f57949a01cd,Org1MSP,Func7,"[8163"",""100"",""357"",""100""]""",Org1MSP Org2MSP ,VALID, 357 8163, 357 8163,,UT,132,12948,0
2022-04-07T17:24:49.989Z,f41a338b7cbe213512956ebf5d342bb9389890c9fa6c0afd6b6eeef976cd7ef8,Org1MSP,Func4,"[10000"",""1000000"",""10233"",""1023300""]""",Org1MSP Org2MSP ,VALID,, 10000 10233,,WT,132,13007,0
2022-04-07T17:24:49.990Z,4eaf27fd4105b8951f25dcab68d105d2c501278306cd8cd15c38bd0ca837f115,Org1MSP,Func4,"[10000"",""1000000"",""18636"",""1863600""]""",Org1MSP Org2MSP ,VALID,, 10000 18636,,WT,132,12943,0
2022-04-07T17:24:49.992Z,369ec5a073e1089fe7566e78fc6615dd4c3261c8a65f67cf420ec2046dd4767f,Org1MSP,Func7,"[398"",""100"",""1709"",""100""]""",Org1MSP Org2MSP ,VALID, 1709 398, 1709 398,,UT,132,12929,0
2022-04-07T17:24:49.993Z,3b7070da130d24956ad4f0c223bd5ffde58cb4530e749a3cf33e0e01171eaa39,Org1MSP,Func4,"[10070"",""1007000"",""10009"",""1000900""]""",Org1MSP Org2MSP ,VALID,, 10009 10070,,WT,132,12931,0
2022-04-07T17:24:49.994Z,fe0ec2fd751dbfeef9567d58a3287879fe024576f7ef6c7bf1ce2b12d0132e01,Org1MSP,Func4,"[10003"",""1000300"",""10117"",""1011700""]""",Org1MSP Org2MSP ,VALID,, 10003 10117,,WT,132,13010,0
2022-04-07T17:24:49.996Z,5759e11f494e8e4bf7301df8ee4de23a432c584681f753dc3ca12e12986f43a7,Org1MSP,Func4,"[16546"",""1654600"",""11405"",""1140500""]""",Org1MSP Org2MSP ,VALID,, 11405 16546,,WT,132,12945,0
2022-04-07T17:24:49.997Z,88d70fe48312a7ab16bb60e1614d34ba8bcf5e7346f3295c0d88d945d6fc549e,Org1MSP,Func4,"[10090"",""1009000"",""14210"",""1421000""]""",Org1MSP Org2MSP ,VALID,, 10090 14210,,WT,132,12961,0
2022-04-07T17:24:49.998Z,b774919d51beeedd14f2b0af13b382cedd66be263feb046b3391f65c4952f02e,Org1MSP,Func4,"[10007"",""1000700"",""10843"",""1084300""]""",Org1MSP Org2MSP ,VALID,, 10007 10843,,WT,132,12984,0
2022-04-07T17:24:50.089Z,a3d07eb55caf0a117f951e09151a29aca8c24a3a74bafaf4814ab1e53a50d426,Org1MSP,Func4,"[10108"",""1010800"",""16411"",""1641100""]""",Org1MSP Org2MSP ,VALID,, 10108 16411,,WT,132,12976,0
2022-04-07T17:24:50.089Z,aa112c9496c0e2eac846b85f500f601e1961b2cc59ac011f14319598fb080135,Org1MSP,Func4,"[10228"",""1022800"",""16115"",""1611500""]""",Org1MSP Org2MSP ,VALID,, 10228 16115,,WT,132,12978,0
2022-04-07T17:24:50.089Z,d9be6981ab27332fb78f2fe311a624d4fc7d7259f038db51e0d52fed7d46be66,Org1MSP,Func4,"[10012"",""1001200"",""10010"",""1001000""]""",Org1MSP Org2MSP ,VALID,, 10010 10012,,WT,132,13001,0
2022-04-07T17:24:50.090Z,d5e10a9951d4de6841a47c6e2b8381ddace4df079f5a1736750b1239c6a1a0fc,Org1MSP,Func4,"[10001"",""1000100"",""11208"",""1120800""]""",Org1MSP Org2MSP ,VALID,, 10001 11208,,WT,132,12999,0
2022-04-07T17:24:50.092Z,f09a422a0f869e2a48f5f3bde22801f6ad987db5da93bcd41023ab270e548e65,Org1MSP,Func4,"[10006"",""1000600"",""10123"",""1012300""]""",Org1MSP Org2MSP ,VALID,, 10006 10123,,WT,132,13005,0
2022-04-07T17:24:50.094Z,039bfc7781b6f61765bb0b397475deedc66eb5d804fb54176867be422f5b5244,Org1MSP,Func4,"[10000"",""1000000"",""11887"",""1188700""]""",Org1MSP Org2MSP ,VALID,, 10000 11887,,WT,132,12911,0
2022-04-07T17:24:50.094Z,f7816970007a37965314409d77d0947eeeee0cfa85765d4203314fffb3e7c8b4,Org1MSP,Func4,"[10001"",""1000100"",""18943"",""1894300""]""",Org1MSP Org2MSP ,VALID,, 10001 18943,,WT,132,13009,0
2022-04-07T17:24:50.097Z,31dfccbf22e9c66ea789093524f3a1992b9791bb5cbf6eb0ea996f33bc0ff656,Org1MSP,Func4,"[13121"",""1312100"",""10119"",""1011900""]""",Org1MSP Org2MSP ,VALID,, 10119 13121,,WT,132,12926,0
2022-04-07T17:24:50.097Z,46c2437394bd36957480eb5c588b464476b2439bb49e3d7fdb691f87150b2ae2,Org1MSP,Func1,"[6"",""1""]""",Org1MSP Org2MSP ,VALID, 1 6,,,RT,132,12937,0
2022-04-07T17:24:50.098Z,52c3b2e0de56742c4232c8b74ced2e2e66cb560464635c28d6a7ce3a82cb6481,Org1MSP,Func1,"[473"",""6""]""",Org1MSP Org2MSP ,VALID, 473 6,,,RT,132,12944,0
2022-04-07T17:24:50.188Z,ec0512da1f3b7bc29e514c345bf87cd9ca3d96ab3f4dc8082ba25f04a8bd2fdf,Org1MSP,Func1,"[451"",""166""]""",Org1MSP Org2MSP ,VALID, 166 451,,,RT,132,13004,0
2022-04-07T17:24:50.190Z,44eb4749b6dc703085860402fb743cf7c6963f9a40b49fbcd6abc03c75876c1c,Org1MSP,Func4,"[17564"",""1756400"",""10014"",""1001400""]""",Org1MSP Org2MSP ,VALID,, 10014 17564,,WT,132,12935,0
2022-04-07T17:24:50.190Z,456517d0b2e70f77ce37e9b6c2cdeeecbb27e1ba9e452e9d03c71eb001913747,Org1MSP,Func4,"[10000"",""1000000"",""19279"",""1927900""]""",Org1MSP Org2MSP ,VALID,, 10000 19279,,WT,132,12936,0
2022-04-07T17:24:50.190Z,9603113a67c8898fe16283ed954d42c29b94a82b8999548bf1970b8da226f66d,Org1MSP,Func4,"[10029"",""1002900"",""18388"",""1838800""]""",Org1MSP Org2MSP ,VALID,, 10029 18388,,WT,132,12966,0
2022-04-07T17:24:50.192Z,afb91f77402b783340f3d34d86e2ecc0aff4b8089aa6032135fe8715a81a0dba,Org1MSP,Func7,"[4477"",""100"",""257"",""100""]""",Org1MSP Org2MSP ,VALID, 257 4477, 257 4477,,UT,132,12981,0
2022-04-07T17:24:50.194Z,278475b24e7ba1093c4045863672fb6894244ed185793919f9d41ed9a74186cc,Org1MSP,Func4,"[14757"",""1475700"",""10013"",""1001300""]""",Org1MSP Org2MSP ,VALID,, 10013 14757,,WT,132,12922,0
2022-04-07T17:24:50.196Z,1b3dd2783e44307079ac83dc7c02820def59af52630904655747a416e9e78ac1,Org1MSP,Func4,"[10080"",""1008000"",""10001"",""1000100""]""",Org1MSP Org2MSP ,VALID,, 10001 10080,,WT,132,12918,0
2022-04-07T17:24:50.198Z,943130d5cc1dcf7093aa6c41d2293be253ce07e95a842324bc35c23c020af2b5,Org1MSP,Func4,"[10015"",""1001500"",""11961"",""1196100""]""",Org1MSP Org2MSP ,VALID,, 10015 11961,,WT,132,12965,0
2022-04-07T17:24:50.200Z,9ecb16a2a8b225c885196da41b57b97b9561c017be1e6dfbecee7017a8786975,Org1MSP,Func4,"[10000"",""1000000"",""10053"",""1005300""]""",Org1MSP Org2MSP ,VALID,, 10000 10053,,WT,132,12973,0
2022-04-07T17:24:50.289Z,215ba97801eac1db66a3786cd3b823e916a42c47d89846f1abf8933b7d65ad79,Org1MSP,Func4,"[10001"",""1000100"",""10795"",""1079500""]""",Org1MSP Org2MSP ,VALID,, 10001 10795,,WT,132,12921,0
2022-04-07T17:24:50.289Z,9ccfbb3e8889fac16389c266015616e0fac3158c1c86d9a88024336cc46193d4,Org1MSP,Func4,"[10010"",""1001000"",""10171"",""1017100""]""",Org1MSP Org2MSP ,VALID,, 10010 10171,,WT,132,12971,0
2022-04-07T17:24:50.289Z,cb2e80564ad361242aadad5f69192517b4c1bd00ee942344af20162574372b1f,Org1MSP,Func4,"[10056"",""1005600"",""10920"",""1092000""]""",Org1MSP Org2MSP ,VALID,, 10056 10920,,WT,132,12996,0
2022-04-07T17:24:50.290Z,4123897b0f4ec13f129dea4dd2510b25a9d928162ac866392c56b5132db3dde1,Org1MSP,Func4,"[10493"",""1049300"",""10305"",""1030500""]""",Org1MSP Org2MSP ,VALID,, 10305 10493,,WT,132,12933,0
2022-04-07T17:24:50.292Z,3653052c3ce79f4643f4c5c7f68fac34f23a3d99b18c88737a57732b652ef350,Org1MSP,Func7,"[1"",""100"",""4"",""100""]""",Org1MSP Org2MSP ,VALID, 1 4, 1 4,,UT,132,13011,0
2022-04-07T17:24:50.294Z,7c89a94adea3a8ab3d7936bb617355de2301d5a876a9865f459fc4e0a388dcfc,Org1MSP,Func1,"[10"",""3777""]""",Org1MSP Org2MSP ,VALID, 10 3777,,,RT,132,12956,0
2022-04-07T17:24:50.297Z,c8f5e0d434b89434e9d5b479143b2f3275f083d83dfcf2028c340d4003d53169,Org1MSP,Func1,"[10"",""13""]""",Org1MSP Org2MSP ,VALID, 10 13,,,RT,132,12994,0
2022-04-07T17:24:50.303Z,f3f225be4d7d1693273f05734834e5cc4035fa2184427737c92e672081dfde3a,Org1MSP,Func4,"[10025"",""1002500"",""12188"",""1218800""]""",Org1MSP Org2MSP ,VALID,, 10025 12188,,WT,132,13006,0
2022-04-07T17:24:50.304Z,672aa3917a0f3e305e400ccc3d5619fd92f0a9c42c126b930d504cbefea623da,Org1MSP,Func4,"[10087"",""1008700"",""10000"",""1000000""]""",Org1MSP Org2MSP ,VALID,, 10000 10087,,WT,132,12949,0
2022-04-07T17:24:50.305Z,8d151402b5eff203e1b9d63a2a8bf6f7910d4e381e8aee8dbc7c1503c3ba9606,Org1MSP,Func4,"[10009"",""1000900"",""17704"",""1770400""]""",Org1MSP Org2MSP ,VALID,, 10009 17704,,WT,132,12962,0
2022-04-07T17:24:50.388Z,0932116cb9750f33a6b94e490f25721a1658ba5d708141fe3f99fdd5315a7004,Org1MSP,Func7,"[4080"",""100"",""9589"",""100""]""",Org1MSP Org2MSP ,VALID, 4080 9589, 4080 9589,,UT,132,12914,0
2022-04-07T17:24:50.389Z,09475f3cabac6948e6ee4be9372e9fdd530f269b2d5c1c1efc8b62b9978340e0,Org1MSP,Func4,"[10112"",""1011200"",""11894"",""1189400""]""",Org1MSP Org2MSP ,VALID,, 10112 11894,,WT,132,12915,0
2022-04-07T17:24:50.390Z,c07d58091a376d99e6c7164c39bd61982a36b6ba9ee38be1ebab66044cc23d85,Org1MSP,Func4,"[10010"",""1001000"",""10000"",""1000000""]""",Org1MSP Org2MSP ,VALID,, 10000 10010,,WT,132,12989,0
2022-04-07T17:24:50.392Z,ba01171a0eb74c27fed70c4ca0d4da58af3e70150fb08ec85ca214d703d4597b,Org1MSP,Func4,"[10669"",""1066900"",""10337"",""1033700""]""",Org1MSP Org2MSP ,VALID,, 10337 10669,,WT,132,12986,0
2022-04-07T17:24:50.394Z,4374254a201b7b3504de5bd4358609ca52a839609d9cf994d376e5cef7aadba0,Org1MSP,Func7,"[44"",""100"",""93"",""100""]""",Org1MSP Org2MSP ,VALID, 44 93, 44 93,,UT,132,12934,0
2022-04-07T17:24:50.395Z,76156468870c2e0a0d4712a11ee123e49ae9809f55dda35284e11c41a0a4bfd5,Org1MSP,Func4,"[18321"",""1832100"",""15640"",""1564000""]""",Org1MSP Org2MSP ,VALID,, 15640 18321,,WT,132,12954,0
2022-04-07T17:24:50.397Z,b1ffff062550e1bbe28de6ca1efc8b08753e11ee43da47173b8be01a5843aa6b,Org1MSP,Func4,"[13912"",""1391200"",""10034"",""1003400""]""",Org1MSP Org2MSP ,VALID,, 10034 13912,,WT,132,12983,0
2022-04-07T17:24:50.399Z,ab3102aa2ba518acb0f266e2e4210d1eb86ad2bd1e59a60298e31fcf9efb5b7f,Org1MSP,Func4,"[10033"",""1003300"",""10004"",""1000400""]""",Org1MSP Org2MSP ,VALID,, 10004 10033,,WT,132,12979,0
2022-04-07T17:24:50.402Z,8e7f823013effe7fd6bd3a506dad119aebd9ac4fbd4a73ae8e605d94dbb81ad9,Org1MSP,Func4,"[13601"",""1360100"",""10007"",""1000700""]""",Org1MSP Org2MSP ,VALID,, 10007 13601,,WT,132,12964,0
2022-04-07T17:24:50.489Z,34bc85a7ee337faf04ee7d36ca9f66edb0b86bda224110e4e74add8b0a10bd08,Org1MSP,Func4,"[10271"",""1027100"",""11512"",""1151200""]""",Org1MSP Org2MSP ,VALID,, 10271 11512,,WT,132,12927,0
2022-04-07T17:24:50.489Z,364b3dc71eb30052e4b0edb4a8a9553f3816a4ae157d306e47bc0137a7df73c3,Org1MSP,Func4,"[10003"",""1000300"",""11131"",""1113100""]""",Org1MSP Org2MSP ,VALID,, 10003 11131,,WT,132,12928,0
2022-04-07T17:24:50.489Z,9a13d92a5a1cd5205e933e6c80d9e727cc82a93769e788fd1efa99226596aa6b,Org1MSP,Func4,"[10134"",""1013400"",""10004"",""1000400""]""",Org1MSP Org2MSP ,VALID,, 10004 10134,,WT,132,12970,0
2022-04-07T17:24:50.492Z,1e6832c9091772ae7f09e6970d8ea3819fba85f82cb821a4a4ab3551247a69d7,Org1MSP,Func4,"[10259"",""1025900"",""12527"",""1252700""]""",Org1MSP Org2MSP ,VALID,, 10259 12527,,WT,132,12920,0
2022-04-07T17:24:50.493Z,87f78ab2eba0eda571284f40b2b11ec23f0c146029b3c6ed2aecc599f9bd1c5d,Org1MSP,Func4,"[10089"",""1008900"",""10920"",""1092000""]""",Org1MSP Org2MSP ,VALID,, 10089 10920,,WT,132,12959,0
2022-04-07T17:24:50.494Z,bc67e85290a3e6a7d2548beedc0282735b2b5ce3d832d0688d3335c77d3d1443,Org1MSP,Func4,"[10109"",""1010900"",""10429"",""1042900""]""",Org1MSP Org2MSP ,VALID,, 10109 10429,,WT,132,12987,0
2022-04-07T17:24:50.495Z,7d1fa6af2bd65af64029f1f269caab416a1c7f9956d7733104486e598f22d171,Org1MSP,Func4,"[10045"",""1004500"",""10020"",""1002000""]""",Org1MSP Org2MSP ,VALID,, 10020 10045,,WT,132,12957,0
2022-04-07T17:24:50.497Z,c6e9cd0dfd0842ed666c117668318dcd1012fcbfa962467ec15645e327e81d50,Org1MSP,Func7,"[5"",""100"",""506"",""100""]""",Org1MSP Org2MSP ,VALID, 5 506, 5 506,,UT,132,12993,0
2022-04-07T17:24:50.498Z,4846f1655a077401f286a61d9b5cb3a0c6fd652af3576169688b6701b0b5c982,Org1MSP,Func4,"[10284"",""1028400"",""10007"",""1000700""]""",Org1MSP Org2MSP ,VALID,, 10007 10284,,WT,132,12939,0
2022-04-07T17:24:50.500Z,5cab78f15ad7c78471503cf27e5721217fd1407290f44c122e05857132071f36,Org1MSP,Func4,"[10035"",""1003500"",""10003"",""1000300""]""",Org1MSP Org2MSP ,VALID,, 10003 10035,,WT,132,12946,0
2022-04-07T17:24:50.589Z,ad43bd6c213b48f6b1e3ff897bc10acd15b0239a21eb41d7e319028edd3cc186,Org1MSP,Func4,"[10336"",""1033600"",""10812"",""1081200""]""",Org1MSP Org2MSP ,VALID,, 10336 10812,,WT,133,13076,0
2022-04-07T17:24:50.590Z,13628e722845b643e329705ba1824d71a58876e73a0ec1469ea872918c2c02e4,Org1MSP,Func4,"[10000"",""1000000"",""10055"",""1005500""]""",Org1MSP Org2MSP ,VALID,, 10000 10055,,WT,133,13017,0
2022-04-07T17:24:50.591Z,de2452456ffe6c05331ac4cd5557e648cbc68f2e73d1a69f1d09376d98a93601,Org1MSP,Func4,"[10209"",""1020900"",""10027"",""1002700""]""",Org1MSP Org2MSP ,VALID,, 10027 10209,,WT,133,13088,0
2022-04-07T17:24:50.592Z,9e24303aae032a003745fb2c95918d7456765c2213946d1548b5e53c968aac59,Org1MSP,Func7,"[2583"",""100"",""2634"",""100""]""",Org1MSP Org2MSP ,VALID, 2583 2634, 2583 2634,,UT,133,13066,0
2022-04-07T17:24:50.593Z,62352b00a6706c4e8faa3489a5e5665ed2ab88997f04a66c2c3e3cea828db8fc,Org1MSP,Func1,"[820"",""36""]""",Org1MSP Org2MSP ,VALID, 36 820,,,RT,133,13042,0
2022-04-07T17:24:50.596Z,795eaffebc89fe8b392d27ccaa57adea4b763941e7e265e265d6be1bce6f7fc8,Org1MSP,Func4,"[10002"",""1000200"",""11484"",""1148400""]""",Org1MSP Org2MSP ,VALID,, 10002 11484,,WT,133,13047,0
2022-04-07T17:24:50.597Z,225dbadcb77a9260bf4845c8e700432b5f742644319899d47b217f8362403c7b,Org1MSP,Func4,"[10001"",""1000100"",""10000"",""1000000""]""",Org1MSP Org2MSP ,VALID,, 10000 10001,,WT,133,13025,0
2022-04-07T17:24:50.599Z,a0b41da4d63bd1cf02e038009a50555ec07faf4035139f1a2cc5639254e7c9e1,Org1MSP,Func4,"[10724"",""1072400"",""10009"",""1000900""]""",Org1MSP Org2MSP ,VALID,, 10009 10724,,WT,133,13069,0
2022-04-07T17:24:50.599Z,a575b7ca28f05525bf4d09cbc1e728b5c586410f8c1a8e870633c7134d0ed197,Org1MSP,Func4,"[10024"",""1002400"",""10186"",""1018600""]""",Org1MSP Org2MSP ,VALID,, 10024 10186,,WT,133,13071,0
2022-04-07T17:24:50.689Z,d977382524bfe03c3d38c1f190c83af52474a96bcb295c5032cc1e7a7b6a5441,Org1MSP,Func4,"[13255"",""1325500"",""10005"",""1000500""]""",Org1MSP Org2MSP ,VALID,, 10005 13255,,WT,133,13086,0
2022-04-07T17:24:50.689Z,ed1682a0d147a19d37a2a2ebae6bac9ebecdee21bf2b2ba4bc8c1b8da662a1a3,Org1MSP,Func4,"[19158"",""1915800"",""10000"",""1000000""]""",Org1MSP Org2MSP ,VALID,, 10000 19158,,WT,133,13092,0
2022-04-07T17:24:50.690Z,42b13b616428f10b57bf420be684d18e3b0c5850e45789cae61cd176ee410ab4,Org1MSP,Func1,"[52"",""5083""]""",Org1MSP Org2MSP ,VALID, 5083 52,,,RT,133,13033,0
2022-04-07T17:24:50.690Z,bcafaf1611750b3c4d02969e28bc2de852cf7e57ede453907df00b90e7409a57,Org1MSP,Func4,"[10022"",""1002200"",""10009"",""1000900""]""",Org1MSP Org2MSP ,VALID,, 10009 10022,,WT,133,13081,0
2022-04-07T17:24:50.692Z,f219f5e23f6f85334312e6dda4d8da77a2d29fb04c405a8df39d501de8179826,Org1MSP,Func4,"[10650"",""1065000"",""10203"",""1020300""]""",Org1MSP Org2MSP ,VALID,, 10203 10650,,WT,133,13096,0
2022-04-07T17:24:50.693Z,b420b92cb9d9af375bb5f7fbd1bd9d7fb5e433ca215a4818624a13cd75802a83,Org1MSP,Func4,"[10008"",""1000800"",""10173"",""1017300""]""",Org1MSP Org2MSP ,VALID,, 10008 10173,,WT,133,13078,0
2022-04-07T17:24:50.694Z,f2f302075c1342cd2d3014de8e430044e5564c1d880a09e1b5342a55d7274fb8,Org1MSP,Func4,"[13938"",""1393800"",""15035"",""1503500""]""",Org1MSP Org2MSP ,VALID,, 13938 15035,,WT,133,13097,0
2022-04-07T17:24:50.697Z,7eeb5a7ae8877a5c4c38d8d7364aac92d54816593cef34a2d5f56657e3ad891b,Org1MSP,Func4,"[10480"",""1048000"",""10167"",""1016700""]""",Org1MSP Org2MSP ,VALID,, 10167 10480,,WT,133,13052,0
2022-04-07T17:24:50.697Z,b8169fd0d301411ecfa2e2cd3d7d96bd239cb31a157da725bb374f98738988a1,Org1MSP,Func4,"[19755"",""1975500"",""10078"",""1007800""]""",Org1MSP Org2MSP ,VALID,, 10078 19755,,WT,133,13080,0
2022-04-07T17:24:50.698Z,ed15a8ac836eac7568e1501fd58ead2d0b7f510d176ad72e8a7da65de99d0ad2,Org1MSP,Func4,"[12459"",""1245900"",""10001"",""1000100""]""",Org1MSP Org2MSP ,VALID,, 10001 12459,,WT,133,13091,0
2022-04-07T17:24:50.789Z,6c4802888286d7d524d3834e64ed7a9118af394eb2e6aab9b01c0281fbaa5f1c,Org1MSP,Func4,"[13376"",""1337600"",""10011"",""1001100""]""",Org1MSP Org2MSP ,VALID,, 10011 13376,,WT,133,13044,0
2022-04-07T17:24:50.791Z,16b1aa75800742db8ae8204ec897faf13865272a4792d527f4d3580a1ae153a0,Org1MSP,Func1,"[10"",""5518""]""",Org1MSP Org2MSP ,VALID, 10 5518,,,RT,133,13019,0
2022-04-07T17:24:50.791Z,97e0dbcacfb5dd9f2952ff19e0174ad71defc36d09297efa99dfd06ecc2f0fb4,Org1MSP,Func4,"[10008"",""1000800"",""10047"",""1004700""]""",Org1MSP Org2MSP ,VALID,, 10008 10047,,WT,133,13060,0
2022-04-07T17:24:50.791Z,f37c40f2be45c9d98764989ddab414d60757a8c79b21afe1a9efe2e1c821ce4f,Org1MSP,Func4,"[10023"",""1002300"",""10000"",""1000000""]""",Org1MSP Org2MSP ,VALID,, 10000 10023,,WT,133,13098,0
2022-04-07T17:24:50.792Z,e9d7052e7669f338606b27ca922006e96d5dd0e0b7af409709582e6cea28cbab,Org1MSP,Func4,"[11400"",""1140000"",""10061"",""1006100""]""",Org1MSP Org2MSP ,VALID,, 10061 11400,,WT,133,13090,0
2022-04-07T17:24:50.793Z,6217a12b1e7d9064b59cb2f4a0729ac1f79b475f5d7755c7c787024f746b2a08,Org1MSP,Func7,"[2"",""100"",""10"",""100""]""",Org1MSP Org2MSP ,VALID, 10 2, 10 2,,UT,133,13106,0
2022-04-07T17:24:50.794Z,c52dfa2b0ea911dcca1c8e455fe8bbd53c8227e7a0273cdfa4f7a6ffdf10eb1d,Org1MSP,Func1,"[1402"",""12""]""",Org1MSP Org2MSP ,VALID, 12 1402,,,RT,133,13082,0
2022-04-07T17:24:50.797Z,1dc94abcf35613aef5f25418221da2fbfaa0fbaf1519ac30f7c5bab601a8595f,Org1MSP,Func4,"[14955"",""1495500"",""10008"",""1000800""]""",Org1MSP Org2MSP ,VALID,, 10008 14955,,WT,133,13021,0
2022-04-07T17:24:50.797Z,26db551f1ab36a2cee34e68fd08aa8dc1d0e1772a0a86e53f2e089aa9443dca8,Org1MSP,Func4,"[14169"",""1416900"",""10000"",""1000000""]""",Org1MSP Org2MSP ,VALID,, 10000 14169,,WT,133,13026,0
2022-04-07T17:24:50.799Z,12f4a51820984addb62ab44fafbadd2e6aa24ce1e1a084f755eb68664334341d,Org1MSP,Func4,"[10081"",""1008100"",""10019"",""1001900""]""",Org1MSP Org2MSP ,VALID,, 10019 10081,,WT,133,13016,0
2022-04-07T17:24:50.889Z,7da06d604b587b2af53dc61760238575bd646f7dabc32931d92a1713662638a6,Org1MSP,Func7,"[4469"",""100"",""7"",""100""]""",Org1MSP Org2MSP ,ENDORSEMENT_POLICY_FAILURE, 4469 7, 4469 7,,UT,133,13105,0
2022-04-07T17:24:50.889Z,4155fc493740ac57a5c0fa511e64de3c0e3ed93e294c7a61523a91af1325a783,Org1MSP,Func7,"[1504"",""100"",""1"",""100""]""",Org1MSP Org2MSP ,ENDORSEMENT_POLICY_FAILURE, 1 1504, 1 1504,,UT,133,13107,0
2022-04-07T17:24:50.890Z,7f6ea760892e57a513acc6d5386af4711a07cfaf48056133488219be2c1f8770,Org1MSP,Func7,"[3"",""100"",""3"",""100""]""",Org1MSP Org2MSP ,ENDORSEMENT_POLICY_FAILURE, 3, 3,,UT,133,13054,0
2022-04-07T17:24:50.892Z,124182f10ca34fc355fcf27a66f2565f99ea45bf31534c1742959529abe99657,Org1MSP,Func4,"[11871"",""1187100"",""15496"",""1549600""]""",Org1MSP Org2MSP ,VALID,, 11871 15496,,WT,133,13015,0
2022-04-07T17:24:50.892Z,da95b77c04c442bb4137e16ba7b999248ee70374c2ef40a6dca2ae3d23f146bd,Org1MSP,Func4,"[19362"",""1936200"",""10004"",""1000400""]""",Org1MSP Org2MSP ,VALID,, 10004 19362,,WT,133,13087,0
2022-04-07T17:24:50.895Z,82a76c13515d2f22d1c999e326109ba907465a431ff058dcf3eefaa54d42041c,Org1MSP,Func1,"[1549"",""2784""]""",Org1MSP Org2MSP ,ENDORSEMENT_POLICY_FAILURE, 1549 2784,,,RT,133,13057,0
2022-04-07T17:24:50.896Z,4d27111b4e10598b0f16a1d19180b7c0f66cadd23e6e230b0a38f8732d133390,Org1MSP,Func4,"[10111"",""1011100"",""10006"",""1000600""]""",Org1MSP Org2MSP ,VALID,, 10006 10111,,WT,133,13036,0
2022-04-07T17:24:50.898Z,c7c04967621635ea82e4ea5263e0eaf63bde249903aebcdc45f563fd90a6d0bf,Org1MSP,Func4,"[10001"",""1000100"",""10001"",""1000100""]""",Org1MSP Org2MSP ,VALID,, 10001,,WT,133,13083,0
2022-04-07T17:24:50.899Z,181095ec36d632779c87b1dc967c153cc5a6b96fefecb4060a50277efaa18b18,Org1MSP,Func1,"[187"",""1""]""",Org1MSP Org2MSP ,ENDORSEMENT_POLICY_FAILURE, 1 187,,,RT,133,13020,0
2022-04-07T17:24:50.989Z,a0170c805464cbc36d04f53f9fdc3d0253b5e1935f859814cb37693f17c853a7,Org1MSP,Func1,"[202"",""7""]""",Org1MSP Org2MSP ,VALID, 202 7,,,RT,133,13068,0
2022-04-07T17:24:50.989Z,ac88ac59bb8b24026e3f4c7f4915ef913de1228739c6bb596e99ab341f7bce9d,Org1MSP,Func4,"[10023"",""1002300"",""10899"",""1089900""]""",Org1MSP Org2MSP ,VALID,, 10023 10899,,WT,133,13075,0
2022-04-07T17:24:50.990Z,5e3f83c392507cebc7d0708c168cba72ffd377feb9b4f19d9480473cc3337724,Org1MSP,Func7,"[182"",""100"",""214"",""100""]""",Org1MSP Org2MSP ,VALID, 182 214, 182 214,,UT,133,13040,0
2022-04-07T17:24:50.992Z,7a7bc39c8f93b2ab249d473b6fc0d600f9a2d8e1085a606ccfa58f3375f220c2,Org1MSP,Func4,"[10002"",""1000200"",""11968"",""1196800""]""",Org1MSP Org2MSP ,VALID,, 10002 11968,,WT,133,13050,0
2022-04-07T17:24:50.994Z,f3ecc7ad1fce397b828d6b77f9f6727c13463aed2416d25ae5a88c79e934fb4e,Org1MSP,Func7,"[6568"",""100"",""794"",""100""]""",Org1MSP Org2MSP ,VALID, 6568 794, 6568 794,,UT,133,13099,0
2022-04-07T17:24:50.995Z,7cbcd3d11e88acc63d1814abbfce3a64653659284ccd1968d8c3ad3c15465575,Org1MSP,Func4,"[10001"",""1000100"",""10036"",""1003600""]""",Org1MSP Org2MSP ,VALID,, 10001 10036,,WT,133,13051,0
2022-04-07T17:24:50.996Z,f5f57f28a76d1950b4dd31617b77b967a8b61feed75fe115efcc5fcb9d8211e4,Org1MSP,Func4,"[10834"",""1083400"",""13100"",""1310000""]""",Org1MSP Org2MSP ,VALID,, 10834 13100,,WT,133,13100,0
2022-04-07T17:24:50.997Z,2c13fd0ccd877276e4f70f91e81df33aaddc4f8a715fd294d758d4aab29deb5d,Org1MSP,Func4,"[10106"",""1010600"",""10120"",""1012000""]""",Org1MSP Org2MSP ,VALID,, 10106 10120,,WT,133,13028,0
2022-04-07T17:24:50.999Z,41178d5cc980393d5a3394bae3a4ea9962e7c1bc6bd10a12b1b5b224ba84ce23,Org1MSP,Func4,"[10451"",""1045100"",""17473"",""1747300""]""",Org1MSP Org2MSP ,VALID,, 10451 17473,,WT,133,13032,0
2022-04-07T17:24:51.089Z,169cfc6d008d663c1f9d754ab09b1a8d466c4e462bac9bc869bbe1431d2dd743,Org1MSP,Func4,"[10004"",""1000400"",""12517"",""1251700""]""",Org1MSP Org2MSP ,VALID,, 10004 12517,,WT,133,13018,0
2022-04-07T17:24:51.089Z,b392f806a4c0678621f2435aa91a50cce0238c9c4faa2e9cb288ab16f43172db,Org1MSP,Func4,"[13970"",""1397000"",""10175"",""1017500""]""",Org1MSP Org2MSP ,VALID,, 10175 13970,,WT,133,13077,0
2022-04-07T17:24:51.090Z,5286141ed160d8865cdc310f4e1f82afc24548a77b1a2d31e667e25a7c94e82a,Org1MSP,Func4,"[10822"",""1082200"",""10004"",""1000400""]""",Org1MSP Org2MSP ,VALID,, 10004 10822,,WT,133,13037,0
2022-04-07T17:24:51.090Z,a59d8005ec7a91ac787666db894fe0754135cfbde75370aed71ca36da4052ff1,Org1MSP,Func4,"[10148"",""1014800"",""10096"",""1009600""]""",Org1MSP Org2MSP ,VALID,, 10096 10148,,WT,133,13072,0
2022-04-07T17:24:51.093Z,a100cd7c1a435ade5bc0fdc4a5618623bb69c34a27867b8e10af58fbe0f5578e,Org1MSP,Func4,"[10203"",""1020300"",""10053"",""1005300""]""",Org1MSP Org2MSP ,VALID,, 10053 10203,,WT,133,13070,0
2022-04-07T17:24:51.094Z,d1ce54a076f68d46f7be8e2cb93c98d438e44b84b3376a9794e41e2e2a52ab3e,Org1MSP,Func1,"[2"",""1""]""",Org1MSP Org2MSP ,VALID, 1 2,,,RT,133,13084,0
2022-04-07T17:24:51.095Z,efd9e72f44497122c28092b437b876d2741762a521875ef2fc533cd079e196e0,Org1MSP,Func1,"[53"",""825""]""",Org1MSP Org2MSP ,VALID, 53 825,,,RT,133,13094,0
2022-04-07T17:24:51.096Z,5f67121bfc58e88131ca508b2647cce38b9a3e796f7fda1394e6ebaeff5a25eb,Org1MSP,Func4,"[10210"",""1021000"",""10002"",""1000200""]""",Org1MSP Org2MSP ,VALID,, 10002 10210,,WT,133,13041,0
2022-04-07T17:24:51.098Z,1e49136f2b7bdfe64b837bca7d4c9089c3d1545a71c87277ca53a442301c6728,Org1MSP,Func1,"[532"",""181""]""",Org1MSP Org2MSP ,VALID, 181 532,,,RT,133,13022,0
2022-04-07T17:24:51.098Z,9b580626964ab97b26f07f9293c35e5bdcf0376da1876738b7455cad0b53ee8f,Org1MSP,Func1,"[258"",""22""]""",Org1MSP Org2MSP ,VALID, 22 258,,,RT,133,13063,0
2022-04-07T17:24:51.188Z,a6f97095a13a7909637844fb88f8cf4a32d1da62ccc58183096714e802004f7f,Org1MSP,Func7,"[31"",""100"",""282"",""100""]""",Org1MSP Org2MSP ,VALID, 282 31, 282 31,,UT,133,13073,0
2022-04-07T17:24:51.189Z,ff5bb1b7da77769a6a94a62fd1143a341c34bf6ca92c3d0f21daa21e24d74643,Org1MSP,Func1,"[841"",""1""]""",Org1MSP Org2MSP ,VALID, 1 841,,,RT,133,13102,0
2022-04-07T17:24:51.190Z,eefe252a59c5f6af0707ddf8b05eefa974c1928d5c1753fc9839b7eef3baf3ab,Org1MSP,Func7,"[225"",""100"",""26"",""100""]""",Org1MSP Org2MSP ,VALID, 225 26, 225 26,,UT,133,13093,0
2022-04-07T17:24:51.192Z,d52af71792bbb77b9e918fdbc3c316d62031a764e1f2be9f3078f56e3821d76d,Org1MSP,Func7,"[5586"",""100"",""437"",""100""]""",Org1MSP Org2MSP ,VALID, 437 5586, 437 5586,,UT,133,13085,0
2022-04-07T17:24:51.195Z,095bf955da43418f050497ea422349bf370eb021fc41db1871754595f9a3d3b7,Org1MSP,Func4,"[10141"",""1014100"",""11079"",""1107900""]""",Org1MSP Org2MSP ,VALID,, 10141 11079,,WT,133,13014,0
2022-04-07T17:24:51.196Z,3415f69c17b172ced78c5c094b7ebda0b339790da0a1a4d8efbd5816c70d3ab9,Org1MSP,Func1,"[175"",""1""]""",Org1MSP Org2MSP ,VALID, 1 175,,,RT,133,13031,0
2022-04-07T17:24:51.196Z,875ab2423b74124fb473c7361b911b079bf3828d03f112a782d55d07d1cd8352,Org1MSP,Func7,"[181"",""100"",""196"",""100""]""",Org1MSP Org2MSP ,VALID, 181 196, 181 196,,UT,133,13103,0
2022-04-07T17:24:51.198Z,73d0ae8fef9ff785a39b89647b5829b6c2d05ef19aa7483f3dc4e44ac4283d0a,Org1MSP,Func1,"[215"",""1574""]""",Org1MSP Org2MSP ,VALID, 1574 215,,,RT,133,13045,0
2022-04-07T17:24:51.198Z,79ba425defeb72b8db0e02bc0e84218e6cfa8b2f49f0bcc4dc6c801ac71df67e,Org1MSP,Func1,"[6"",""3816""]""",Org1MSP Org2MSP ,VALID, 3816 6,,,RT,133,13048,0
2022-04-07T17:24:51.289Z,320e913c18a831805a00b2622e24e8eb92053058153d33122de73f82e5f2982b,Org1MSP,Func4,"[10330"",""1033000"",""10063"",""1006300""]""",Org1MSP Org2MSP ,VALID,, 10063 10330,,WT,133,13030,0
2022-04-07T17:24:51.289Z,e6876de4fb3e9d2e01596d6cd146e036c54cb30f613660787764f48ab0fb86ce,Org1MSP,Func1,"[4"",""2221""]""",Org1MSP Org2MSP ,VALID, 2221 4,,,RT,133,13089,0
2022-04-07T17:24:51.291Z,7f464ed58f980afb32b325995a200f7aeb9ba7b3d2edd9af61847a8227f8659f,Org1MSP,Func1,"[296"",""15""]""",Org1MSP Org2MSP ,VALID, 15 296,,,RT,133,13053,0
2022-04-07T17:24:51.291Z,98d5f17befc73c83e4258d590c1fd55334d9b49ecb9119738be021352e5180a6,Org1MSP,Func4,"[10073"",""1007300"",""10148"",""1014800""]""",Org1MSP Org2MSP ,VALID,, 10073 10148,,WT,133,13061,0
2022-04-07T17:24:51.294Z,aa376747b9e7e8b920be8f643cd4e2c874094c0eb117f0974b343d56539369f4,Org1MSP,Func4,"[13615"",""1361500"",""10000"",""1000000""]""",Org1MSP Org2MSP ,VALID,, 10000 13615,,WT,133,13074,0
2022-04-07T17:24:51.296Z,829ca34992b0847c5ed223a138a127a1738867de1f2f39704ab0c73b6c19cf62,Org1MSP,Func4,"[10036"",""1003600"",""10119"",""1011900""]""",Org1MSP Org2MSP ,VALID,, 10036 10119,,WT,133,13056,0
2022-04-07T17:24:51.297Z,6b82f2530eef6392163f8e6daf3207c4ffc7604ebfc781aac7b9af9540ae119b,Org1MSP,Func1,"[43"",""4""]""",Org1MSP Org2MSP ,VALID, 4 43,,,RT,133,13043,0
2022-04-07T17:24:51.298Z,207be3e8be6a86f1ec9096da507dc0e18086e122fba74a8bf84ec562de76183d,Org1MSP,Func4,"[10185"",""1018500"",""11136"",""1113600""]""",Org1MSP Org2MSP ,VALID,, 10185 11136,,WT,133,13023,0
2022-04-07T17:24:51.300Z,f74299773fef23ef1ddacbdbab591a3e4b0e5eb7ad22f9be36ac82a3b39f0307,Org1MSP,Func4,"[10000"",""1000000"",""10003"",""1000300""]""",Org1MSP Org2MSP ,VALID,, 10000 10003,,WT,133,13101,0
2022-04-07T17:24:51.305Z,013e6c993044431041860d6bc05c91cdecdba64aae40d972f03b535aa03d1374,Org1MSP,Func4,"[10000"",""1000000"",""12556"",""1255600""]""",Org1MSP Org2MSP ,VALID,, 10000 12556,,WT,133,13013,0
2022-04-07T17:24:51.389Z,270a8ba99b4118aee5f30ef861f14379dc28cd871b023e674391c5c68beede78,Org1MSP,Func7,"[9712"",""100"",""593"",""100""]""",Org1MSP Org2MSP ,VALID, 593 9712, 593 9712,,UT,133,13027,0
2022-04-07T17:24:51.390Z,5712af7b085940bfe22129db304867fff545bef83100b5675e97a840c4b535a6,Org1MSP,Func4,"[10000"",""1000000"",""10310"",""1031000""]""",Org1MSP Org2MSP ,VALID,, 10000 10310,,WT,133,13039,0
2022-04-07T17:24:51.390Z,7564c396e2fdeefe8ec541ae45f1f3f112b9cc35dcb3c0a2fd2c6c87010b3d71,Org1MSP,Func4,"[11005"",""1100500"",""11075"",""1107500""]""",Org1MSP Org2MSP ,VALID,, 11005 11075,,WT,133,13046,0
2022-04-07T17:24:51.390Z,a7b9b825ca877fa3656347e23298857a090d0d197a78cd6a76e52415a0901760,Org1MSP,Func7,"[15"",""100"",""116"",""100""]""",Org1MSP Org2MSP ,VALID, 116 15, 116 15,,UT,133,13104,0
2022-04-07T17:24:51.392Z,47b168763e4c65ae63bc21d7b3fdb766ccf56ebdafc31477ed44103a2bd7b451,Org1MSP,Func4,"[12248"",""1224800"",""14224"",""1422400""]""",Org1MSP Org2MSP ,VALID,, 12248 14224,,WT,133,13034,0
2022-04-07T17:24:51.393Z,99f1895b1810cbc3bcc69884c4f00a2f9c11fb7ef8e45f3fe6d07f8ecd0a7282,Org1MSP,Func4,"[10083"",""1008300"",""10001"",""1000100""]""",Org1MSP Org2MSP ,VALID,, 10001 10083,,WT,133,13062,0
2022-04-07T17:24:51.394Z,49785fc3226933789f31fde4a7e9bb3b593721baa1f2ac16fd0958ca6b7f236f,Org1MSP,Func4,"[10000"",""1000000"",""10001"",""1000100""]""",Org1MSP Org2MSP ,VALID,, 10000 10001,,WT,133,13035,0
2022-04-07T17:24:51.397Z,b7fedd55984a9fabf4c54340ed755dfd9fdceef0f60370919c312cb2091f3f1d,Org1MSP,Func4,"[11320"",""1132000"",""10000"",""1000000""]""",Org1MSP Org2MSP ,VALID,, 10000 11320,,WT,133,13079,0
2022-04-07T17:24:51.398Z,55964cc9ff7bd9e07140d8fd7a592e2a51a12947c47adf53a2f7b94f23fe74d0,Org1MSP,Func7,"[7803"",""100"",""74"",""100""]""",Org1MSP Org2MSP ,VALID, 74 7803, 74 7803,,UT,133,13038,0
2022-04-07T17:24:51.398Z,9ce25166788539e89b8779da80b30d8b480437fdd1db842765886799d2316705,Org1MSP,Func4,"[16957"",""1695700"",""10057"",""1005700""]""",Org1MSP Org2MSP ,VALID,, 10057 16957,,WT,133,13064,0
2022-04-07T17:24:51.489Z,2085e30119898a1bef40c915ea0bf0dc86507d8aa3387257aef8ade717f728cc,Org1MSP,Func1,"[4744"",""10""]""",Org1MSP Org2MSP ,VALID, 10 4744,,,RT,133,13024,0
2022-04-07T17:24:51.490Z,9e6a7a5497ccd896d20ca351e9a55ffa1e9a82415f1b763368c482c1ce887f0a,Org1MSP,Func4,"[10011"",""1001100"",""10079"",""1007900""]""",Org1MSP Org2MSP ,VALID,, 10011 10079,,WT,133,13067,0
2022-04-07T17:24:51.491Z,31c851482d9918de7178dbf66810a15465177368209727d2e169567b88ce32d1,Org1MSP,Func4,"[12602"",""1260200"",""10805"",""1080500""]""",Org1MSP Org2MSP ,VALID,, 10805 12602,,WT,133,13029,0
2022-04-07T17:24:51.491Z,f0d460dc0a35bd23f9ef42e7c36dee7c5bd16f9ddb6ff4620882a205d64aab4d,Org1MSP,Func4,"[13642"",""1364200"",""10001"",""1000100""]""",Org1MSP Org2MSP ,VALID,, 10001 13642,,WT,133,13095,0
2022-04-07T17:24:51.492Z,8f30cba01a1e7a4bbfe80365774f0dcf698662e0dc12bd00a1bf7bb8f9f133d9,Org1MSP,Func1,"[2"",""1234""]""",Org1MSP Org2MSP ,VALID, 1234 2,,,RT,133,13059,0
2022-04-07T17:24:51.492Z,9deb1839b8c5e707a26e0dc2274a6dc2ff7ebbed6dfd9e1a76499eedf66e100d,Org1MSP,Func4,"[17373"",""1737300"",""10000"",""1000000""]""",Org1MSP Org2MSP ,VALID,, 10000 17373,,WT,133,13065,0
2022-04-07T17:24:51.497Z,7fe450bc24c2668f682459cceacf63863a689c352c4a7f8f6b1daf5bb7608e5b,Org1MSP,Func4,"[14259"",""1425900"",""10780"",""1078000""]""",Org1MSP Org2MSP ,VALID,, 10780 14259,,WT,133,13055,0
2022-04-07T17:24:51.498Z,8df5db33c18bc9a71c9b9a4209310dd145a9393f8963ef727131e7ac80dbbf0c,Org1MSP,Func4,"[10006"",""1000600"",""10024"",""1002400""]""",Org1MSP Org2MSP ,VALID,, 10006 10024,,WT,133,13058,0
2022-04-07T17:24:51.500Z,7a11b579bf6533e984b8784c8ee7f663a231ac13c4f65f7b26dead76bd54856c,Org1MSP,Func4,"[10765"",""1076500"",""10004"",""1000400""]""",Org1MSP Org2MSP ,VALID,, 10004 10765,,WT,133,13049,0
2022-04-07T17:24:51.589Z,170f5e87e105b1037a3cef1d80ecdc0516ff9a4601437afc49a6fbbd4dc1c5a3,Org1MSP,Func1,"[2"",""5""]""",Org1MSP Org2MSP ,VALID, 2 5,,,RT,134,13110,0
2022-04-07T17:24:51.590Z,8d2533e42b77237972b5c5973e29acb2b5118cea85295097be4a8131765e933d,Org1MSP,Func1,"[3"",""4""]""",Org1MSP Org2MSP ,VALID, 3 4,,,RT,134,13133,0
2022-04-07T17:24:51.590Z,d086f5aa2c9b4fe9467587403f2490ec5edd484fbd9b94e412a93623acf91afd,Org1MSP,Func4,"[19412"",""1941200"",""10011"",""1001100""]""",Org1MSP Org2MSP ,VALID,, 10011 19412,,WT,134,13137,0
2022-04-07T17:24:51.591Z,69592a01f4840ed1c8327c3759965ab1ed55f1f757c4e91ecad36931f2d0fd88,Org1MSP,Func4,"[11626"",""1162600"",""10028"",""1002800""]""",Org1MSP Org2MSP ,VALID,, 10028 11626,,WT,134,13126,0
2022-04-07T17:24:51.594Z,68c2b305e94107bb0f1e2716b5e5c7119b6c6b7b573d3bf652587fb28214b566,Org1MSP,Func4,"[10007"",""1000700"",""10008"",""1000800""]""",Org1MSP Org2MSP ,VALID,, 10007 10008,,WT,134,13125,0
2022-04-07T17:24:51.597Z,97c08556b77e6e0a152d797a1316b462f112d7ea2ebaf506062295d152c4811a,Org1MSP,Func4,"[10000"",""1000000"",""10005"",""1000500""]""",Org1MSP Org2MSP ,VALID,, 10000 10005,,WT,134,13134,0
2022-04-07T17:24:51.599Z,f0962e3e8c111269bfe42bdace03f74fb8109580b113d771e7e467a7237fe8fc,Org1MSP,Func1,"[24"",""6""]""",Org1MSP Org2MSP ,VALID, 24 6,,,RT,134,13141,0
2022-04-07T17:24:51.600Z,3face95e1616a007eb63d33f9b5af2a044d31705994a8d7ec8c4d07b486d3c10,Org1MSP,Func4,"[19196"",""1919600"",""17859"",""1785900""]""",Org1MSP Org2MSP ,VALID,, 17859 19196,,WT,134,13119,0
2022-04-07T17:24:51.689Z,38d9f4054558974a741ad8b46450353058c63aa9135ce9d071d5a91f453c9b6b,Org1MSP,Func4,"[10005"",""1000500"",""10037"",""1003700""]""",Org1MSP Org2MSP ,VALID,, 10005 10037,,WT,134,13115,0
2022-04-07T17:24:51.689Z,3a2bf4be8e6b2202020b76aa6270b37466c901f2e3307d499440f1c9601db261,Org1MSP,Func4,"[10022"",""1002200"",""10000"",""1000000""]""",Org1MSP Org2MSP ,VALID,, 10000 10022,,WT,134,13117,0
2022-04-07T17:24:51.690Z,49dcd0828d9a6e25369c2a3d1692bd4a54d37e61b773958b349820ff7e1cdfab,Org1MSP,Func1,"[4"",""5""]""",Org1MSP Org2MSP ,VALID, 4 5,,,RT,134,13121,0
2022-04-07T17:24:51.692Z,61b3bd4dd9af77534aca7e577bdd175ba7c0a470baaca33455fff8b5ead424e1,Org1MSP,Func4,"[14855"",""1485500"",""10346"",""1034600""]""",Org1MSP Org2MSP ,VALID,, 10346 14855,,WT,134,13124,0
2022-04-07T17:24:51.694Z,099a0b91f8676a2c1e617137819abf2217292e5894a3fa576d6433fcf26768f1,Org1MSP,Func7,"[28"",""100"",""24"",""100""]""",Org1MSP Org2MSP ,VALID, 24 28, 24 28,,UT,134,13142,0
2022-04-07T17:24:51.696Z,c20db926d3a0644e65e25863efca28f3da3e63c859404866989f00485c72e910,Org1MSP,Func4,"[10006"",""1000600"",""12135"",""1213500""]""",Org1MSP Org2MSP ,VALID,, 10006 12135,,WT,134,13136,0
2022-04-07T17:24:51.697Z,86c52889b749b820b74bf40b31398b1c474509e5f56bf5621aef46f95bd6014f,Org1MSP,Func4,"[10268"",""1026800"",""10227"",""1022700""]""",Org1MSP Org2MSP ,VALID,, 10227 10268,,WT,134,13131,0
2022-04-07T17:24:51.698Z,78ac39056e717a85647254445e869a76c43994dc1805b46543993c59559cafc8,Org1MSP,Func1,"[6"",""2""]""",Org1MSP Org2MSP ,VALID, 2 6,,,RT,134,13128,0
2022-04-07T17:24:51.698Z,7d59ab63b74640f734b8963fc3db67929238cf6313bdfdc06a60ddc4f26ef918,Org1MSP,Func4,"[10007"",""1000700"",""10033"",""1003300""]""",Org1MSP Org2MSP ,VALID,, 10007 10033,,WT,134,13129,0
2022-04-07T17:24:51.788Z,3921e0162e33127e30d4e95d82e9e7652e11220982d5f71efdb1ce3cd6c58f6f,Org1MSP,Func1,"[72"",""1""]""",Org1MSP Org2MSP ,VALID, 1 72,,,RT,134,13116,0
2022-04-07T17:24:51.788Z,a8af29cafc67406e0cb606c02da209105763d05be9bc56bddad8ac7a17121ad1,Org1MSP,Func4,"[16672"",""1667200"",""10006"",""1000600""]""",Org1MSP Org2MSP ,VALID,, 10006 16672,,WT,134,13135,0
2022-04-07T17:24:51.789Z,e03ef66b676baf0a787841d1a466075c4072b45f07ec97afdfeee6c6bbf139cd,Org1MSP,Func4,"[12292"",""1229200"",""10000"",""1000000""]""",Org1MSP Org2MSP ,VALID,, 10000 12292,,WT,134,13139,0
2022-04-07T17:24:51.790Z,6b33ebb7f77117d55d0b15aa09240fc0260ed1db6d4b13249a9e18529ad8cfe8,Org1MSP,Func7,"[8"",""100"",""88"",""100""]""",Org1MSP Org2MSP ,VALID, 8 88, 8 88,,UT,134,13127,0
2022-04-07T17:24:51.792Z,5839dd82a21496d66fc9a2f8a24f87e9a63c6dc7b3265ced2c685da6e175f58f,Org1MSP,Func4,"[10000"",""1000000"",""10842"",""1084200""]""",Org1MSP Org2MSP ,VALID,, 10000 10842,,WT,134,13123,0
2022-04-07T17:24:51.794Z,004121d917fc3629909c051b17cfa4da040c3c93e31a51cb44b9e857a5a9d6af,Org1MSP,Func4,"[10003"",""1000300"",""11321"",""1132100""]""",Org1MSP Org2MSP ,VALID,, 10003 11321,,WT,134,13108,0
2022-04-07T17:24:51.796Z,44874f75176460f30fea03c001513380768b9cd056f90fc7829ea56210915cee,Org1MSP,Func1,"[2"",""3""]""",Org1MSP Org2MSP ,VALID, 2 3,,,RT,134,13120,0
2022-04-07T17:24:51.797Z,e77b3c16b1e8ae6bc8ca924411ca2fc16be5574212ffc2b681a49c4125dde502,Org1MSP,Func1,"[13"",""29""]""",Org1MSP Org2MSP ,VALID, 13 29,,,RT,134,13140,0
2022-04-07T17:24:51.799Z,23885d60d3b534f641a05ee35b5c56a0bd7f7307228009b83b7ab7e3bef75194,Org1MSP,Func4,"[10005"",""1000500"",""10218"",""1021800""]""",Org1MSP Org2MSP ,VALID,, 10005 10218,,WT,134,13112,0
2022-04-07T17:24:51.888Z,d0a56f1d79c6e6b0766edb3859827b5f48a0f4abc18ea6bce354b524aac32c4a,Org1MSP,Func4,"[10089"",""1008900"",""10405"",""1040500""]""",Org1MSP Org2MSP ,VALID,, 10089 10405,,WT,134,13138,0
2022-04-07T17:24:51.890Z,4e40f7b69df4fcd519e4aafc8db3ce7d25515f4fdd6539e502a6e2f529b6f736,Org1MSP,Func4,"[10000"",""1000000"",""11431"",""1143100""]""",Org1MSP Org2MSP ,VALID,, 10000 11431,,WT,134,13122,0
2022-04-07T17:24:51.890Z,854e69613fa4d65a95d495cb79cffe18f63fd89b28471c46b9fc205e6187db77,Org1MSP,Func4,"[10079"",""1007900"",""10000"",""1000000""]""",Org1MSP Org2MSP ,VALID,, 10000 10079,,WT,134,13130,0
2022-04-07T17:24:51.892Z,0620f7eda02af397c8d825fcb9b05b04f50266d7bce27612af3a70d015fe343e,Org1MSP,Func4,"[10000"",""1000000"",""10160"",""1016000""]""",Org1MSP Org2MSP ,VALID,, 10000 10160,,WT,134,13109,0
2022-04-07T17:24:51.894Z,37d652d3faa3a6119e615d736651cc3b18493701ee23f9c6cc32cfe260d97f0f,Org1MSP,Func4,"[10008"",""1000800"",""10734"",""1073400""]""",Org1MSP Org2MSP ,VALID,, 10008 10734,,WT,134,13114,0
2022-04-07T17:24:51.896Z,877a153bc0d83561f1b74ed46d00d87d504f8f08c6c17bfcf5476ccb4237c0c0,Org1MSP,Func4,"[11760"",""1176000"",""10042"",""1004200""]""",Org1MSP Org2MSP ,VALID,, 10042 11760,,WT,134,13132,0
2022-04-07T17:24:51.897Z,192bc264f75a4cec821b5c402ab43e858792231ef1752b2296109b435d311410,Org1MSP,Func4,"[10013"",""1001300"",""10581"",""1058100""]""",Org1MSP Org2MSP ,VALID,, 10013 10581,,WT,134,13111,0
2022-04-07T17:24:51.897Z,3c427923e5ee7fc18479375cf2685249887cd4a4741cde8d4d20beedd3ebfae6,Org1MSP,Func4,"[10001"",""1000100"",""10000"",""1000000""]""",Org1MSP Org2MSP ,VALID,, 10000 10001,,WT,134,13118,0
2022-04-07T17:24:51.898Z,2f3a555ed243e064321779f80725b726de861a82c8fb10271cd7dc721ab49008,Org1MSP,Func4,"[10120"",""1012000"",""13578"",""1357800""]""",Org1MSP Org2MSP ,VALID,, 10120 13578,,WT,134,13113,0
2022-04-07T17:24:51.989Z,ce8e96f20d13f44a9d418f2e80fdb2a6d49e25f11bacb531b3055c258cabe458,Org1MSP,Func1,"[284"",""713""]""",Org1MSP Org2MSP ,ENDORSEMENT_POLICY_FAILURE, 284 713,,,RT,135,13266,0
2022-04-07T17:24:51.990Z,a4ffbccec3ee8f75f489a7185b575eafd80f8aee6ed6bde57925be7d98542dcb,Org1MSP,Func1,"[5"",""123""]""",Org1MSP Org2MSP ,VALID, 123 5,,,RT,135,13238,0
2022-04-07T17:24:51.990Z,a9d5a6eebf7e004f4b1a1fe74ae4f6a2b490736c81db7f51b7f536fd2f6687e9,Org1MSP,Func4,"[14703"",""1470300"",""10025"",""1002500""]""",Org1MSP Org2MSP ,VALID,, 10025 14703,,WT,135,13241,0
2022-04-07T17:24:51.992Z,2fb88dda55d6beb77c6a5ca01c92473ab794bc67c064124f31994017549325d6,Org1MSP,Func4,"[10000"",""1000000"",""10004"",""1000400""]""",Org1MSP Org2MSP ,VALID,, 10000 10004,,WT,135,13168,0
2022-04-07T17:24:51.993Z,7f43f6a4119780e6e7db544ab6e818c7f95212309f5cf577f286752d22bc7183,Org1MSP,Func4,"[10273"",""1027300"",""19413"",""1941300""]""",Org1MSP Org2MSP ,VALID,, 10273 19413,,WT,135,13217,0
2022-04-07T17:24:51.994Z,f1adcdcdf8584d7d632c4088da144c806282365aad970cad420a92f023d056a1,Org1MSP,Func4,"[10049"",""1004900"",""10220"",""1022000""]""",Org1MSP Org2MSP ,VALID,, 10049 10220,,WT,135,13287,0
2022-04-07T17:24:51.995Z,b96e3c4ca8b68e06ac287e3fb75435ef51e0d3f550dcf502d6f3909bf3e7b57b,Org1MSP,Func4,"[10064"",""1006400"",""10007"",""1000700""]""",Org1MSP Org2MSP ,VALID,, 10007 10064,,WT,135,13253,0
2022-04-07T17:24:51.996Z,71a842809a3052f6423bc63f54799713730a3717fdd5b503fd8214dd94bcdad5,Org1MSP,Func4,"[10049"",""1004900"",""10215"",""1021500""]""",Org1MSP Org2MSP ,VALID,, 10049 10215,,WT,135,13207,0
2022-04-07T17:24:51.997Z,2fbe7480ef76aa75dced0ef46764bb7882df3bc7d86f6b99e9a51e870b254b5d,Org1MSP,Func7,"[2"",""100"",""984"",""100""]""",Org1MSP Org2MSP ,VALID, 2 984, 2 984,,UT,135,13301,0
2022-04-07T17:24:51.999Z,40015d252882464b884559d7de6df37a4b1cf74d0e46f5b77fa08b96cb17c220,Org1MSP,Func4,"[10014"",""1001400"",""10007"",""1000700""]""",Org1MSP Org2MSP ,VALID,, 10007 10014,,WT,135,13182,0
2022-04-07T17:24:52.089Z,3e45a57eae1b11f0e89e2cbc1fba74d4865ac3f4df50bc4e92b827c4ec620510,Org1MSP,Func7,"[811"",""100"",""182"",""100""]""",Org1MSP Org2MSP ,VALID, 182 811, 182 811,,UT,135,13180,0
2022-04-07T17:24:52.089Z,59124018d0cc89bb1ce42aed9de50d1e6d0593cc35885a75efc78cbc81de8689,Org1MSP,Func7,"[456"",""100"",""219"",""100""]""",Org1MSP Org2MSP ,VALID, 219 456, 219 456,,UT,135,13194,0
2022-04-07T17:24:52.089Z,84bf3d983d464a0e83499677b0af7a946c8fd7b458abfcb8a6b25d83930d982f,Org1MSP,Func4,"[10012"",""1001200"",""14425"",""1442500""]""",Org1MSP Org2MSP ,VALID,, 10012 14425,,WT,135,13219,0
2022-04-07T17:24:52.090Z,6ef66b3dc1524414630223563ff5ff0ffdcd2d50411f3bbc5185b88f2f16fe8b,Org1MSP,Func4,"[10209"",""1020900"",""11234"",""1123400""]""",Org1MSP Org2MSP ,VALID,, 10209 11234,,WT,135,13206,0
2022-04-07T17:24:52.093Z,fd709a04eb18f4d345992b9c4d7b541180fdefd317a7709baaca81e0718c2b8f,Org1MSP,Func4,"[18526"",""1852600"",""10102"",""1010200""]""",Org1MSP Org2MSP ,VALID,, 10102 18526,,WT,135,13295,0
2022-04-07T17:24:52.096Z,49bb664b845664bc248cd7e6a9efae61aa53f9a0fb737e616250c56cbd1aeba7,Org1MSP,Func4,"[10080"",""1008000"",""10912"",""1091200""]""",Org1MSP Org2MSP ,VALID,, 10080 10912,,WT,135,13188,0
2022-04-07T17:24:52.096Z,aa559cd14d2043df41a8f48d3dbbe5b1c042107d58c7643459081ac2d08d0875,Org1MSP,Func4,"[16869"",""1686900"",""10158"",""1015800""]""",Org1MSP Org2MSP ,VALID,, 10158 16869,,WT,135,13242,0
2022-04-07T17:24:52.097Z,001bd16f28db4c0f4cc69458572db65effdfe860531695cf9fb2ad98f5f5c50f,Org1MSP,Func4,"[10095"",""1009500"",""10252"",""1025200""]""",Org1MSP Org2MSP ,VALID,, 10095 10252,,WT,135,13143,0
2022-04-07T17:24:52.099Z,8c4ca6181dbfbcddcc99fc5be265c86c08aa4cbcfcb24255a5c33262e4a0c318,Org1MSP,Func7,"[1778"",""100"",""1"",""100""]""",Org1MSP Org2MSP ,VALID, 1 1778, 1 1778,,UT,135,13300,0
2022-04-07T17:24:52.189Z,3f899b6fe18fbbc00ad7ddd3b8d9f13462a354ce36753a518f0b3d15c0d0b5ee,Org1MSP,Func4,"[10003"",""1000300"",""10001"",""1000100""]""",Org1MSP Org2MSP ,VALID,, 10001 10003,,WT,135,13181,0
2022-04-07T17:24:52.189Z,8c1adc7c46235f0ea6c4e0ef5944ad3830a0f549dccd8ce9b5a21fd9a181c5d8,Org1MSP,Func4,"[10595"",""1059500"",""10000"",""1000000""]""",Org1MSP Org2MSP ,VALID,, 10000 10595,,WT,135,13225,0
2022-04-07T17:24:52.190Z,9ec4e8ba337c489d4d4a8c379e62d8dc8ac9c66e7578730ac88fb8b83d877e97,Org1MSP,Func4,"[10000"",""1000000"",""10266"",""1026600""]""",Org1MSP Org2MSP ,VALID,, 10000 10266,,WT,135,13233,0
2022-04-07T17:24:52.191Z,b822e9ae23f17da4e0a781754864cab60688151289f27c7cdb583a23e5da0ecf,Org1MSP,Func1,"[16"",""1""]""",Org1MSP Org2MSP ,VALID, 1 16,,,RT,135,13252,0
2022-04-07T17:24:52.193Z,74eb03e7e0223eb37e1de9d64d8c5f8cc0ad253f49da7c87de2e187606b65968,Org1MSP,Func4,"[12417"",""1241700"",""15184"",""1518400""]""",Org1MSP Org2MSP ,VALID,, 12417 15184,,WT,135,13208,0
2022-04-07T17:24:52.193Z,95f2500df08021a6e8d3f33c1114aa8ef516eb28dc3f636d44b5bc2971be9bc5,Org1MSP,Func4,"[17252"",""1725200"",""10001"",""1000100""]""",Org1MSP Org2MSP ,VALID,, 10001 17252,,WT,135,13230,0
2022-04-07T17:24:52.195Z,136a34731134039a3e3bd2ad95964cf6692c730c4cf2566e070a91429cf56391,Org1MSP,Func4,"[10259"",""1025900"",""10000"",""1000000""]""",Org1MSP Org2MSP ,VALID,, 10000 10259,,WT,135,13154,0
2022-04-07T17:24:52.195Z,c6053e1ff875f3eed62a4b1e1018dcc1ba042e7ae98dec2a86352af9f554211b,Org1MSP,Func7,"[6"",""100"",""60"",""100""]""",Org1MSP Org2MSP ,VALID, 6 60, 6 60,,UT,135,13299,0
2022-04-07T17:24:52.197Z,f414398cfaa1e50a33317296bd2468b103e02dc5f4c134c3d1a345142313074c,Org1MSP,Func4,"[10274"",""1027400"",""10734"",""1073400""]""",Org1MSP Org2MSP ,VALID,, 10274 10734,,WT,135,13290,0
2022-04-07T17:24:52.198Z,f246019bdd8ad6b3b13ffe8f014308594094c0a8ac30d2a8c0e1cda183ebb4ac,Org1MSP,Func4,"[10366"",""1036600"",""10130"",""1013000""]""",Org1MSP Org2MSP ,VALID,, 10130 10366,,WT,135,13289,0
2022-04-07T17:24:52.289Z,19c6fb8cd5c22b3ea2f25ee0fa69d6d3c9ece42d5c878feb3d77db3e8954d8bb,Org1MSP,Func4,"[10000"",""1000000"",""10017"",""1001700""]""",Org1MSP Org2MSP ,VALID,, 10000 10017,,WT,135,13159,0
2022-04-07T17:24:52.290Z,309f03a42a625a870ce07ca00eeacec4385add43d8412473dda925f2681bab64,Org1MSP,Func4,"[10361"",""1036100"",""10108"",""1010800""]""",Org1MSP Org2MSP ,VALID,, 10108 10361,,WT,135,13171,0
2022-04-07T17:24:52.290Z,376ad889b4880bc86bd5b59153e0d31bfcc510fc03e87b1d60a234ab433f9872,Org1MSP,Func1,"[5"",""1""]""",Org1MSP Org2MSP ,VALID, 1 5,,,RT,135,13177,0
2022-04-07T17:24:52.290Z,947cfa729c0daa3f87989419d3205d03d47e4de6989f69e47315a4caa3fb6a64,Org1MSP,Func4,"[10352"",""1035200"",""10123"",""1012300""]""",Org1MSP Org2MSP ,VALID,, 10123 10352,,WT,135,13229,0
2022-04-07T17:24:52.292Z,538fe200fcbb10d5549cce311cf3f9986b6deb3f87a9fc648bf8a652c0cb6613,Org1MSP,Func1,"[5930"",""1486""]""",Org1MSP Org2MSP ,VALID, 1486 5930,,,RT,135,13193,0
2022-04-07T17:24:52.294Z,cd7045385d55757b4b4b0250c1f1955f33ae9aa3c93bd0e3717ad980484a47cb,Org1MSP,Func4,"[10003"",""1000300"",""10000"",""1000000""]""",Org1MSP Org2MSP ,VALID,, 10000 10003,,WT,135,13265,0
2022-04-07T17:24:52.295Z,6a62ecf865a5b2c880d47e1d7765aed919cbc464c407d2b62582d2df80e60ce8,Org1MSP,Func4,"[10003"",""1000300"",""12571"",""1257100""]""",Org1MSP Org2MSP ,VALID,, 10003 12571,,WT,135,13201,0
2022-04-07T17:24:52.298Z,87d25d4e4de2aa8cbc1496a19db432b552c3304aaade8057d9a1bd81da02b85c,Org1MSP,Func1,"[499"",""9337""]""",Org1MSP Org2MSP ,VALID, 499 9337,,,RT,135,13223,0
2022-04-07T17:24:52.298Z,cf0c25f52ed4d7c2b1f113537e6179a562b9248bc86667104ccc6242cf3b5eb1,Org1MSP,Func7,"[90"",""100"",""9178"",""100""]""",Org1MSP Org2MSP ,VALID, 90 9178, 90 9178,,UT,135,13267,0
2022-04-07T17:24:52.299Z,e30d2cd8b8a7879839bc957cc9b4f8dd0b5702745a908350e59aa378660b74cf,Org1MSP,Func1,"[324"",""2""]""",Org1MSP Org2MSP ,VALID, 2 324,,,RT,135,13279,0
2022-04-07T17:24:52.389Z,05b2f2c9605bf35af6373521c9f6a461ea7a493654cf1504064161d935567262,Org1MSP,Func4,"[10002"",""1000200"",""10015"",""1001500""]""",Org1MSP Org2MSP ,VALID,, 10002 10015,,WT,135,13146,0
2022-04-07T17:24:52.389Z,6652dfec73805cfadacaa07865b0b8872e1257559c5750200d341daea8124d54,Org1MSP,Func4,"[10209"",""1020900"",""10022"",""1002200""]""",Org1MSP Org2MSP ,VALID,, 10022 10209,,WT,135,13200,0
2022-04-07T17:24:52.389Z,ae43cd7fe3d33bd056f5ce5e979eee168684bf64a6c10c0dd8ff03ee4a4441df,Org1MSP,Func4,"[10732"",""1073200"",""10010"",""1001000""]""",Org1MSP Org2MSP ,VALID,, 10010 10732,,WT,135,13243,0
2022-04-07T17:24:52.390Z,3daf00178b28766ec35a7079b305c6bd63b8c971730df91352cd70508c88b2f2,Org1MSP,Func4,"[10053"",""1005300"",""10002"",""1000200""]""",Org1MSP Org2MSP ,VALID,, 10002 10053,,WT,135,13179,0
2022-04-07T17:24:52.392Z,387913a2e188352e4a977c030fbc77d9950cd3af7fa44f5508b51b3199139f26,Org1MSP,Func1,"[2"",""3371""]""",Org1MSP Org2MSP ,VALID, 2 3371,,,RT,135,13178,0
2022-04-07T17:24:52.394Z,0fa5ae3f7f98914aa82d28542b29fdb6e6b6fab164b1bb8ce4777a23a2b33605,Org1MSP,Func1,"[66"",""5""]""",Org1MSP Org2MSP ,VALID, 5 66,,,RT,135,13151,0
2022-04-07T17:24:52.396Z,3462415577fa1f8f660ad13c9a8ec9ce68f442c794546ca0bca2b632b3b73c6f,Org1MSP,Func4,"[10533"",""1053300"",""10002"",""1000200""]""",Org1MSP Org2MSP ,VALID,, 10002 10533,,WT,135,13175,0
2022-04-07T17:24:52.399Z,32afbb1b738b97734e34e1620c3193ab903789f70aefa254da1b62f42a0ca9b2,Org1MSP,Func4,"[10071"",""1007100"",""10521"",""1052100""]""",Org1MSP Org2MSP ,VALID,, 10071 10521,,WT,135,13173,0
2022-04-07T17:24:52.405Z,7cd181f132393bb5196425f6fb571ded9eec6f5c2e64770fcc453601e4042029,Org1MSP,Func4,"[10000"",""1000000"",""10003"",""1000300""]""",Org1MSP Org2MSP ,VALID,, 10000 10003,,WT,135,13214,0
2022-04-07T17:24:52.489Z,1566df27e52bbdcbed169444f8245286eca32993173d4cfb13c7b63daffa099e,Org1MSP,Func7,"[37"",""100"",""1008"",""100""]""",Org1MSP Org2MSP ,VALID, 1008 37, 1008 37,,UT,135,13156,0
2022-04-07T17:24:52.489Z,49514fadfa6d9428b1d612005aaa84189a5a59b588b7c71363a539c6efa048b0,Org1MSP,Func4,"[10376"",""1037600"",""10397"",""1039700""]""",Org1MSP Org2MSP ,VALID,, 10376 10397,,WT,135,13186,0
2022-04-07T17:24:52.490Z,006351bff8a5df2ad6583c980914dc3ed7e93b0f0ea3862a9b4f52365be19aa2,Org1MSP,Func4,"[10038"",""1003800"",""10002"",""1000200""]""",Org1MSP Org2MSP ,VALID,, 10002 10038,,WT,135,13144,0
2022-04-07T17:24:52.490Z,06c4bc4a2604af2f8b5ad2ea0703f015b8032a36b5119dc3c9506a0525d87531,Org1MSP,Func4,"[10122"",""1012200"",""17041"",""1704100""]""",Org1MSP Org2MSP ,VALID,, 10122 17041,,WT,135,13148,0
2022-04-07T17:24:52.493Z,1a6f9865ba4fa4d9fe4c07d46d079c21ed9460211e243bf2f7ac09365dae39b4,Org1MSP,Func4,"[10101"",""1010100"",""10000"",""1000000""]""",Org1MSP Org2MSP ,VALID,, 10000 10101,,WT,135,13160,0
2022-04-07T17:24:52.493Z,33916c0533de1c25036215ae77156620d9cf06a1dc3096bce57a5fde52111083,Org1MSP,Func1,"[574"",""2""]""",Org1MSP Org2MSP ,VALID, 2 574,,,RT,135,13174,0
2022-04-07T17:24:52.494Z,1311e8dc5d78d7f763178c39888aa1860ae7b769dfa6a8580ca94a06cb372459,Org1MSP,Func7,"[11"",""100"",""3"",""100""]""",Org1MSP Org2MSP ,VALID, 11 3, 11 3,,UT,135,13302,0
2022-04-07T17:24:52.496Z,a89ff3878d66c39f9115bc79af0e06d9b03cd28c3b2202ac20e3d21f71777167,Org1MSP,Func4,"[10009"",""1000900"",""10965"",""1096500""]""",Org1MSP Org2MSP ,VALID,, 10009 10965,,WT,135,13240,0
2022-04-07T17:24:52.499Z,e6e81a898c8a6b819e43fd62040ca3de3107fc18c6b903c0af6178159c1a6894,Org1MSP,Func4,"[10576"",""1057600"",""10000"",""1000000""]""",Org1MSP Org2MSP ,VALID,, 10000 10576,,WT,135,13283,0
2022-04-07T17:24:52.503Z,bdd76bc9435f833d498d02d889eac254b684ada96af190ca8181e71040ec3b45,Org1MSP,Func4,"[10429"",""1042900"",""10476"",""1047600""]""",Org1MSP Org2MSP ,VALID,, 10429 10476,,WT,135,13254,0
2022-04-07T17:24:52.588Z,496ef43494852afa1690a83e4bc4e1f7c4ef62cd0c168a49f220638db1c754aa,Org1MSP,Func4,"[10000"",""1000000"",""10058"",""1005800""]""",Org1MSP Org2MSP ,VALID,, 10000 10058,,WT,135,13187,0
2022-04-07T17:24:52.589Z,e4e2910a1256e2299443d415f40ffdb6870d262e817cddc7137d1543f6a7ba53,Org1MSP,Func1,"[270"",""3""]""",Org1MSP Org2MSP ,VALID, 270 3,,,RT,135,13281,0
2022-04-07T17:24:52.590Z,4ee95c51cbc8a4f4bc5df1c719d887d1854dc944f2c053acf7533f1488ff9fa1,Org1MSP,Func4,"[10043"",""1004300"",""15039"",""1503900""]""",Org1MSP Org2MSP ,VALID,, 10043 15039,,WT,135,13191,0
2022-04-07T17:24:52.591Z,ffff2d73cc97ee129076364f374c11f1684f2a19fa3705dff778838e6bebc635,Org1MSP,Func4,"[10000"",""1000000"",""10000"",""1000000""]""",Org1MSP Org2MSP ,VALID,, 10000,,WT,135,13296,0
2022-04-07T17:24:52.592Z,76855b9af892241d787adc32eeb2049e439c07d01791a46d98357d8a4952c872,Org1MSP,Func4,"[10258"",""1025800"",""10133"",""1013300""]""",Org1MSP Org2MSP ,VALID,, 10133 10258,,WT,135,13211,0
2022-04-07T17:24:52.594Z,a151036b534910b70bb1efb63962ab61a7c67b1bbb7d09191e555ac9f19f3cd7,Org1MSP,Func4,"[10155"",""1015500"",""10401"",""1040100""]""",Org1MSP Org2MSP ,VALID,, 10155 10401,,WT,135,13236,0
2022-04-07T17:24:52.594Z,d7ba3a4f98a48ccb9aae9b60688ec6e993104b945b3617988f2cbd8e2ecd8102,Org1MSP,Func4,"[10087"",""1008700"",""10028"",""1002800""]""",Org1MSP Org2MSP ,VALID,, 10028 10087,,WT,135,13274,0
2022-04-07T17:24:52.596Z,7676c3fa36e85393be5da936f7f4f556494619fb0ec35ffe0ac23dc05fb672b1,Org1MSP,Func7,"[25"",""100"",""128"",""100""]""",Org1MSP Org2MSP ,VALID, 128 25, 128 25,,UT,135,13210,0
2022-04-07T17:24:52.598Z,522fd61511ae03acc70e381dd5e00ec1bf3d49a607e27a39e782398fc2d8dd1f,Org1MSP,Func4,"[12256"",""1225600"",""10010"",""1001000""]""",Org1MSP Org2MSP ,VALID,, 10010 12256,,WT,135,13192,0
2022-04-07T17:24:52.598Z,f6640e14bf645671590c4f4231196c67637bd355a7195bbadcbab09e95d2ad6b,Org1MSP,Func4,"[10043"",""1004300"",""11246"",""1124600""]""",Org1MSP Org2MSP ,VALID,, 10043 11246,,WT,135,13292,0
2022-04-07T17:24:52.688Z,7de3b340def6b892d5fac7eecfb01a9a08e8eb472f5d8056281fb6a7b2ff5cf7,Org1MSP,Func4,"[10001"",""1000100"",""10401"",""1040100""]""",Org1MSP Org2MSP ,VALID,, 10001 10401,,WT,135,13215,0
2022-04-07T17:24:52.691Z,cb16a4a54dc7ddb3ac58a760a955cb4e0f71da678b0e34d8e775f766fad2b517,Org1MSP,Func4,"[10038"",""1003800"",""10001"",""1000100""]""",Org1MSP Org2MSP ,VALID,, 10001 10038,,WT,135,13263,0
2022-04-07T17:24:52.691Z,d6f583b2020a3d1c381d0467b34b78ebb55e3154fc2d90523c4a4a429aa6e1d9,Org1MSP,Func4,"[10032"",""1003200"",""10043"",""1004300""]""",Org1MSP Org2MSP ,VALID,, 10032 10043,,WT,135,13273,0
2022-04-07T17:24:52.693Z,903aeeaba01e3efb282ca79d68aa4a7a2f92c9aebf176e8fd894e4326751ebe2,Org1MSP,Func4,"[10303"",""1030300"",""11255"",""1125500""]""",Org1MSP Org2MSP ,VALID,, 10303 11255,,WT,135,13228,0
2022-04-07T17:24:52.696Z,81e99c355c06110b6f7786ed51630f6575da821b097d53f43f59a8d372dd7e8e,Org1MSP,Func4,"[10291"",""1029100"",""10038"",""1003800""]""",Org1MSP Org2MSP ,VALID,, 10038 10291,,WT,135,13218,0
2022-04-07T17:24:52.697Z,ca352002ea456719b7c445e449541b08d49322be0824521b32a698be2fa7e9e3,Org1MSP,Func4,"[10002"",""1000200"",""10165"",""1016500""]""",Org1MSP Org2MSP ,VALID,, 10002 10165,,WT,135,13262,0
2022-04-07T17:24:52.703Z,6c717485ab51c39777131afe4cf7ab511c1d55e6fb0c703b8c29df4d3a4536da,Org1MSP,Func1,"[6348"",""1""]""",Org1MSP Org2MSP ,VALID, 1 6348,,,RT,135,13202,0
2022-04-07T17:24:52.711Z,a0302344fed6bc5a2c3a1d447ab4609676e8698fba5964ff2d0357fdde3df744,Org1MSP,Func4,"[11383"",""1138300"",""10118"",""1011800""]""",Org1MSP Org2MSP ,VALID,, 10118 11383,,WT,135,13234,0
2022-04-07T17:24:52.722Z,e777647a11b11cbbdda81018af8c17e4ff9afb966991a43cee56f1c5e865b54e,Org1MSP,Func1,"[12"",""142""]""",Org1MSP Org2MSP ,VALID, 12 142,,,RT,135,13284,0
2022-04-07T17:24:52.723Z,10a85b0f9b71fba3de45d7e3aaa65a41ea18ce7fb08221444d4345f2fd72b72c,Org1MSP,Func4,"[10002"",""1000200"",""10044"",""1004400""]""",Org1MSP Org2MSP ,VALID,, 10002 10044,,WT,135,13153,0
2022-04-07T17:24:52.789Z,7de4fb086e36e3bc5e5442c761424b0e318038c6d79cced734ef6f5b3994a22d,Org1MSP,Func1,"[4158"",""9327""]""",Org1MSP Org2MSP ,VALID, 4158 9327,,,RT,135,13216,0
2022-04-07T17:24:52.790Z,6e931ffcbbb7dea119003bc16d9f46a2f2cf5460a3ff29a05ec0bc4dfab07ff0,Org1MSP,Func4,"[18797"",""1879700"",""10004"",""1000400""]""",Org1MSP Org2MSP ,VALID,, 10004 18797,,WT,135,13205,0
2022-04-07T17:24:52.794Z,b25e28668b43d6aac71857a0ad0b872227acac3d659bdd3666360fd1b752c688,Org1MSP,Func4,"[10402"",""1040200"",""10102"",""1010200""]""",Org1MSP Org2MSP ,VALID,, 10102 10402,,WT,135,13246,0
2022-04-07T17:24:52.795Z,a0f384a9745c45dc504200544327e554c3eeb3b49d9e12b54fad034f8709971d,Org1MSP,Func4,"[11580"",""1158000"",""10550"",""1055000""]""",Org1MSP Org2MSP ,VALID,, 10550 11580,,WT,135,13235,0
2022-04-07T17:24:52.797Z,d885a10ae94c0bc97efbd5b604e417216fa6d298b6dd33c2b3774e365be8dc24,Org1MSP,Func7,"[2913"",""100"",""206"",""100""]""",Org1MSP Org2MSP ,VALID, 206 2913, 206 2913,,UT,135,13275,0
2022-04-07T17:24:52.798Z,05eca676f4339e097b0c069060d6ed154120c05e6c9ff35d23f3b43d09be2401,Org1MSP,Func4,"[10680"",""1068000"",""10037"",""1003700""]""",Org1MSP Org2MSP ,VALID,, 10037 10680,,WT,135,13147,0
2022-04-07T17:24:52.800Z,2965a40bfb52314fbf759a0fa87f7f156924c871c379320847d47f19ee0a7029,Org1MSP,Func4,"[10001"",""1000100"",""10002"",""1000200""]""",Org1MSP Org2MSP ,VALID,, 10001 10002,,WT,135,13165,0
2022-04-07T17:24:52.889Z,b6445f9e56a8fa0881cc7f8ae15c1cbf2b7787a28536046657a38ca7d44109e6,Org1MSP,Func4,"[10278"",""1027800"",""10037"",""1003700""]""",Org1MSP Org2MSP ,VALID,, 10037 10278,,WT,135,13249,0
2022-04-07T17:24:52.889Z,c77be1569b44193da1244d4a825bbd92ebcf65f85b103c76ac160a15ce74cd50,Org1MSP,Func1,"[599"",""1""]""",Org1MSP Org2MSP ,VALID, 1 599,,,RT,135,13260,0
2022-04-07T17:24:52.889Z,fc50d75d3f4ec56b5087a4ca82d565664181825a006657074e5d4978ecceb957,Org1MSP,Func4,"[10588"",""1058800"",""10000"",""1000000""]""",Org1MSP Org2MSP ,VALID,, 10000 10588,,WT,135,13294,0
2022-04-07T17:24:52.891Z,f9b63793122ad232ca26ef9724cace316477e1a1efc60238302f0295e625925a,Org1MSP,Func4,"[10083"",""1008300"",""10098"",""1009800""]""",Org1MSP Org2MSP ,VALID,, 10083 10098,,WT,135,13293,0
2022-04-07T17:24:52.892Z,1dc5054bd62a5329f9ca3a9f22d74cf48c536c41c352b973e25129cedd5ae3f6,Org1MSP,Func1,"[4593"",""8621""]""",Org1MSP Org2MSP ,VALID, 4593 8621,,,RT,135,13162,0
2022-04-07T17:24:52.894Z,2fda3628a52a3c704335b2a3e5c0de542e50ccbeb61fea38d32b4486e64281f6,Org1MSP,Func4,"[10006"",""1000600"",""10000"",""1000000""]""",Org1MSP Org2MSP ,VALID,, 10000 10006,,WT,135,13169,0
2022-04-07T17:24:52.894Z,e44d83f906741486f8e3d6880fe9d3c7cebf0d5ad821d7a0e7ccd82bf615e761,Org1MSP,Func4,"[10052"",""1005200"",""10062"",""1006200""]""",Org1MSP Org2MSP ,VALID,, 10052 10062,,WT,135,13280,0
2022-04-07T17:24:52.896Z,047b121bdd091e7c752c038627f08c520297f98a25ab471b2349b1e2ff602d51,Org1MSP,Func4,"[10741"",""1074100"",""10084"",""1008400""]""",Org1MSP Org2MSP ,VALID,, 10084 10741,,WT,135,13145,0
2022-04-07T17:24:52.897Z,cb89eeb9343df486e2c5ff84d190c4914ee47e5f667d78bda817978d8272c005,Org1MSP,Func4,"[10000"",""1000000"",""10001"",""1000100""]""",Org1MSP Org2MSP ,VALID,, 10000 10001,,WT,135,13264,0
2022-04-07T17:24:52.898Z,8560e219723f95bf223c65172fb24f40a075a9a92a1d5fa1b1c232bb37449a84,Org1MSP,Func4,"[10655"",""1065500"",""15902"",""1590200""]""",Org1MSP Org2MSP ,VALID,, 10655 15902,,WT,135,13220,0
2022-04-07T17:24:52.989Z,4ecf4c3e21a04cb8d999804f0fc66cafe444304993ca5a3a7eaa49953218c243,Org1MSP,Func1,"[2"",""240""]""",Org1MSP Org2MSP ,VALID, 2 240,,,RT,135,13190,0
2022-04-07T17:24:52.989Z,762cc3f194b561d9a741a19a8908d25bf57f7d21fcb4f8a3b3a181e68b1873e8,Org1MSP,Func4,"[10000"",""1000000"",""10021"",""1002100""]""",Org1MSP Org2MSP ,VALID,, 10000 10021,,WT,135,13209,0
2022-04-07T17:24:52.990Z,13b50d100ed6515843e6e8910fcee5c304ee12b6558947a38594645698e945b0,Org1MSP,Func7,"[8"",""100"",""2068"",""100""]""",Org1MSP Org2MSP ,VALID, 2068 8, 2068 8,,UT,135,13155,0
2022-04-07T17:24:52.990Z,e2c3d0a749118ce860624dc320091aa007f41956b1d2f47ae0cb440463a9beac,Org1MSP,Func4,"[10308"",""1030800"",""10021"",""1002100""]""",Org1MSP Org2MSP ,VALID,, 10021 10308,,WT,135,13278,0
2022-04-07T17:24:52.992Z,d061eb7fe59b6b649979320a186b89b6c3700cc3ba7a40faaa70e224ee65603e,Org1MSP,Func7,"[861"",""100"",""4"",""100""]""",Org1MSP Org2MSP ,VALID, 4 861, 4 861,,UT,135,13270,0
2022-04-07T17:24:52.993Z,b10b32e33f8637c496161606ad50de0c70ab2a4f2b20922cc186faa7adb56fbd,Org1MSP,Func4,"[10001"",""1000100"",""10003"",""1000300""]""",Org1MSP Org2MSP ,VALID,, 10001 10003,,WT,135,13245,0
2022-04-07T17:24:52.994Z,072f5b344e1a0f76087289d24c016baf5c1db9d08259d2fd3b03251c9cf986de,Org1MSP,Func1,"[102"",""15""]""",Org1MSP Org2MSP ,VALID, 102 15,,,RT,135,13149,0
2022-04-07T17:24:52.997Z,10360f95a64ec9b7bd3ed416067e88463e4800abc513199094478577d8f7e859,Org1MSP,Func4,"[10000"",""1000000"",""10279"",""1027900""]""",Org1MSP Org2MSP ,VALID,, 10000 10279,,WT,135,13152,0
2022-04-07T17:24:52.997Z,483db23bf68faa545ec80d14eba89a899265062de7685528d32a4bcea404c14f,Org1MSP,Func7,"[27"",""100"",""150"",""100""]""",Org1MSP Org2MSP ,VALID, 150 27, 150 27,,UT,135,13185,0
2022-04-07T17:24:52.997Z,210879e216c69c9cd62766533438c9d75232822dc5cc96cdcfbfbbfbf89bcd43,Org1MSP,Func7,"[5"",""100"",""1383"",""100""]""",Org1MSP Org2MSP ,VALID, 1383 5, 1383 5,,UT,135,13298,0
2022-04-07T17:24:53.088Z,648746709d4bd23c16bcfd25019614aa9f9ea3183531a37b22f24ecc992c244b,Org1MSP,Func4,"[12188"",""1218800"",""10371"",""1037100""]""",Org1MSP Org2MSP ,VALID,, 10371 12188,,WT,135,13198,0
2022-04-07T17:24:53.089Z,430d94dff6ceeb6fba1ffba9f8ea5551b0a502b044d56bca619e933694e3e914,Org1MSP,Func4,"[10122"",""1012200"",""10660"",""1066000""]""",Org1MSP Org2MSP ,VALID,, 10122 10660,,WT,135,13183,0
2022-04-07T17:24:53.089Z,d00aa0c581100c1e85c51fe46ab688e6e6aa0af87cde35c8c399e01b6b4defc3,Org1MSP,Func4,"[10004"",""1000400"",""10139"",""1013900""]""",Org1MSP Org2MSP ,VALID,, 10004 10139,,WT,135,13269,0
2022-04-07T17:24:53.090Z,b3f8bb5d1f8d5a4a69dfed44d3124506a41d54aa9928397053dcde4a8d3c9c2d,Org1MSP,Func1,"[17"",""2""]""",Org1MSP Org2MSP ,VALID, 17 2,,,RT,135,13247,0
2022-04-07T17:24:53.092Z,200e79fcce8f068d01cda8d8ecf4a710a909b9afca88f2a776f534efbb184aba,Org1MSP,Func4,"[10001"",""1000100"",""10011"",""1001100""]""",Org1MSP Org2MSP ,VALID,, 10001 10011,,WT,135,13163,0
2022-04-07T17:24:53.093Z,f537da1a31bf7f548f2d5a65cc5507ccffbf8c3e1bbef4a2fb2ad2aff3ea55ec,Org1MSP,Func4,"[10685"",""1068500"",""10003"",""1000300""]""",Org1MSP Org2MSP ,VALID,, 10003 10685,,WT,135,13291,0
2022-04-07T17:24:53.096Z,ee7392b37aaa6ca86e8bdbbb01df4968807a3e51ee2ad749085b417deb9461ea,Org1MSP,Func4,"[10036"",""1003600"",""10257"",""1025700""]""",Org1MSP Org2MSP ,VALID,, 10036 10257,,WT,135,13286,0
2022-04-07T17:24:53.097Z,c2903e33d28552e8553a9a5cfa122495842dd8b9872df8c11c2a798edecf4f57,Org1MSP,Func4,"[10013"",""1001300"",""12410"",""1241000""]""",Org1MSP Org2MSP ,VALID,, 10013 12410,,WT,135,13256,0
2022-04-07T17:24:53.100Z,5c5143f5362f41f324b3ddae77b930d88f331b0cf1dd666a29b42c382dea56c9,Org1MSP,Func4,"[10000"",""1000000"",""14945"",""1494500""]""",Org1MSP Org2MSP ,VALID,, 10000 14945,,WT,135,13196,0
2022-04-07T17:24:53.100Z,a6c3e708cc873d3bf3db3eae6c149bed4df8a4b0703290554e0fc7043b98387d,Org1MSP,Func7,"[5720"",""100"",""10"",""100""]""",Org1MSP Org2MSP ,VALID, 10 5720, 10 5720,,UT,135,13239,0
2022-04-07T17:24:53.189Z,c66127c88300741b5b49751a3322848ffb29a308c7aef49e7bfa5189bf434521,Org1MSP,Func1,"[6"",""730""]""",Org1MSP Org2MSP ,VALID, 6 730,,,RT,135,13258,0
2022-04-07T17:24:53.190Z,1c1bd1446c4675753a05a9a03c1aaec7caa4696b116b6c0d8b36a5cce459be0d,Org1MSP,Func4,"[10001"",""1000100"",""10415"",""1041500""]""",Org1MSP Org2MSP ,VALID,, 10001 10415,,WT,135,13161,0
2022-04-07T17:24:53.190Z,7ba1f7c1729a1fa943a573e8abfcd0ece06e3595664f80591e08d33e114e5489,Org1MSP,Func4,"[10799"",""1079900"",""10122"",""1012200""]""",Org1MSP Org2MSP ,VALID,, 10122 10799,,WT,135,13213,0
2022-04-07T17:24:53.190Z,8cf98ee1229d66a1163329a96f676960ce6e34269b9fb6f8eee69b5e100259f0,Org1MSP,Func1,"[3"",""3340""]""",Org1MSP Org2MSP ,VALID, 3 3340,,,RT,135,13227,0
2022-04-07T17:24:53.192Z,b0e0f221df3c1138981a193af2cbbf61de40f03af453249806c6c71feb2c1c28,Org1MSP,Func4,"[10043"",""1004300"",""10683"",""1068300""]""",Org1MSP Org2MSP ,VALID,, 10043 10683,,WT,135,13244,0
2022-04-07T17:24:53.192Z,b530649735e23a3cc611da13ca52ff62df5cdf7c7f91c24eb3622c605a13740e,Org1MSP,Func1,"[217"",""1645""]""",Org1MSP Org2MSP ,VALID, 1645 217,,,RT,135,13248,0
2022-04-07T17:24:53.194Z,2f72366d3085c0adfc24aae243aaaa2b8b4aa7a5f88c9f1b48c288c5c12ea5e0,Org1MSP,Func4,"[10063"",""1006300"",""10001"",""1000100""]""",Org1MSP Org2MSP ,VALID,, 10001 10063,,WT,135,13167,0
2022-04-07T17:24:53.197Z,4c9837ed9ecf600602d0e12bd518b2aa982382fa86d210519350fd6777f80cef,Org1MSP,Func4,"[10026"",""1002600"",""10179"",""1017900""]""",Org1MSP Org2MSP ,VALID,, 10026 10179,,WT,135,13189,0
2022-04-07T17:24:53.197Z,6e0fe45b32966b5a59aa98d7a549dca10931cb3c676fae6cbbb664c0eca16364,Org1MSP,Func7,"[15"",""100"",""4925"",""100""]""",Org1MSP Org2MSP ,VALID, 15 4925, 15 4925,,UT,135,13297,0
2022-04-07T17:24:53.289Z,b7cea680849ae38f6db50698a7b4fc74d562134f44e97578246bc170868c7e08,Org1MSP,Func1,"[3"",""1""]""",Org1MSP Org2MSP ,VALID, 1 3,,,RT,135,13251,0
2022-04-07T17:24:53.289Z,c709e1b085111fd8e6ec208cfccd5ad0e277e91eb311d32ad7cba803115251f5,Org1MSP,Func4,"[10133"",""1013300"",""10075"",""1007500""]""",Org1MSP Org2MSP ,VALID,, 10075 10133,,WT,135,13259,0
2022-04-07T17:24:53.289Z,eab8c380b71b5462eb67fb7d54b971dfe6b28546902fddfeb1c3c145faf450c9,Org1MSP,Func4,"[10029"",""1002900"",""10022"",""1002200""]""",Org1MSP Org2MSP ,VALID,, 10022 10029,,WT,135,13285,0
2022-04-07T17:24:53.293Z,7a3a38402bb29cba4e1dfbd71447a02bc4dcb2427a2677c2885657005093f6ae,Org1MSP,Func4,"[10039"",""1003900"",""19148"",""1914800""]""",Org1MSP Org2MSP ,VALID,, 10039 19148,,WT,135,13212,0
2022-04-07T17:24:53.294Z,654518be19b2803162ceb8b4d5a816332e9287dbe9035c34d32c9cafcd43291b,Org1MSP,Func4,"[18294"",""1829400"",""10010"",""1001000""]""",Org1MSP Org2MSP ,VALID,, 10010 18294,,WT,135,13199,0
2022-04-07T17:24:53.295Z,1932d05c3c8635da68f9b8a637322399d6f632b37eb6a17d63d5e532cf2a3614,Org1MSP,Func7,"[23"",""100"",""2781"",""100""]""",Org1MSP Org2MSP ,VALID, 23 2781, 23 2781,,UT,135,13158,0
2022-04-07T17:24:53.296Z,85b8dcc858e2fc50e8d8ee474cb6877ddbb205c98459b4991350a252b726e29f,Org1MSP,Func4,"[10016"",""1001600"",""12179"",""1217900""]""",Org1MSP Org2MSP ,VALID,, 10016 12179,,WT,135,13221,0
2022-04-07T17:24:53.298Z,a445e53b7bf05b6a6c4b5b9c85f87933b4a7f38fd21f356ccdadcfdfbe804aae,Org1MSP,Func4,"[10001"",""1000100"",""10022"",""1002200""]""",Org1MSP Org2MSP ,VALID,, 10001 10022,,WT,135,13237,0
2022-04-07T17:24:53.298Z,d8881d4613a6b60478aadcfd766cb18920e651493cf0efd7253cc5571bfe7970,Org1MSP,Func4,"[12343"",""1234300"",""12680"",""1268000""]""",Org1MSP Org2MSP ,VALID,, 12343 12680,,WT,135,13276,0
2022-04-07T17:24:53.389Z,5c30aa390ca11b34a0d0f7aab0bbae932538b04bf076b4917d0a4781904eff5b,Org1MSP,Func1,"[1991"",""238""]""",Org1MSP Org2MSP ,VALID, 1991 238,,,RT,135,13195,0
2022-04-07T17:24:53.389Z,86577fcde839b0c882477ce048fd7c8038d831d132fcbd1def2752ecfb08ea05,Org1MSP,Func4,"[10079"",""1007900"",""10277"",""1027700""]""",Org1MSP Org2MSP ,VALID,, 10079 10277,,WT,135,13222,0
2022-04-07T17:24:53.390Z,88d1d2a310fe57c7ec21b4a6e484d152f6aebc015ff5aeb83acbbadd8f9852a2,Org1MSP,Func7,"[302"",""100"",""26"",""100""]""",Org1MSP Org2MSP ,VALID, 26 302, 26 302,,UT,135,13224,0
2022-04-07T17:24:53.392Z,9a99066406efe323f684eeee68aa593baf239c9b1815429384ca3b3fc2509cdc,Org1MSP,Func4,"[11739"",""1173900"",""10097"",""1009700""]""",Org1MSP Org2MSP ,VALID,, 10097 11739,,WT,135,13231,0
2022-04-07T17:24:53.393Z,cf8be3451ac2060e6a421b14c53fb9877fe11264c6a1ca435d0da2b597d03aab,Org1MSP,Func4,"[10006"",""1000600"",""10774"",""1077400""]""",Org1MSP Org2MSP ,VALID,, 10006 10774,,WT,135,13268,0
2022-04-07T17:24:53.394Z,35d62c447aef4f5482990343b92353b94ffa12750365886a212f102e976fa7bb,Org1MSP,Func4,"[10003"",""1000300"",""14479"",""1447900""]""",Org1MSP Org2MSP ,VALID,, 10003 14479,,WT,135,13176,0
2022-04-07T17:24:53.397Z,3061f44730014d383fdb4fed16756e64ca83e09e888109782c3aa974f2cbedca,Org1MSP,Func4,"[13452"",""1345200"",""10009"",""1000900""]""",Org1MSP Org2MSP ,VALID,, 10009 13452,,WT,135,13170,0
2022-04-07T17:24:53.398Z,b77151bb13ac1b4fc8485fb9e562b29ec9c6d25504bc4d50d8185882548c551c,Org1MSP,Func4,"[10181"",""1018100"",""10004"",""1000400""]""",Org1MSP Org2MSP ,VALID,, 10004 10181,,WT,135,13250,0
2022-04-07T17:24:53.399Z,6df419037dd5762c77d8ad6c8309d3f919f45ac0086d42dd6d7ce8b891691d17,Org1MSP,Func4,"[10000"",""1000000"",""10810"",""1081000""]""",Org1MSP Org2MSP ,VALID,, 10000 10810,,WT,135,13204,0
2022-04-07T17:24:53.488Z,c7ef39eb0d1bd8dc33c50348d73ff5655396a65e6ebf4e4c68dd637920cc83f4,Org1MSP,Func4,"[10742"",""1074200"",""10033"",""1003300""]""",Org1MSP Org2MSP ,VALID,, 10033 10742,,WT,135,13261,0
2022-04-07T17:24:53.489Z,d36cb92ad19acc252892329754e4a7bd896d6aa7442f5833f37fbc9847801672,Org1MSP,Func4,"[10098"",""1009800"",""11105"",""1110500""]""",Org1MSP Org2MSP ,VALID,, 10098 11105,,WT,135,13272,0
2022-04-07T17:24:53.490Z,c0acd9a2a932efac15a40033b2e53adee6a0baa34d4c00b13ccdc05a4f936360,Org1MSP,Func4,"[10001"",""1000100"",""10214"",""1021400""]""",Org1MSP Org2MSP ,VALID,, 10001 10214,,WT,135,13255,0
2022-04-07T17:24:53.492Z,d0ef1717822c7c6a45e0c52d00237c929919fe39ef2f3158d73c4a10c0291d38,Org1MSP,Func1,"[19"",""12""]""",Org1MSP Org2MSP ,VALID, 12 19,,,RT,135,13271,0
2022-04-07T17:24:53.493Z,179fda580e35e63af0ed6325fa87f984175178931921b8fb9f28a0e54b5dc09f,Org1MSP,Func4,"[10088"",""1008800"",""10046"",""1004600""]""",Org1MSP Org2MSP ,VALID,, 10046 10088,,WT,135,13157,0
2022-04-07T17:24:53.494Z,9df1aa67e06a1afb60e7080464766d1c28e2be8ffb3a369059c3f218a31a88f3,Org1MSP,Func4,"[10003"",""1000300"",""11065"",""1106500""]""",Org1MSP Org2MSP ,VALID,, 10003 11065,,WT,135,13232,0
2022-04-07T17:24:53.497Z,31b1cf73b7a328f9f06c0cfb1c19555bc4d2ede4ee452ba75a370487d7f594c0,Org1MSP,Func4,"[10002"",""1000200"",""10907"",""1090700""]""",Org1MSP Org2MSP ,VALID,, 10002 10907,,WT,135,13172,0
2022-04-07T17:24:53.498Z,0baf15edc59cf7c787510ee99d5b0763bf8090e52210365f1db19a6e7b61bc27,Org1MSP,Func4,"[11593"",""1159300"",""10106"",""1010600""]""",Org1MSP Org2MSP ,VALID,, 10106 11593,,WT,135,13150,0
2022-04-07T17:24:53.498Z,f1d8f5a33b6eebd3e5baa3071abc2cea87378c8ab56f80b118d6348c42bc25b5,Org1MSP,Func4,"[10004"",""1000400"",""10122"",""1012200""]""",Org1MSP Org2MSP ,VALID,, 10004 10122,,WT,135,13288,0
2022-04-07T17:24:53.589Z,4384eb404b6f6ea648b5bc35dfe67ac32795a334f03843760d85c0ffdc07364f,Org1MSP,Func4,"[10032"",""1003200"",""11921"",""1192100""]""",Org1MSP Org2MSP ,VALID,, 10032 11921,,WT,135,13184,0
2022-04-07T17:24:53.590Z,271c932f1ed238555d76f2444a70a486b82223103282bc0b8eed9fe73170b0ff,Org1MSP,Func4,"[10021"",""1002100"",""10094"",""1009400""]""",Org1MSP Org2MSP ,VALID,, 10021 10094,,WT,135,13164,0
2022-04-07T17:24:53.591Z,5cbb88d0492ffdecc7bbb1c914e0d281c6750b004058f27751676bad38e1bcd2,Org1MSP,Func4,"[18811"",""1881100"",""11749"",""1174900""]""",Org1MSP Org2MSP ,VALID,, 11749 18811,,WT,135,13197,0
2022-04-07T17:24:53.592Z,8c2197432fc9110e82f030fb92e78cbb920ac25ed9236c465d21f193f7c65adc,Org1MSP,Func4,"[15673"",""1567300"",""11895"",""1189500""]""",Org1MSP Org2MSP ,VALID,, 11895 15673,,WT,135,13226,0
2022-04-07T17:24:53.593Z,e582f7900f297d10ef8289bdf26948ebcbc70aa9bfa25fcce37f6d93902275c2,Org1MSP,Func4,"[10009"",""1000900"",""10097"",""1009700""]""",Org1MSP Org2MSP ,VALID,, 10009 10097,,WT,135,13282,0
2022-04-07T17:24:53.594Z,dc3ca211012128850652fb7641be16d745da8f3b7d54a209dd845d33eaa20de3,Org1MSP,Func4,"[10126"",""1012600"",""10004"",""1000400""]""",Org1MSP Org2MSP ,VALID,, 10004 10126,,WT,135,13277,0
2022-04-07T17:24:53.597Z,2af735aaba08ad4be340a16ac3550ea63abca4229ecc9f42c033be3e79391f3b,Org1MSP,Func4,"[10019"",""1001900"",""10000"",""1000000""]""",Org1MSP Org2MSP ,VALID,, 10000 10019,,WT,135,13166,0
2022-04-07T17:24:53.597Z,6d5819d8c735a5095266a8f5023740469bec823e2b0a8c66195fd0abd9a22693,Org1MSP,Func1,"[76"",""2940""]""",Org1MSP Org2MSP ,VALID, 2940 76,,,RT,135,13203,0
2022-04-07T17:24:53.600Z,c5df49949823bfc673f59763e35e5ab751537fbe5a295557b7f37a0a997ada5c,Org1MSP,Func7,"[99"",""100"",""14"",""100""]""",Org1MSP Org2MSP ,VALID, 14 99, 14 99,,UT,135,13257,0
2022-04-07T17:24:53.689Z,0198b66d9ffe894afca760225e31e230f16a311aed69b92b1dbd6abe66d92140,Org1MSP,Func4,"[10830"",""1083000"",""10112"",""1011200""]""",Org1MSP Org2MSP ,VALID,, 10112 10830,,WT,136,13303,0
2022-04-07T17:24:53.690Z,4dd7e6b3ca94b89e1d717ecef53468e0e7484851771c53039431294de2a861ec,Org1MSP,Func1,"[6601"",""3968""]""",Org1MSP Org2MSP ,VALID, 3968 6601,,,RT,136,13331,0
2022-04-07T17:24:53.691Z,93223bd3a5a3adbce7750301ad6c8c1c413f5070f89c5e323b4a62a5eeac4e17,Org1MSP,Func4,"[12673"",""1267300"",""10031"",""1003100""]""",Org1MSP Org2MSP ,VALID,, 10031 12673,,WT,136,13348,0
2022-04-07T17:24:53.692Z,856621469cab0297d5bb2ff6788da1a85c8353ac65bf366579e469d4216fab2f,Org1MSP,Func4,"[10177"",""1017700"",""10002"",""1000200""]""",Org1MSP Org2MSP ,VALID,, 10002 10177,,WT,136,13345,0
2022-04-07T17:24:53.693Z,1cecd79ee9777fe8922675d9540231c2139b388b5f039e83325254684abaf564,Org1MSP,Func4,"[18033"",""1803300"",""10245"",""1024500""]""",Org1MSP Org2MSP ,VALID,, 10245 18033,,WT,136,13310,0
2022-04-07T17:24:53.695Z,f552a526dbe409299a1eef1c5446b8e782f98b2fcb136877edc29dc1aa583096,Org1MSP,Func1,"[1227"",""2856""]""",Org1MSP Org2MSP ,VALID, 1227 2856,,,RT,136,13387,0
2022-04-07T17:24:53.696Z,95edbfe39146ed913ede87fc0c2405e19ac1f43cffd20f9d2e35c9b8425ebdd1,Org1MSP,Func1,"[16"",""318""]""",Org1MSP Org2MSP ,VALID, 16 318,,,RT,136,13351,0
2022-04-07T17:24:53.697Z,30902b21b4e212ef791cffcd238c6e1550ff8e6abe5a5ce13546d56affad244d,Org1MSP,Func1,"[642"",""1014""]""",Org1MSP Org2MSP ,VALID, 1014 642,,,RT,136,13318,0
2022-04-07T17:24:53.699Z,c27fe2410e83f1780e7e856917338b502c60f2572b691a18f4c9ceef92a0374c,Org1MSP,Func4,"[11515"",""1151500"",""10001"",""1000100""]""",Org1MSP Org2MSP ,VALID,, 10001 11515,,WT,136,13365,0
2022-04-07T17:24:53.789Z,72ca9ddf0fb79d31df35e1becbb9178b2d5b305beecb95dcbf020a53de7f0d3b,Org1MSP,Func1,"[6"",""2""]""",Org1MSP Org2MSP ,VALID, 2 6,,,RT,136,13338,0
2022-04-07T17:24:53.790Z,2bb71dc51cb7fd89dafa05b1e9ed591b6c53fcfa04acdaeabe08d3d6879eabef,Org1MSP,Func4,"[10103"",""1010300"",""15347"",""1534700""]""",Org1MSP Org2MSP ,VALID,, 10103 15347,,WT,136,13314,0
2022-04-07T17:24:53.790Z,4dc0a0b2ff166cd64fa6d3d12fab96f90c2fd3bdb96ff979a9990037c0e3c6e1,Org1MSP,Func4,"[15629"",""1562900"",""10401"",""1040100""]""",Org1MSP Org2MSP ,VALID,, 10401 15629,,WT,136,13330,0
2022-04-07T17:24:53.790Z,dd151e48ceafa1cf5fb7fbf4dd63b76ad8831b0e3a3a9035e08b4f1de83b9d6f,Org1MSP,Func4,"[10001"",""1000100"",""10050"",""1005000""]""",Org1MSP Org2MSP ,VALID,, 10001 10050,,WT,136,13373,0
2022-04-07T17:24:53.792Z,edfcbf5104409f73befe6d5757407cde295c2773858ca619f390e550f07446ac,Org1MSP,Func4,"[10013"",""1001300"",""10027"",""1002700""]""",Org1MSP Org2MSP ,VALID,, 10013 10027,,WT,136,13382,0
2022-04-07T17:24:53.793Z,9483b030d1202143b093974a401af52f43c308dec0e62b80fe97fe24ec48d7fa,Org1MSP,Func4,"[10035"",""1003500"",""14622"",""1462200""]""",Org1MSP Org2MSP ,VALID,, 10035 14622,,WT,136,13350,0
2022-04-07T17:24:53.794Z,fe1507f165356456e232a4cbf6af7508058db838d2dc8358ba3e59d85591fb9f,Org1MSP,Func4,"[10440"",""1044000"",""15800"",""1580000""]""",Org1MSP Org2MSP ,VALID,, 10440 15800,,WT,136,13392,0
2022-04-07T17:24:53.796Z,e2daa1e0b0688dc62b0ee4315968042bc5c1aeedb4cab07f10ee287c38698f85,Org1MSP,Func4,"[16934"",""1693400"",""10029"",""1002900""]""",Org1MSP Org2MSP ,VALID,, 10029 16934,,WT,136,13377,0
2022-04-07T17:24:53.798Z,751abbd86b9f9c6356232e489edbbbc69b1532e13e88485776791abc6dc4e244,Org1MSP,Func1,"[2112"",""54""]""",Org1MSP Org2MSP ,VALID, 2112 54,,,RT,136,13340,0
2022-04-07T17:24:53.799Z,d97c36c976b12ec1fc7e0d2fb2c84c16519a839a65951e30c8fabc759d62b34e,Org1MSP,Func7,"[7175"",""100"",""177"",""100""]""",Org1MSP Org2MSP ,VALID, 177 7175, 177 7175,,UT,136,13372,0
2022-04-07T17:24:53.889Z,cfe110f3631844c840f7cec06753bf7f98637c4960d8565f814ab15b1dd64c7b,Org1MSP,Func1,"[2"",""141""]""",Org1MSP Org2MSP ,VALID, 141 2,,,RT,136,13369,0
2022-04-07T17:24:53.889Z,d58af720bf97a5eb54784ca9117efeca6a0f725751edb79a77bdd4490020ad75,Org1MSP,Func4,"[10035"",""1003500"",""17312"",""1731200""]""",Org1MSP Org2MSP ,VALID,, 10035 17312,,WT,136,13371,0
2022-04-07T17:24:53.890Z,072e7241a424e0ff7e321f172de2104c55492a3886eef0a99e049f94d01da169,Org1MSP,Func4,"[10018"",""1001800"",""10000"",""1000000""]""",Org1MSP Org2MSP ,VALID,, 10000 10018,,WT,136,13305,0
2022-04-07T17:24:53.890Z,a927e946cd0e382390b7aef43d27dcc3d72777c1e053aa3a339fcd15524d9ee8,Org1MSP,Func1,"[1"",""4440""]""",Org1MSP Org2MSP ,VALID, 1 4440,,,RT,136,13357,0
2022-04-07T17:24:53.892Z,a8cb882b2eaa2101c9c15bff96678e8dcf281e6ce50c6b617aa9255eb83d507a,Org1MSP,Func4,"[10322"",""1032200"",""10616"",""1061600""]""",Org1MSP Org2MSP ,VALID,, 10322 10616,,WT,136,13356,0
2022-04-07T17:24:53.893Z,23c235cedb94c66aabec2ad469512482f60f5581295368eff767ab66e9e3d962,Org1MSP,Func1,"[6668"",""2""]""",Org1MSP Org2MSP ,VALID, 2 6668,,,RT,136,13312,0
2022-04-07T17:24:53.894Z,b37cabc4ed3584780b860ba7bab0fa17d16cbbc6cb5de2fcac1875f146a0be94,Org1MSP,Func4,"[10003"",""1000300"",""10000"",""1000000""]""",Org1MSP Org2MSP ,VALID,, 10000 10003,,WT,136,13361,0
2022-04-07T17:24:53.897Z,27341a4c3456ef9c8bd1cab146efca84abed9473be9cc09bb7e16a4967f5dd5e,Org1MSP,Func7,"[4108"",""100"",""1087"",""100""]""",Org1MSP Org2MSP ,VALID, 1087 4108, 1087 4108,,UT,136,13313,0
2022-04-07T17:24:53.897Z,33b5073cc230c6e91af9dda58838ef10d0cfa9e3e3b81946c86e8b8e4dc7656f,Org1MSP,Func1,"[2244"",""447""]""",Org1MSP Org2MSP ,VALID, 2244 447,,,RT,136,13320,0
2022-04-07T17:24:53.899Z,3346371d1bf59540b3b1107885290e224bb1db1ace349f0de6aa3cdab8867195,Org1MSP,Func4,"[10001"",""1000100"",""10049"",""1004900""]""",Org1MSP Org2MSP ,VALID,, 10001 10049,,WT,136,13319,0
2022-04-07T17:24:53.989Z,93c79176343c9d8040f1dce8a393c0c353867b759610466fb60b6f8eb3b75d72,Org1MSP,Func7,"[4737"",""100"",""1795"",""100""]""",Org1MSP Org2MSP ,VALID, 1795 4737, 1795 4737,,UT,136,13349,0
2022-04-07T17:24:53.990Z,5beb97a259b50284c6dc160652c79215ee4fcd5ab6b229ece481c607ea443f5c,Org1MSP,Func7,"[987"",""100"",""63"",""100""]""",Org1MSP Org2MSP ,VALID, 63 987, 63 987,,UT,136,13333,0
2022-04-07T17:24:53.990Z,ac6ea2b1ff95e8765181462514207c745cc23662f1155a607d463120ea298dce,Org1MSP,Func4,"[11332"",""1133200"",""10000"",""1000000""]""",Org1MSP Org2MSP ,VALID,, 10000 11332,,WT,136,13358,0
2022-04-07T17:24:53.991Z,5d01ce445c4fd3665ebba03f130ea848e12b8ced2055c8b58db61fed9480a198,Org1MSP,Func4,"[10006"",""1000600"",""10532"",""1053200""]""",Org1MSP Org2MSP ,VALID,, 10006 10532,,WT,136,13334,0
2022-04-07T17:24:53.994Z,1c73a54986c4b2d45040541d521f20f23c81094737f57c7608e4bbb00539cb98,Org1MSP,Func4,"[10001"",""1000100"",""10014"",""1001400""]""",Org1MSP Org2MSP ,VALID,, 10001 10014,,WT,136,13309,0
2022-04-07T17:24:53.994Z,870950153a5435d629fde075461ca7d0ab51d4453ea05ca2a3c771544c364359,Org1MSP,Func4,"[19017"",""1901700"",""10005"",""1000500""]""",Org1MSP Org2MSP ,VALID,, 10005 19017,,WT,136,13346,0
2022-04-07T17:24:53.995Z,7573659fd9cae69a6e5767472bbd16a869692c1bca5aac52d572e9d61c8de3c0,Org1MSP,Func4,"[10004"",""1000400"",""10001"",""1000100""]""",Org1MSP Org2MSP ,VALID,, 10001 10004,,WT,136,13341,0
2022-04-07T17:24:53.997Z,457e4b0cde1910107d1065cf4a4216969c76122003b1398abac1e187d244ac5d,Org1MSP,Func4,"[10001"",""1000100"",""10806"",""1080600""]""",Org1MSP Org2MSP ,VALID,, 10001 10806,,WT,136,13324,0
2022-04-07T17:24:54.089Z,9a4dec418b632a9b862f468fcf01fee9841bb5cb1de2720cdc4ebf36e9c8dbc7,Org1MSP,Func4,"[10001"",""1000100"",""11994"",""1199400""]""",Org1MSP Org2MSP ,VALID,, 10001 11994,,WT,136,13352,0
2022-04-07T17:24:54.089Z,c02ea72de3aff3bd3254371828c39d9008c9f9b373960509a6a98368b0f77b96,Org1MSP,Func1,"[8267"",""2""]""",Org1MSP Org2MSP ,VALID, 2 8267,,,RT,136,13364,0
2022-04-07T17:24:54.090Z,a5a7d1bfc5205c14265e5513f4f42804fd5cab86eb0e7976bcb0325235e55025,Org1MSP,Func1,"[1085"",""17""]""",Org1MSP Org2MSP ,VALID, 1085 17,,,RT,136,13354,0
2022-04-07T17:24:54.090Z,edbfa24f796e3c4965f93b483bc5d4518d0afccd5aa81bceec41ad0c834adfab,Org1MSP,Func1,"[732"",""28""]""",Org1MSP Org2MSP ,ENDORSEMENT_POLICY_FAILURE, 28 732,,,RT,136,13381,0
2022-04-07T17:24:54.092Z,21025270f1e7aa92a74791bff5249f24e5bce741069f32472d1db6d1f5f7265d,Org1MSP,Func1,"[80"",""3942""]""",Org1MSP Org2MSP ,ENDORSEMENT_POLICY_FAILURE, 3942 80,,,RT,136,13311,0
2022-04-07T17:24:54.096Z,79480d2ea067f466094948ea92e324708cb2edbebb00204cec97c5069a4910de,Org1MSP,Func7,"[112"",""100"",""1"",""100""]""",Org1MSP Org2MSP ,ENDORSEMENT_POLICY_FAILURE, 1 112, 1 112,,UT,136,13398,0
2022-04-07T17:24:54.097Z,42293b52bdfeb08b077b0fd69f5e2d94638254acd34730f1da42c92d1b1d39f1,Org1MSP,Func7,"[755"",""100"",""10"",""100""]""",Org1MSP Org2MSP ,ENDORSEMENT_POLICY_FAILURE, 10 755, 10 755,,UT,136,13323,0
2022-04-07T17:24:54.097Z,24718692fb43f9a59729214637f572651e9c5d3eb4eb4ff3035e782297a3c2bf,Org1MSP,Func1,"[1"",""2""]""",Org1MSP Org2MSP ,ENDORSEMENT_POLICY_FAILURE, 1 2,,,RT,136,13396,0
2022-04-07T17:24:54.099Z,5f8dff9a2bcbe189a0504814d42b76f4d6c504978d71fbafbf2b4622e6c38fc8,Org1MSP,Func4,"[10000"",""1000000"",""10011"",""1001100""]""",Org1MSP Org2MSP ,VALID,, 10000 10011,,WT,136,13335,0
2022-04-07T17:24:54.189Z,f771afae0c44688dd23e1af63ebc72f21e127cd213672b6eb17338447d7a3dab,Org1MSP,Func7,"[3"",""100"",""5623"",""100""]""",Org1MSP Org2MSP ,VALID, 3 5623, 3 5623,,UT,136,13388,0
2022-04-07T17:24:54.190Z,458c91481f8facb535add3c9562b50d1b1f05d3d5906ce539cdce82296657a12,Org1MSP,Func4,"[10017"",""1001700"",""10081"",""1008100""]""",Org1MSP Org2MSP ,VALID,, 10017 10081,,WT,136,13325,0
2022-04-07T17:24:54.190Z,c7497d9efb8e3646238f9e1fa8b95c0c30284c3a874754468b3f68537ec566dc,Org1MSP,Func4,"[10023"",""1002300"",""10283"",""1028300""]""",Org1MSP Org2MSP ,VALID,, 10023 10283,,WT,136,13368,0
2022-04-07T17:24:54.192Z,e52b880b99fc7989aefcbfded856c17934ec7e6aa78fbdf1620d2c576891620c,Org1MSP,Func4,"[14158"",""1415800"",""10485"",""1048500""]""",Org1MSP Org2MSP ,VALID,, 10485 14158,,WT,136,13378,0
2022-04-07T17:24:54.192Z,f859305a04b8d62cee0cdba965033b85eb4ee7bf21d5341d284bddfcc1bc5133,Org1MSP,Func4,"[17114"",""1711400"",""10110"",""1011000""]""",Org1MSP Org2MSP ,VALID,, 10110 17114,,WT,136,13389,0
2022-04-07T17:24:54.194Z,4607abb9ac25ae741e8276356cabb559ce5348877d8bedfeb605c31f1b08c4d7,Org1MSP,Func4,"[13648"",""1364800"",""12880"",""1288000""]""",Org1MSP Org2MSP ,VALID,, 12880 13648,,WT,136,13326,0
2022-04-07T17:24:54.197Z,b039eecc9d3c529a9044a2983d237b8c64878557bed4a47df211c0b243d074d4,Org1MSP,Func1,"[7"",""2419""]""",Org1MSP Org2MSP ,VALID, 2419 7,,,RT,136,13359,0
2022-04-07T17:24:54.198Z,76412850cfe6a3bd6b1cddb77cf399e0ab8edb5642c148a3cf82a147cbcc3d81,Org1MSP,Func1,"[4"",""5467""]""",Org1MSP Org2MSP ,VALID, 4 5467,,,RT,136,13342,0
2022-04-07T17:24:54.201Z,dd37d28569a9b351929336e345af65ccba1bec8f12a25aa91317b6328a98e46f,Org1MSP,Func4,"[11114"",""1111400"",""10000"",""1000000""]""",Org1MSP Org2MSP ,VALID,, 10000 11114,,WT,136,13374,0
2022-04-07T17:24:54.289Z,c6686169489204c5601dec20ade1177fd1b9dbab9521fa11e3caa22aa26040ab,Org1MSP,Func1,"[1027"",""37""]""",Org1MSP Org2MSP ,VALID, 1027 37,,,RT,136,13367,0
2022-04-07T17:24:54.289Z,60509e7355ae2ef6fbb2ba10536cabc6e8442c444b00547a7b93ed84f7b71f2e,Org1MSP,Func7,"[28"",""100"",""11"",""100""]""",Org1MSP Org2MSP ,VALID, 11 28, 11 28,,UT,136,13397,0
2022-04-07T17:24:54.290Z,3083c310b11d2739f69d48b16dfcf069cfedcc8894f4d2b22b68457553c13c99,Org1MSP,Func4,"[10189"",""1018900"",""10371"",""1037100""]""",Org1MSP Org2MSP ,VALID,, 10189 10371,,WT,136,13317,0
2022-04-07T17:24:54.290Z,ec43dd957ca376e7ed79d2e738434996cec51878568c3f59fd49a1b38b106a29,Org1MSP,Func4,"[10375"",""1037500"",""10049"",""1004900""]""",Org1MSP Org2MSP ,VALID,, 10049 10375,,WT,136,13380,0
2022-04-07T17:24:54.293Z,1a023c4bb1f251f3e5c195daee4fa8344ea6dcae2820ab1f2613e246f31028d5,Org1MSP,Func1,"[4984"",""195""]""",Org1MSP Org2MSP ,VALID, 195 4984,,,RT,136,13308,0
2022-04-07T17:24:54.294Z,64ba6b93180f098a28ce0b8ee0363dff24442d404f804de39bfca200c5d2b327,Org1MSP,Func4,"[10023"",""1002300"",""10004"",""1000400""]""",Org1MSP Org2MSP ,VALID,, 10004 10023,,WT,136,13336,0
2022-04-07T17:24:54.295Z,74e3b715830ed5a33fa144575e82b0684463dd73128c7d6ef079b176cf03f0bc,Org1MSP,Func4,"[10007"",""1000700"",""10026"",""1002600""]""",Org1MSP Org2MSP ,VALID,, 10007 10026,,WT,136,13339,0
2022-04-07T17:24:54.296Z,6c66bfa989f778d5d07419b489dba8892bc4a2e5004de295e599829dfa9ac25f,Org1MSP,Func7,"[18"",""100"",""207"",""100""]""",Org1MSP Org2MSP ,VALID, 18 207, 18 207,,UT,136,13337,0
2022-04-07T17:24:54.298Z,c4e8278ea5200c371d86eeab274111d8e9625a2213611414739b0a6ccf9f2305,Org1MSP,Func4,"[10641"",""1064100"",""12600"",""1260000""]""",Org1MSP Org2MSP ,VALID,, 10641 12600,,WT,136,13366,0
2022-04-07T17:24:54.300Z,049b5dcad2a7857e7487adb60803fc7716c0e803420c775d868eed0d36a9be61,Org1MSP,Func4,"[10014"",""1001400"",""10149"",""1014900""]""",Org1MSP Org2MSP ,VALID,, 10014 10149,,WT,136,13304,0
2022-04-07T17:24:54.389Z,f28a86440f026187ffd71105a1d88c75d0d7fe5ff22f190ffb53cfcc80f9906a,Org1MSP,Func4,"[10000"",""1000000"",""10360"",""1036000""]""",Org1MSP Org2MSP ,VALID,, 10000 10360,,WT,136,13386,0
2022-04-07T17:24:54.389Z,0b0fba33c9710f1d161053098d2e87fafcff4dcfd8ac7708fb36343a212d2e7f,Org1MSP,Func1,"[163"",""1""]""",Org1MSP Org2MSP ,VALID, 1 163,,,RT,136,13395,0
2022-04-07T17:24:54.390Z,f7d52b98396ec9a8bd642280a7354e916f580b8dbad91dd36d8790505eaf44be,Org1MSP,Func7,"[4"",""100"",""1421"",""100""]""",Org1MSP Org2MSP ,VALID, 1421 4, 1421 4,,UT,136,13393,0
2022-04-07T17:24:54.390Z,92f81d5b87d78aa645b9816a3698ec502ed873ccef8e98236dc3b7ff9483655e,Org1MSP,Func7,"[16"",""100"",""209"",""100""]""",Org1MSP Org2MSP ,VALID, 16 209, 16 209,,UT,136,13394,0
2022-04-07T17:24:54.392Z,a3d0de2ff9eecb1d65203249708946fc5fa31ec1a8e07d2110b8ecb719f39bed,Org1MSP,Func4,"[17406"",""1740600"",""10002"",""1000200""]""",Org1MSP Org2MSP ,VALID,, 10002 17406,,WT,136,13353,0
2022-04-07T17:24:54.392Z,e9d5aa2e6fccc1cc253d4d8de0140d1655c98a48af89e704f12a054907ba88f8,Org1MSP,Func1,"[5"",""13""]""",Org1MSP Org2MSP ,VALID, 13 5,,,RT,136,13379,0
2022-04-07T17:24:54.395Z,2defd6c6bec8e5fc23a9248a33cbdc9223f2dd6585fb7a41c08f41451a18052e,Org1MSP,Func4,"[10000"",""1000000"",""10037"",""1003700""]""",Org1MSP Org2MSP ,VALID,, 10000 10037,,WT,136,13316,0
2022-04-07T17:24:54.397Z,2c4c20c8ee3562091d41b09a40c7768c892d1ffe738a4bf69d887fbab0c2fda8,Org1MSP,Func4,"[10125"",""1012500"",""10033"",""1003300""]""",Org1MSP Org2MSP ,VALID,, 10033 10125,,WT,136,13315,0
2022-04-07T17:24:54.397Z,d2f050187331d18e348ed968c4dbe3e769b35fb84654c9e2779412bff2a0691a,Org1MSP,Func4,"[10020"",""1002000"",""10121"",""1012100""]""",Org1MSP Org2MSP ,VALID,, 10020 10121,,WT,136,13370,0
2022-04-07T17:24:54.399Z,f918330dc21888d6214fda56dc99ff4aa56a09bb220512eea4b17a99cb3e15ed,Org1MSP,Func4,"[11561"",""1156100"",""10004"",""1000400""]""",Org1MSP Org2MSP ,VALID,, 10004 11561,,WT,136,13390,0
2022-04-07T17:24:54.489Z,f103c37e092024eb45c609bf6c36d2fee3a0a64a633b6c5680ad4231143dbc3f,Org1MSP,Func4,"[14336"",""1433600"",""10651"",""1065100""]""",Org1MSP Org2MSP ,VALID,, 10651 14336,,WT,136,13385,0
2022-04-07T17:24:54.490Z,41fbf1c6fa351061b53922a3e05aeb35628c360b4a512c6d36b9333f134e214e,Org1MSP,Func4,"[10217"",""1021700"",""10000"",""1000000""]""",Org1MSP Org2MSP ,VALID,, 10000 10217,,WT,136,13322,0
2022-04-07T17:24:54.490Z,47816b689ddfbb972fe10ec6878c12c8b1cecdeed9fecba5b94efb84af22cf94,Org1MSP,Func4,"[10000"",""1000000"",""10003"",""1000300""]""",Org1MSP Org2MSP ,VALID,, 10000 10003,,WT,136,13328,0
2022-04-07T17:24:54.493Z,b7a0a0066fa6381c1d225ea911a652669aeca97a48c41fe3278086e663b59b1a,Org1MSP,Func4,"[10006"",""1000600"",""10000"",""1000000""]""",Org1MSP Org2MSP ,VALID,, 10000 10006,,WT,136,13363,0
2022-04-07T17:24:54.494Z,100b10e5bc2b6f9e94b43c73c100dc1a9c759017b8a45be4075a783bbe160bae,Org1MSP,Func7,"[147"",""100"",""8152"",""100""]""",Org1MSP Org2MSP ,VALID, 147 8152, 147 8152,,UT,136,13307,0
2022-04-07T17:24:54.494Z,3b282cc65512a521a80a149655919d44445c9c14ad888dfd59d9de1ff4e9c082,Org1MSP,Func4,"[11708"",""1170800"",""11481"",""1148100""]""",Org1MSP Org2MSP ,VALID,, 11481 11708,,WT,136,13321,0
2022-04-07T17:24:54.495Z,f0259199e4c7c9a57452b1df646aa2a7aeca84f322ea372550f6e5ea95be3d3d,Org1MSP,Func7,"[38"",""100"",""5916"",""100""]""",Org1MSP Org2MSP ,VALID, 38 5916, 38 5916,,UT,136,13384,0
2022-04-07T17:24:54.496Z,78f4a4f27d92016cadae638346bd65d89fb79e55fcb57f5927223bcec02733d6,Org1MSP,Func1,"[2170"",""2395""]""",Org1MSP Org2MSP ,VALID, 2170 2395,,,RT,136,13343,0
2022-04-07T17:24:54.497Z,46ebf7e711e32f456a93d116f806ce0dbbfb44c862e22144961b8f5fb1212749,Org1MSP,Func4,"[13385"",""1338500"",""10000"",""1000000""]""",Org1MSP Org2MSP ,VALID,, 10000 13385,,WT,136,13327,0
2022-04-07T17:24:54.501Z,0c9ec19c003d4177f8f341a1b5cd0129c2cf97004a917ba0050c4c3096e2b5ec,Org1MSP,Func7,"[5324"",""100"",""236"",""100""]""",Org1MSP Org2MSP ,VALID, 236 5324, 236 5324,,UT,136,13306,0
2022-04-07T17:24:54.589Z,a77713ded96ba80d4268c09f3deda9fdc7e83eb56aabc89fe0082885a115ef16,Org1MSP,Func4,"[10006"",""1000600"",""10600"",""1060000""]""",Org1MSP Org2MSP ,VALID,, 10006 10600,,WT,136,13355,0
2022-04-07T17:24:54.589Z,ef34c32b83c6d0d9a970b143d9c395dc6f4704009039c246e13c4e942b59b4b2,Org1MSP,Func4,"[10003"",""1000300"",""10067"",""1006700""]""",Org1MSP Org2MSP ,VALID,, 10003 10067,,WT,136,13383,0
2022-04-07T17:24:54.590Z,b1257f4ce63f82de0be2f816a7364ca03bcab834b3822e91179108ab2a1c318e,Org1MSP,Func1,"[69"",""13""]""",Org1MSP Org2MSP ,VALID, 13 69,,,RT,136,13360,0
2022-04-07T17:24:54.590Z,e18b708a83b3f91cd44b422bce3aa2d84c5ee8cd501b240a7f332f4af882a665,Org1MSP,Func4,"[11934"",""1193400"",""19606"",""1960600""]""",Org1MSP Org2MSP ,VALID,, 11934 19606,,WT,136,13376,0
2022-04-07T17:24:54.592Z,e08c345a1acc94da5d9c25195221eb6001e3c761f292a273cea127df897c4bc5,Org1MSP,Func4,"[10021"",""1002100"",""10008"",""1000800""]""",Org1MSP Org2MSP ,VALID,, 10008 10021,,WT,136,13375,0
2022-04-07T17:24:54.593Z,4c31592f8be444648007d8968e8e764eb4027b305beb728e1ce4733055e759d3,Org1MSP,Func4,"[10687"",""1068700"",""10014"",""1001400""]""",Org1MSP Org2MSP ,VALID,, 10014 10687,,WT,136,13329,0
2022-04-07T17:24:54.595Z,fdaed528e41ace2223950f35b33f6cf38a5d56e8d0b15596a2a8bd4eda94274f,Org1MSP,Func4,"[10948"",""1094800"",""10292"",""1029200""]""",Org1MSP Org2MSP ,VALID,, 10292 10948,,WT,136,13391,0
2022-04-07T17:24:54.596Z,7db51ba2cfe5eb564750431c48a651286620cf11155152d0f3675303a5b3c928,Org1MSP,Func4,"[11577"",""1157700"",""10038"",""1003800""]""",Org1MSP Org2MSP ,VALID,, 10038 11577,,WT,136,13344,0
2022-04-07T17:24:54.597Z,b5ddbd028a81fe56c71abd5681cf684fb4071097f4b29e8c983f6f463b7a2d1f,Org1MSP,Func1,"[58"",""20""]""",Org1MSP Org2MSP ,VALID, 20 58,,,RT,136,13362,0
2022-04-07T17:24:54.598Z,509c337325d555ecb9e41829cdf66f22f9a4995a00dd50472901f7df2b6dcc68,Org1MSP,Func4,"[10008"",""1000800"",""10054"",""1005400""]""",Org1MSP Org2MSP ,VALID,, 10008 10054,,WT,136,13332,0
2022-04-07T17:24:54.689Z,9317cb056ab9c82901fb5820ea4826f21e52cba5212ea2cf18c17124bbbb57d7,Org1MSP,Func4,"[10000"",""1000000"",""10607"",""1060700""]""",Org1MSP Org2MSP ,VALID,, 10000 10607,,WT,136,13347,0
2022-04-07T17:24:54.689Z,21196c3e7e9dd71860a4c25c5b387a84b61d3880bdd963eb164fcffb557f2813,Org1MSP,Func7,"[59"",""100"",""2"",""100""]""",Org1MSP Org2MSP ,VALID, 2 59, 2 59,,UT,137,13496,0
2022-04-07T17:24:54.690Z,253761a40fb97b6439511dd4b65e641e6a7770a576603466d9de73635cf6ee08,Org1MSP,Func1,"[4"",""14""]""",Org1MSP Org2MSP ,VALID, 14 4,,,RT,137,13412,0
2022-04-07T17:24:54.690Z,95fc3b281c07e1f98b8e70e3ffeb56b52f52ba9985d8285d15459586b9d8c26e,Org1MSP,Func4,"[10103"",""1010300"",""10449"",""1044900""]""",Org1MSP Org2MSP ,VALID,, 10103 10449,,WT,137,13453,0
2022-04-07T17:24:54.693Z,ce7685d720ba147607ed33dd106d7ff5734860a98cd2a85adaaf4db0b5ff1c0d,Org1MSP,Func1,"[334"",""195""]""",Org1MSP Org2MSP ,VALID, 195 334,,,RT,137,13474,0
2022-04-07T17:24:54.694Z,e4c59b6d17549335bf27b6b71b59fcf00a3fe7e125b8bfb249b3c744dec1c678,Org1MSP,Func4,"[10011"",""1001100"",""10023"",""1002300""]""",Org1MSP Org2MSP ,VALID,, 10011 10023,,WT,137,13481,0
2022-04-07T17:24:54.695Z,47843651a23471d908c40559fcf71fb7e0dc01b5fe2e7388d430668e92590e5c,Org1MSP,Func4,"[10017"",""1001700"",""10150"",""1015000""]""",Org1MSP Org2MSP ,VALID,, 10017 10150,,WT,137,13426,0
2022-04-07T17:24:54.696Z,e3b1641518657318e0c79553ef185090d1063aca644ac82903a51cf701c0ea33,Org1MSP,Func4,"[10001"",""1000100"",""11049"",""1104900""]""",Org1MSP Org2MSP ,VALID,, 10001 11049,,WT,137,13480,0
2022-04-07T17:24:54.698Z,a78482816cd979ad45ad5b40886f6c97d4340d16282845d286e012c79fc84078,Org1MSP,Func4,"[10018"",""1001800"",""10068"",""1006800""]""",Org1MSP Org2MSP ,VALID,, 10018 10068,,WT,137,13459,0
2022-04-07T17:24:54.698Z,a8d596ec7eac813bd010d67092aa3b6c6bdd7e968151b79cc7ae33b5a2a9b376,Org1MSP,Func4,"[11461"",""1146100"",""10127"",""1012700""]""",Org1MSP Org2MSP ,VALID,, 10127 11461,,WT,137,13460,0
2022-04-07T17:24:54.789Z,0238eab533f541634494b1629c7e6d05ff24b0247836e889cfefb4ded78fca58,Org1MSP,Func4,"[10000"",""1000000"",""10418"",""1041800""]""",Org1MSP Org2MSP ,VALID,, 10000 10418,,WT,137,13400,0
2022-04-07T17:24:54.789Z,fe80b17d6b174ba8e2f86f70d1adcef065b8eeffdfb0228e21918925cedaa723,Org1MSP,Func1,"[2"",""45""]""",Org1MSP Org2MSP ,VALID, 2 45,,,RT,137,13492,0
2022-04-07T17:24:54.790Z,1f887ce09ff3615ce6fbb820378d3d61d28e5abecd6d7949774c66606fdef639,Org1MSP,Func4,"[18736"",""1873600"",""10006"",""1000600""]""",Org1MSP Org2MSP ,VALID,, 10006 18736,,WT,137,13410,0
2022-04-07T17:24:54.790Z,39b012fc4061423aed247423095688b8a01d2bab69fee98fdffad7139c3dc72a,Org1MSP,Func4,"[10008"",""1000800"",""10001"",""1000100""]""",Org1MSP Org2MSP ,VALID,, 10001 10008,,WT,137,13422,0
2022-04-07T17:24:54.792Z,0463ffb45cf99ef85df0a80450e66d0afbab32ab2f050959ca68c723d23e394e,Org1MSP,Func1,"[453"",""2922""]""",Org1MSP Org2MSP ,VALID, 2922 453,,,RT,137,13401,0
2022-04-07T17:24:54.794Z,2f05c038be513f02833347236ddca8f4804a46525e67c57b748338b86714969b,Org1MSP,Func7,"[7"",""100"",""3164"",""100""]""",Org1MSP Org2MSP ,VALID, 3164 7, 3164 7,,UT,137,13417,0
2022-04-07T17:24:54.794Z,76a743b41a6f0d7bb9e017dade1a2ecab43c0ae89cde8304b38c8c8c3950be89,Org1MSP,Func1,"[1174"",""1""]""",Org1MSP Org2MSP ,VALID, 1 1174,,,RT,137,13438,0
2022-04-07T17:24:54.796Z,574427be43b5f88dc053a48646ff7ee811f059c560892753415218e26964051c,Org1MSP,Func4,"[10666"",""1066600"",""10054"",""1005400""]""",Org1MSP Org2MSP ,VALID,, 10054 10666,,WT,137,13428,0
2022-04-07T17:24:54.798Z,69bbe46e005d040ee153c7de305b152e8a17b20dfc44503868075eb776b394af,Org1MSP,Func4,"[11132"",""1113200"",""10000"",""1000000""]""",Org1MSP Org2MSP ,VALID,, 10000 11132,,WT,137,13434,0
2022-04-07T17:24:54.890Z,a2446c76a5952e5206c2ddd0ccc56e9e28edd6f57d9052d50e485e34f3236a19,Org1MSP,Func4,"[10002"",""1000200"",""10008"",""1000800""]""",Org1MSP Org2MSP ,VALID,, 10002 10008,,WT,137,13458,0
2022-04-07T17:24:54.890Z,f3e814aba29647d2a17c81ab795dc3adfd2bde4ee7f218689d165f4f30c5303b,Org1MSP,Func4,"[10359"",""1035900"",""11070"",""1107000""]""",Org1MSP Org2MSP ,VALID,, 10359 11070,,WT,137,13491,0
2022-04-07T17:24:54.892Z,9f3b1f46693cfa83632c408739bb91bb0cb783dc61aa2fdf8e8fe162e6dae084,Org1MSP,Func4,"[10000"",""1000000"",""10270"",""1027000""]""",Org1MSP Org2MSP ,VALID,, 10000 10270,,WT,137,13457,0
2022-04-07T17:24:54.893Z,d04b4f87ffbefa46fccaf4c611f017295a03b07084b3a32d45fc982d7a1e91e2,Org1MSP,Func4,"[10877"",""1087700"",""10009"",""1000900""]""",Org1MSP Org2MSP ,VALID,, 10009 10877,,WT,137,13475,0
2022-04-07T17:24:54.894Z,5d4d48429b3e255b1f46d07389bf8041065c72c410845b5e70c247a7e56f5387,Org1MSP,Func1,"[9"",""1114""]""",Org1MSP Org2MSP ,VALID, 1114 9,,,RT,137,13431,0
2022-04-07T17:24:54.896Z,6acd7724eb57cd9d10a134df89dfa9aa53afe14c6cc2e8182efb0b7875b714e6,Org1MSP,Func4,"[10170"",""1017000"",""10000"",""1000000""]""",Org1MSP Org2MSP ,VALID,, 10000 10170,,WT,137,13435,0
2022-04-07T17:24:54.896Z,c7338928677df73f0e4038a800381feb6a17e1b088c65b67c48c88451cda2a8f,Org1MSP,Func4,"[10284"",""1028400"",""10006"",""1000600""]""",Org1MSP Org2MSP ,VALID,, 10006 10284,,WT,137,13471,0
2022-04-07T17:24:54.898Z,25dabfc5bae15333fe79b92e7328f17e2d736e7922951dad173c91352e351a12,Org1MSP,Func4,"[11360"",""1136000"",""10000"",""1000000""]""",Org1MSP Org2MSP ,VALID,, 10000 11360,,WT,137,13413,0
2022-04-07T17:24:54.989Z,15dd4bba76cd6cbc745381bf8c214ef9d06ec87b9dc1df3c55279e7c6bbeb3e7,Org1MSP,Func4,"[12339"",""1233900"",""18186"",""1818600""]""",Org1MSP Org2MSP ,VALID,, 12339 18186,,WT,137,13408,0
2022-04-07T17:24:54.989Z,8cbf854187656289a89d13d02478631d62ac059f280dc2a7bca78d262636edf4,Org1MSP,Func4,"[10062"",""1006200"",""10003"",""1000300""]""",Org1MSP Org2MSP ,VALID,, 10003 10062,,WT,137,13449,0
2022-04-07T17:24:54.992Z,066091b12acc9ba71e4768b18ce815863e5865576050ccb4ff541b48ac8b458a,Org1MSP,Func4,"[10008"",""1000800"",""15880"",""1588000""]""",Org1MSP Org2MSP ,VALID,, 10008 15880,,WT,137,13402,0
2022-04-07T17:24:54.993Z,37e383f9b1518d832eb7d57cd1f99013ec2a9e50630542c204b49ee5d6671c06,Org1MSP,Func4,"[10012"",""1001200"",""11087"",""1108700""]""",Org1MSP Org2MSP ,VALID,, 10012 11087,,WT,137,13420,0
2022-04-07T17:24:54.995Z,d28b339e6bebcf4a8ea383617a12d24285134964b454948c2ccc3c2bc6e83f1d,Org1MSP,Func1,"[639"",""2083""]""",Org1MSP Org2MSP ,VALID, 2083 639,,,RT,137,13476,0
2022-04-07T17:24:54.997Z,e02083153eca6252937187f93bcc35e83fb4e38963d32d34fa7890dd4db365be,Org1MSP,Func4,"[10084"",""1008400"",""10078"",""1007800""]""",Org1MSP Org2MSP ,VALID,, 10078 10084,,WT,137,13479,0
2022-04-07T17:24:54.999Z,c487ac7703acf12fee4281097d0cf36f1600c6c4d26732640106edb60869e8f8,Org1MSP,Func4,"[10055"",""1005500"",""10740"",""1074000""]""",Org1MSP Org2MSP ,VALID,, 10055 10740,,WT,137,13467,0
2022-04-07T17:24:55.089Z,40e910b96c30f1de3eb6c76856fb28f4162d7a33676624a4d004d6b62ec1774e,Org1MSP,Func4,"[10682"",""1068200"",""10010"",""1001000""]""",Org1MSP Org2MSP ,VALID,, 10010 10682,,WT,137,13424,0
2022-04-07T17:24:55.089Z,9edbcbe5ad459757ab0bf2d077f3512901f157b81fd198966a28615e15ba623e,Org1MSP,Func1,"[2"",""1396""]""",Org1MSP Org2MSP ,VALID, 1396 2,,,RT,137,13456,0
2022-04-07T17:24:55.090Z,7f305aa70fd2ec7818bb3b33586a2f3851a047aba492613fe4286b62c1939e79,Org1MSP,Func7,"[383"",""100"",""26"",""100""]""",Org1MSP Org2MSP ,VALID, 26 383, 26 383,,UT,137,13444,0
2022-04-07T17:24:55.090Z,f1e411da5314426ef0aefe3817089e2dec44c9ca62d6805f95fbeaa9c5a4a360,Org1MSP,Func7,"[213"",""100"",""12"",""100""]""",Org1MSP Org2MSP ,VALID, 12 213, 12 213,,UT,137,13489,0
2022-04-07T17:24:55.093Z,08145926fdcd7c99607414fef0d71bffa2a4d42a605dd17108ef0df733b2df49,Org1MSP,Func1,"[15"",""993""]""",Org1MSP Org2MSP ,VALID, 15 993,,,RT,137,13403,0
2022-04-07T17:24:55.093Z,5e8afafc473672c7ac79a61ce60423efc53e695eb34d3c67dcb5495fa5a3d4f1,Org1MSP,Func4,"[16572"",""1657200"",""10002"",""1000200""]""",Org1MSP Org2MSP ,VALID,, 10002 16572,,WT,137,13432,0
2022-04-07T17:24:55.094Z,af8acc596ab00e2153767a9018fd50daa7511ffeec7f033901d1e0c93b1bab11,Org1MSP,Func4,"[10251"",""1025100"",""10015"",""1001500""]""",Org1MSP Org2MSP ,VALID,, 10015 10251,,WT,137,13462,0
2022-04-07T17:24:55.096Z,f0a6d1851fc3411818b2b20298e22bd8efdb5a1388a2b31abde83a52ab9dec4f,Org1MSP,Func4,"[10020"",""1002000"",""10548"",""1054800""]""",Org1MSP Org2MSP ,VALID,, 10020 10548,,WT,137,13487,0
2022-04-07T17:24:55.098Z,7c87e6674e0d98ddc5a2195508854c5c44cd74ed0e5331caad4898bc73315644,Org1MSP,Func4,"[10201"",""1020100"",""11081"",""1108100""]""",Org1MSP Org2MSP ,VALID,, 10201 11081,,WT,137,13442,0
2022-04-07T17:24:55.099Z,1ba663df92f6bf252925dc59a0890bcd798a55e91d914acd62f68a0b3801c450,Org1MSP,Func4,"[17057"",""1705700"",""13324"",""1332400""]""",Org1MSP Org2MSP ,VALID,, 13324 17057,,WT,137,13409,0
2022-04-07T17:24:55.188Z,89368e8525e35903755a048ae93ab3e0c7846c6145a59bda9068e80ce6ff981d,Org1MSP,Func1,"[155"",""1""]""",Org1MSP Org2MSP ,VALID, 1 155,,,RT,137,13493,0
2022-04-07T17:24:55.189Z,40aa88a39a6b14385e7ce226078b5ff58dd20d3de3cbee8537c325c7464313be,Org1MSP,Func4,"[10015"",""1001500"",""16790"",""1679000""]""",Org1MSP Org2MSP ,VALID,, 10015 16790,,WT,137,13423,0
2022-04-07T17:24:55.189Z,898b31f76e055e653c6eef471f61c4489ef4b325d4ec25a390e3b592a3d170d4,Org1MSP,Func4,"[10316"",""1031600"",""10599"",""1059900""]""",Org1MSP Org2MSP ,VALID,, 10316 10599,,WT,137,13446,0
2022-04-07T17:24:55.190Z,78ecd28dccf79c737a03cba068126531a47c8b5bed4d91e82e97a80b94b59eef,Org1MSP,Func7,"[100"",""100"",""630"",""100""]""",Org1MSP Org2MSP ,VALID, 100 630, 100 630,,UT,137,13439,0
2022-04-07T17:24:55.192Z,2b69a5178d00c65ce7be881bd4b5c0e12e3c3dfd55a020f6672d8ae043c72c2c,Org1MSP,Func7,"[702"",""100"",""1057"",""100""]""",Org1MSP Org2MSP ,VALID, 1057 702, 1057 702,,UT,137,13415,0
2022-04-07T17:24:55.194Z,8caf514443985ef647addfd0a89972267890a64f7c3081adc08a7b891a449429,Org1MSP,Func4,"[10005"",""1000500"",""17641"",""1764100""]""",Org1MSP Org2MSP ,VALID,, 10005 17641,,WT,137,13448,0
2022-04-07T17:24:55.195Z,b48cb3e305d81a6f49f3bb72f86ef32e9bcaee37558768216f53f99a7ab42b1c,Org1MSP,Func4,"[10143"",""1014300"",""10027"",""1002700""]""",Org1MSP Org2MSP ,VALID,, 10027 10143,,WT,137,13463,0
2022-04-07T17:24:55.196Z,c687926ceb4e70b198331f6898f16be9570c673287edf73d5adc7ffeb2b1d6f3,Org1MSP,Func4,"[10576"",""1057600"",""10000"",""1000000""]""",Org1MSP Org2MSP ,VALID,, 10000 10576,,WT,137,13469,0
2022-04-07T17:24:55.197Z,d44fa4f611368e5c00d37d655e8ab28aad1541c350aa6438b465d830c296eba8,Org1MSP,Func4,"[10017"",""1001700"",""10091"",""1009100""]""",Org1MSP Org2MSP ,VALID,, 10017 10091,,WT,137,13477,0
2022-04-07T17:24:55.198Z,af264b26a1e6059737715f3d5944f02e296bdc3f164cdd82e6cacdc1c0d4796a,Org1MSP,Func4,"[10003"",""1000300"",""11823"",""1182300""]""",Org1MSP Org2MSP ,VALID,, 10003 11823,,WT,137,13461,0
2022-04-07T17:24:55.289Z,ca1ed91454feb65b3c1c825e424c342f97b3d5c529c17f2da1d0b28a61d04397,Org1MSP,Func4,"[10136"",""1013600"",""10178"",""1017800""]""",Org1MSP Org2MSP ,VALID,, 10136 10178,,WT,137,13472,0
2022-04-07T17:24:55.292Z,2de4aa273b99c468e208ee8598f15629884adcf6e5f78336515109f86b953d64,Org1MSP,Func1,"[2"",""38""]""",Org1MSP Org2MSP ,VALID, 2 38,,,RT,137,13416,0
2022-04-07T17:24:55.293Z,0bf589ace2c28362f63cf55c13f811c69d1d2eb7bd9423ccc1db32f44f47be1b,Org1MSP,Func7,"[932"",""100"",""910"",""100""]""",Org1MSP Org2MSP ,VALID, 910 932, 910 932,,UT,137,13404,0
2022-04-07T17:24:55.293Z,139c89675669417916a4e69e0e8c01182f82e597a1b8050a086788264884e585,Org1MSP,Func4,"[10003"",""1000300"",""10107"",""1010700""]""",Org1MSP Org2MSP ,VALID,, 10003 10107,,WT,137,13407,0
2022-04-07T17:24:55.293Z,9e44bd06c53ec03985f321938e389a09184a9a2a12379b4c9bb40967b57db636,Org1MSP,Func4,"[10001"",""1000100"",""10481"",""1048100""]""",Org1MSP Org2MSP ,VALID,, 10001 10481,,WT,137,13455,0
2022-04-07T17:24:55.296Z,ecbe4e334139623a653bbd06681961370e9e94840c0b6b9e9acc5a06c2e231e4,Org1MSP,Func7,"[11"",""100"",""9216"",""100""]""",Org1MSP Org2MSP ,VALID, 11 9216, 11 9216,,UT,137,13484,0
2022-04-07T17:24:55.298Z,becb8aea79ccf424a6773da1845d3b42a3c33cbabaf05869aecf1c42ab5875ad,Org1MSP,Func4,"[18132"",""1813200"",""10000"",""1000000""]""",Org1MSP Org2MSP ,VALID,, 10000 18132,,WT,137,13465,0
2022-04-07T17:24:55.299Z,6893dd077aa5376217d0b7f38b5257d704b13aa63df13bf2237d5aca2ca487b4,Org1MSP,Func4,"[10000"",""1000000"",""10083"",""1008300""]""",Org1MSP Org2MSP ,VALID,, 10000 10083,,WT,137,13433,0
2022-04-07T17:24:55.389Z,21ed4e676510dc52a0bfc4f2ef89b912fd6972be134017d5febb77ebabbcccd1,Org1MSP,Func4,"[10170"",""1017000"",""10074"",""1007400""]""",Org1MSP Org2MSP ,VALID,, 10074 10170,,WT,137,13411,0
2022-04-07T17:24:55.389Z,37e8347cc5593c8d9aabfe43e4c9c4e2be6d003e1672313284ecd10885d31f4f,Org1MSP,Func4,"[10235"",""1023500"",""10000"",""1000000""]""",Org1MSP Org2MSP ,VALID,, 10000 10235,,WT,137,13421,0
2022-04-07T17:24:55.391Z,58bd11278d1ef1fabbcf67d9b8c741ab740ddcb7d0bc30fe7445705e83e23a5b,Org1MSP,Func1,"[2"",""1547""]""",Org1MSP Org2MSP ,VALID, 1547 2,,,RT,137,13430,0
2022-04-07T17:24:55.391Z,f25f6a6f7a4cc4a00ac19bb2256ec5c9beb3f114223c7254458bf122ed347d98,Org1MSP,Func4,"[10354"",""1035400"",""10007"",""1000700""]""",Org1MSP Org2MSP ,VALID,, 10007 10354,,WT,137,13490,0
2022-04-07T17:24:55.392Z,0c1f4dd0c9264a46c5b5c1a8881cad5792882129e5eb2dd0c86ef36ecf04cefc,Org1MSP,Func4,"[16268"",""1626800"",""11492"",""1149200""]""",Org1MSP Org2MSP ,VALID,, 11492 16268,,WT,137,13405,0
2022-04-07T17:24:55.393Z,ebc8ee991ef66d89ae84f169f6bcebde6a748fff07c9186ea55342a70506f808,Org1MSP,Func1,"[1"",""6""]""",Org1MSP Org2MSP ,VALID, 1 6,,,RT,137,13494,0
2022-04-07T17:24:55.394Z,ee36c49cb22e521366ccc9cc1ccab9b2d1900e09c3a2807b317780db2176aba9,Org1MSP,Func4,"[10055"",""1005500"",""10019"",""1001900""]""",Org1MSP Org2MSP ,VALID,, 10019 10055,,WT,137,13485,0
2022-04-07T17:24:55.396Z,9071860725d7e4dd94afba403ff7ebf6a8ac0c32fe7742954ec9590e9a06c514,Org1MSP,Func4,"[10070"",""1007000"",""19223"",""1922300""]""",Org1MSP Org2MSP ,VALID,, 10070 19223,,WT,137,13450,0
2022-04-07T17:24:55.489Z,2f3c1a1b3e9405c3a9a6dfe1d0ac5498d67feb0d8b8b0650886396291713b79b,Org1MSP,Func7,"[561"",""100"",""3427"",""100""]""",Org1MSP Org2MSP ,VALID, 3427 561, 3427 561,,UT,137,13418,0
2022-04-07T17:24:55.489Z,8bee77e3dd98c15425f09ecec1ade903ae8499d12c191c829dc34cfe54b4d917,Org1MSP,Func7,"[137"",""100"",""1816"",""100""]""",Org1MSP Org2MSP ,VALID, 137 1816, 137 1816,,UT,137,13447,0
2022-04-07T17:24:55.490Z,4513504e0aeefe5bedf4e0e23fd8128262f9e752ad13851e66962a026a5f646f,Org1MSP,Func4,"[10000"",""1000000"",""10764"",""1076400""]""",Org1MSP Org2MSP ,VALID,, 10000 10764,,WT,137,13425,0
2022-04-07T17:24:55.490Z,71e67b63736f11700a4ac8326f0769f8272567aa88b2fc0d82870900a5ced08a,Org1MSP,Func4,"[10021"",""1002100"",""10034"",""1003400""]""",Org1MSP Org2MSP ,VALID,, 10021 10034,,WT,137,13436,0
2022-04-07T17:24:55.492Z,323107746940a78777f657eb5d71839ea773fe4b31e916e3ad5a4c1ebe94432c,Org1MSP,Func1,"[3297"",""6131""]""",Org1MSP Org2MSP ,VALID, 3297 6131,,,RT,137,13419,0
2022-04-07T17:24:55.496Z,7a48cc9dc92b0d010b9315c2ad34095db3ca4e705cd0bfe9eabe230435785629,Org1MSP,Func4,"[10490"",""1049000"",""11128"",""1112800""]""",Org1MSP Org2MSP ,VALID,, 10490 11128,,WT,137,13441,0
2022-04-07T17:24:55.496Z,ea6edb88907c6277ad927297568bd568aeb7dffa41600af9f9031162c8f800e3,Org1MSP,Func4,"[10001"",""1000100"",""10005"",""1000500""]""",Org1MSP Org2MSP ,VALID,, 10001 10005,,WT,137,13483,0
2022-04-07T17:24:55.498Z,ba6c9755017d12fc08155d74099cf2d3a324543785eb0b2955195338f21556d3,Org1MSP,Func4,"[10008"",""1000800"",""10001"",""1000100""]""",Org1MSP Org2MSP ,VALID,, 10001 10008,,WT,137,13464,0
2022-04-07T17:24:55.498Z,e70f6ee0d868563d612f85337cfd13df79b05fb6386b5dcb0fb52af4e57ea2d8,Org1MSP,Func7,"[73"",""100"",""1268"",""100""]""",Org1MSP Org2MSP ,VALID, 1268 73, 1268 73,,UT,137,13482,0
2022-04-07T17:24:55.498Z,f18b145f4f5aab3a692d2e0905a7320e76a341e916fca71dcc4f4a51b69a6c7f,Org1MSP,Func4,"[10005"",""1000500"",""10328"",""1032800""]""",Org1MSP Org2MSP ,VALID,, 10005 10328,,WT,137,13488,0
2022-04-07T17:24:55.594Z,8790125de916d2d6209b6e3f2172f331cf9b7f6749bebdd5f72e3e51a9e7f630,Org1MSP,Func4,"[10000"",""1000000"",""11782"",""1178200""]""",Org1MSP Org2MSP ,VALID,, 10000 11782,,WT,137,13445,0
2022-04-07T17:24:55.595Z,0fcf808d09c135cb4abe01eb5e9b86aa87314d0332b82f88717ff5eacad24161,Org1MSP,Func7,"[44"",""100"",""1777"",""100""]""",Org1MSP Org2MSP ,VALID, 1777 44, 1777 44,,UT,137,13406,0
2022-04-07T17:24:55.598Z,74708d7d84bc1f1716167bdb2334d36a17be6364a6eb8539ed56c741a6bf6d00,Org1MSP,Func1,"[139"",""2436""]""",Org1MSP Org2MSP ,VALID, 139 2436,,,RT,137,13437,0
2022-04-07T17:24:55.600Z,dfd92034f56e4136bfb64d8fb40c1e390b55c28d3784ac66d3a9f3c7b66fd5c3,Org1MSP,Func4,"[12714"",""1271400"",""10000"",""1000000""]""",Org1MSP Org2MSP ,VALID,, 10000 12714,,WT,137,13478,0
2022-04-07T17:24:55.602Z,57cf576b257e0bd364c61cc147e7087cf8336196e5004bd73468c4b8f931cbaf,Org1MSP,Func4,"[10157"",""1015700"",""19868"",""1986800""]""",Org1MSP Org2MSP ,VALID,, 10157 19868,,WT,137,13429,0
2022-04-07T17:24:55.606Z,cd2131bfa242c9c4674a7ef1b424edc8ab0116c14d387511e4c5709f2255a214,Org1MSP,Func4,"[10845"",""1084500"",""13648"",""1364800""]""",Org1MSP Org2MSP ,VALID,, 10845 13648,,WT,137,13473,0
2022-04-07T17:24:55.609Z,27c2c5aa73f8f033e3b7a6ba17323ebd5f6fc2d7762aac3e742a12305aa6e22a,Org1MSP,Func4,"[10845"",""1084500"",""10010"",""1001000""]""",Org1MSP Org2MSP ,VALID,, 10010 10845,,WT,137,13414,0
2022-04-07T17:24:55.616Z,91840592ae61012b75cbfa7739910492d08ccf9ff78adc1056966561e7acc086,Org1MSP,Func1,"[279"",""39""]""",Org1MSP Org2MSP ,VALID, 279 39,,,RT,137,13451,0
2022-04-07T17:24:55.617Z,000ef9284bd272964f6d6cfb3f3c549773c9ac8133e9a0840179baa0c8167b91,Org1MSP,Func4,"[10001"",""1000100"",""10000"",""1000000""]""",Org1MSP Org2MSP ,VALID,, 10000 10001,,WT,137,13399,0
2022-04-07T17:24:55.632Z,79d8951941a330cf97968f09457c3201550de198033f922d86e368c732f50be7,Org1MSP,Func4,"[10161"",""1016100"",""10000"",""1000000""]""",Org1MSP Org2MSP ,VALID,, 10000 10161,,WT,137,13440,0
2022-04-07T17:24:55.688Z,650a75ef799dc7986668e2196c86f1851391147795308aeafad09485fe4d28ab,Org1MSP,Func7,"[1"",""100"",""998"",""100""]""",Org1MSP Org2MSP ,VALID, 1 998, 1 998,,UT,137,13497,0
2022-04-07T17:24:55.689Z,e3cde22440a2dc78fdbbc0a8cdd42550c2781664a7e52e53fbff2287be570923,Org1MSP,Func1,"[2177"",""1""]""",Org1MSP Org2MSP ,VALID, 1 2177,,,RT,137,13495,0
2022-04-07T17:24:55.690Z,98db74842e669c25925da26c5c43dde490032444b35122de053bf2781b036220,Org1MSP,Func1,"[20"",""206""]""",Org1MSP Org2MSP ,VALID, 20 206,,,RT,137,13454,0
2022-04-07T17:24:55.691Z,c6f3fbd6f3be778f68b240d2f953d4a4a61d8cf072cb22a0fe0c93a1dffab098,Org1MSP,Func1,"[5309"",""42""]""",Org1MSP Org2MSP ,VALID, 42 5309,,,RT,137,13470,0
2022-04-07T17:24:55.692Z,921bcdc72da61c6da82db73351f02b44e9796b61984711811628e5786410c56b,Org1MSP,Func4,"[10231"",""1023100"",""10817"",""1081700""]""",Org1MSP Org2MSP ,VALID,, 10231 10817,,WT,137,13452,0
2022-04-07T17:24:55.693Z,c3c83f93701074462cc398f8ff21ce8fcd1557b7e81fbf2962221f0acdf39584,Org1MSP,Func4,"[10182"",""1018200"",""10115"",""1011500""]""",Org1MSP Org2MSP ,VALID,, 10115 10182,,WT,137,13466,0
2022-04-07T17:24:55.695Z,7ee745609231f45626de5321f6c16a52a102d7f2a9666c10ed9e80002312421f,Org1MSP,Func1,"[302"",""8""]""",Org1MSP Org2MSP ,VALID, 302 8,,,RT,137,13443,0
2022-04-07T17:24:55.696Z,f09b3ea75b5ce46fa4b5698d4568e2012584900bcbe905262776ba11a0571eac,Org1MSP,Func4,"[10016"",""1001600"",""19662"",""1966200""]""",Org1MSP Org2MSP ,VALID,, 10016 19662,,WT,137,13486,0
2022-04-07T17:24:55.698Z,47d954aaf2a5b91bbad319f730c15c542b8d3496e34186ca62dfb7c2a3e8e05b,Org1MSP,Func1,"[4583"",""88""]""",Org1MSP Org2MSP ,VALID, 4583 88,,,RT,137,13427,0
2022-04-07T17:24:55.698Z,c4e37062a3534b328fdfe1a5f4940d24aa1c15ada780155f4c6132f0aa40f5dd,Org1MSP,Func1,"[8803"",""34""]""",Org1MSP Org2MSP ,VALID, 34 8803,,,RT,137,13468,0
2022-04-07T17:24:55.788Z,5331ab009838567492812df4dc180c044f0c5bb58f5b7cc27e615b49ccced6e7,Org1MSP,Func4,"[10000"",""1000000"",""10001"",""1000100""]""",Org1MSP Org2MSP ,VALID,, 10000 10001,,WT,138,13528,0
2022-04-07T17:24:55.789Z,0e4a9788bcc91efdd907755961173b930d09ea6bd3fe63704c6cb767c7e5e96f,Org1MSP,Func4,"[10001"",""1000100"",""10009"",""1000900""]""",Org1MSP Org2MSP ,VALID,, 10001 10009,,WT,138,13501,0
2022-04-07T17:24:55.790Z,9cb6262b95fccbd892f728af003faa215e8a1bc983f91710b57400af56d4fa39,Org1MSP,Func4,"[10000"",""1000000"",""10880"",""1088000""]""",Org1MSP Org2MSP ,VALID,, 10000 10880,,WT,138,13548,0
2022-04-07T17:24:55.791Z,a1ccdeb9c7c8c2a22ba19f0baad641cc3e19d7e41cc60c6b36be6e8384138575,Org1MSP,Func7,"[277"",""100"",""2655"",""100""]""",Org1MSP Org2MSP ,VALID, 2655 277, 2655 277,,UT,138,13550,0
2022-04-07T17:24:55.792Z,26489d162f03a5f3cb5ce1c40f9f013739db2b7584ebc50e6d55c80136df17e1,Org1MSP,Func1,"[625"",""40""]""",Org1MSP Org2MSP ,VALID, 40 625,,,RT,138,13512,0
2022-04-07T17:24:55.794Z,8f8f8e9c55d46c486df888a3f2fe81565bf224f76f137443a69b74d5df3c2feb,Org1MSP,Func1,"[3192"",""7""]""",Org1MSP Org2MSP ,VALID, 3192 7,,,RT,138,13543,0
2022-04-07T17:24:55.794Z,af1d42aea01db3308525f3c770fb669acffc60667e0a2cba10b56682b554714a,Org1MSP,Func4,"[10026"",""1002600"",""10018"",""1001800""]""",Org1MSP Org2MSP ,VALID,, 10018 10026,,WT,138,13556,0
2022-04-07T17:24:55.796Z,0c143f189d55d0a4ab772464eab4259c85df458dabbac112f75617a50ac6460b,Org1MSP,Func4,"[10319"",""1031900"",""10812"",""1081200""]""",Org1MSP Org2MSP ,VALID,, 10319 10812,,WT,138,13500,0
2022-04-07T17:24:55.798Z,b7aa4414c65de5e17e165791d0a8bf3399f7f448942fd3fdc5daa8c9f606d8ba,Org1MSP,Func7,"[2374"",""100"",""633"",""100""]""",Org1MSP Org2MSP ,VALID, 2374 633, 2374 633,,UT,138,13560,0
2022-04-07T17:24:55.799Z,c3ec397ed5cc49f1db7c8ee9c138b019a4166cd59ff9cf856794f2c94145400e,Org1MSP,Func4,"[10014"",""1001400"",""10001"",""1000100""]""",Org1MSP Org2MSP ,VALID,, 10001 10014,,WT,138,13566,0
2022-04-07T17:24:55.888Z,2c6f45ea54bff8bc36fba157dd6f1c72305c7d39afbe8186d4fb9f3096689231,Org1MSP,Func4,"[10004"",""1000400"",""10317"",""1031700""]""",Org1MSP Org2MSP ,VALID,, 10004 10317,,WT,138,13515,0
2022-04-07T17:24:55.890Z,4af0f4b8b8135361a4e50eef5dfec1f667390c3d463323bb98200c867419b10d,Org1MSP,Func1,"[12"",""321""]""",Org1MSP Org2MSP ,VALID, 12 321,,,RT,138,13527,0
2022-04-07T17:24:55.890Z,b7ede7d3dc0450f8acdceef268a30d33a739188d2cbea638a8d2d60b34f90b0c,Org1MSP,Func4,"[10071"",""1007100"",""10001"",""1000100""]""",Org1MSP Org2MSP ,VALID,, 10001 10071,,WT,138,13561,0
2022-04-07T17:24:55.891Z,ef475ba93d8df8a0b273a5e549ef431d90e38a2bb13bcaea2e4dd5b9f617617b,Org1MSP,Func4,"[10005"",""1000500"",""10000"",""1000000""]""",Org1MSP Org2MSP ,VALID,, 10000 10005,,WT,138,13582,0
2022-04-07T17:24:55.892Z,54fc73f6700b4de628a1663503b282502984c23b90557b2f3467134929df4f95,Org1MSP,Func7,"[83"",""100"",""39"",""100""]""",Org1MSP Org2MSP ,VALID, 39 83, 39 83,,UT,138,13592,0
2022-04-07T17:24:55.894Z,d4d314ab5c88de715a98baad83101788e840294bf57436a55de5bc768039419d,Org1MSP,Func1,"[87"",""312""]""",Org1MSP Org2MSP ,VALID, 312 87,,,RT,138,13571,0
2022-04-07T17:24:55.896Z,7fdee50820f058bdbe69d42c4d8376973c1743343ada9812800178ec645c92c8,Org1MSP,Func1,"[15"",""1""]""",Org1MSP Org2MSP ,VALID, 1 15,,,RT,138,13539,0
2022-04-07T17:24:55.898Z,74e6d72cb26cbecfa87357d70a3b04c5a130339bbc197cc83cd215b88aea3e6a,Org1MSP,Func4,"[11003"",""1100300"",""10002"",""1000200""]""",Org1MSP Org2MSP ,VALID,, 10002 11003,,WT,138,13536,0
2022-04-07T17:24:55.898Z,dd22937af6d3aabdcaafd4b1f8ecb7d3480ee90cac1f4d556cd38ae395fa22aa,Org1MSP,Func4,"[10000"",""1000000"",""15853"",""1585300""]""",Org1MSP Org2MSP ,VALID,, 10000 15853,,WT,138,13574,0
2022-04-07T17:24:55.899Z,d4ec278d2f788e77304e619bd133171ec07a0cd7ae57a53c7b04317f6fea9ed8,Org1MSP,Func4,"[15482"",""1548200"",""10016"",""1001600""]""",Org1MSP Org2MSP ,VALID,, 10016 15482,,WT,138,13572,0
2022-04-07T17:24:55.989Z,b90de14a4d29d368590c5671d4cd712b4dd9e7fd962330d4b7544315ca3dae2e,Org1MSP,Func1,"[4129"",""6""]""",Org1MSP Org2MSP ,VALID, 4129 6,,,RT,138,13562,0
2022-04-07T17:24:55.990Z,2c695f2146a925df5876a703b44314149b5721d05383d76240d67c1d1e6c11a1,Org1MSP,Func4,"[10017"",""1001700"",""12211"",""1221100""]""",Org1MSP Org2MSP ,VALID,, 10017 12211,,WT,138,13514,0
2022-04-07T17:24:55.992Z,30bce2f1fc1b21de6fb67bc6fb3a54ef96a2b4cb78377c1753765bb1ded3c8f2,Org1MSP,Func4,"[11391"",""1139100"",""19202"",""1920200""]""",Org1MSP Org2MSP ,VALID,, 11391 19202,,WT,138,13519,0
2022-04-07T17:24:55.992Z,e2adab38d4a3360b711be03a831181ffd0a6dee6e32fea713a415c5cff09211c,Org1MSP,Func4,"[10003"",""1000300"",""14271"",""1427100""]""",Org1MSP Org2MSP ,VALID,, 10003 14271,,WT,138,13576,0
2022-04-07T17:24:55.994Z,4a17037a56a68c30d19f4e16b1bca2f831a02abab4843a5821149211eab074aa,Org1MSP,Func7,"[35"",""100"",""387"",""100""]""",Org1MSP Org2MSP ,VALID, 35 387, 35 387,,UT,138,13526,0
2022-04-07T17:24:55.994Z,f939c22844dd88cae47982c4276d68750edb022bafdd544c940e2ac285003d9a,Org1MSP,Func1,"[4"",""11""]""",Org1MSP Org2MSP ,VALID, 11 4,,,RT,138,13586,0
2022-04-07T17:24:55.996Z,e189bb510800b242335f6b707f9f87bc5a8fb4992a09097c8f9ece3ae8d1f3bf,Org1MSP,Func4,"[10588"",""1058800"",""10002"",""1000200""]""",Org1MSP Org2MSP ,VALID,, 10002 10588,,WT,138,13575,0
2022-04-07T17:24:55.998Z,f85b9e4781ac7601fe34e019cb816c585574a6bd9a59426355117290e3980d6f,Org1MSP,Func4,"[10004"",""1000400"",""11120"",""1112000""]""",Org1MSP Org2MSP ,VALID,, 10004 11120,,WT,138,13585,0
2022-04-07T17:24:55.999Z,1bb532e32bab91f1a67500f060badab043ea14f8c189f0ff86863359d059bb51,Org1MSP,Func4,"[10000"",""1000000"",""11066"",""1106600""]""",Org1MSP Org2MSP ,VALID,, 10000 11066,,WT,138,13507,0
2022-04-07T17:24:56.090Z,12257d157dbf8e9c6a976e53992871061377fbcc00e273152422b3401d4e5d14,Org1MSP,Func4,"[10029"",""1002900"",""10002"",""1000200""]""",Org1MSP Org2MSP ,VALID,, 10002 10029,,WT,138,13504,0
2022-04-07T17:24:56.090Z,e581f8dd9ad1e5132e78ad0d10f4c5a6fa1b1aae423536bba6b0eddf99a47ed1,Org1MSP,Func1,"[2"",""628""]""",Org1MSP Org2MSP ,VALID, 2 628,,,RT,138,13577,0
2022-04-07T17:24:56.093Z,5c224abe42166f184b8d5ce3b6c23503f6488557c2b848aa7cf021ce0a217dff,Org1MSP,Func4,"[14328"",""1432800"",""10244"",""1024400""]""",Org1MSP Org2MSP ,VALID,, 10244 14328,,WT,138,13529,0
2022-04-07T17:24:56.095Z,c50f965b6aa0e0bf844f90ca1b37d07d3f830048ad3be351afd69c1e2d2d36aa,Org1MSP,Func4,"[10001"",""1000100"",""10015"",""1001500""]""",Org1MSP Org2MSP ,VALID,, 10001 10015,,WT,138,13567,0
2022-04-07T17:24:56.096Z,eb7956d83526b67e09587ffdb132607ea36d0d9c831199096745c91b4902bcbd,Org1MSP,Func4,"[10000"",""1000000"",""13622"",""1362200""]""",Org1MSP Org2MSP ,VALID,, 10000 13622,,WT,138,13580,0
2022-04-07T17:24:56.098Z,1ed582c82ef7a2650fda0fc132d6e7ade6ae61c516c7fc29209ebe69e33b4b41,Org1MSP,Func4,"[11715"",""1171500"",""10117"",""1011700""]""",Org1MSP Org2MSP ,VALID,, 10117 11715,,WT,138,13508,0
2022-04-07T17:24:56.098Z,230ee249e0c2d3e7f85800b66647b358361489436807e90dd838210461ad2a5d,Org1MSP,Func4,"[12476"",""1247600"",""10012"",""1001200""]""",Org1MSP Org2MSP ,VALID,, 10012 12476,,WT,138,13511,0
2022-04-07T17:24:56.098Z,3b08f8bf5d49f55927c4111ec7fb31d0b58a7bc657dc7551272c1a8713624ae3,Org1MSP,Func4,"[10000"",""1000000"",""12799"",""1279900""]""",Org1MSP Org2MSP ,VALID,, 10000 12799,,WT,138,13521,0
2022-04-07T17:24:56.098Z,7c4b47bba73b228ea37749dc7c5a43eb30186ec2dcaeab288984b0a39a22c1fe,Org1MSP,Func7,"[3"",""100"",""237"",""100""]""",Org1MSP Org2MSP ,VALID, 237 3, 237 3,,UT,138,13596,0
2022-04-07T17:24:56.189Z,6cc2700018b86c0bc59e2a63a7fd234fa11990aa92e50a8a69059b9114a7523a,Org1MSP,Func4,"[10000"",""1000000"",""11218"",""1121800""]""",Org1MSP Org2MSP ,VALID,, 10000 11218,,WT,138,13533,0
2022-04-07T17:24:56.190Z,0f95df6c2a7eff2698bb9fa580770566a3bb4effa0c2b24344305b715b2ac2e8,Org1MSP,Func1,"[15"",""769""]""",Org1MSP Org2MSP ,VALID, 15 769,,,RT,138,13503,0
2022-04-07T17:24:56.190Z,fdbfe2f23f646504d5047c36deae0ca551707fda87150879ac909554e78f2e01,Org1MSP,Func4,"[11036"",""1103600"",""10016"",""1001600""]""",Org1MSP Org2MSP ,VALID,, 10016 11036,,WT,138,13590,0
2022-04-07T17:24:56.192Z,2efcfb5338a9f3bdd78fa669a23a0b40507de0826f4bb860bd9cd954442f5083,Org1MSP,Func4,"[10423"",""1042300"",""10006"",""1000600""]""",Org1MSP Org2MSP ,VALID,, 10006 10423,,WT,138,13517,0
2022-04-07T17:24:56.193Z,a40a575ecf07d25c05b753dcf65589bef14fd7b3965d2ad520e8a343da95c509,Org1MSP,Func7,"[1373"",""100"",""2320"",""100""]""",Org1MSP Org2MSP ,VALID, 1373 2320, 1373 2320,,UT,138,13553,0
2022-04-07T17:24:56.194Z,449e62d2ca831f5aeeb210a901311180d97724759f80d1f581d89061d6b462cb,Org1MSP,Func1,"[3"",""179""]""",Org1MSP Org2MSP ,VALID, 179 3,,,RT,138,13523,0
2022-04-07T17:24:56.195Z,9711d1f217c43ad00639dd958f76f7e8ed17270fe5851e351ad3f315984bdea7,Org1MSP,Func1,"[4"",""40""]""",Org1MSP Org2MSP ,VALID, 4 40,,,RT,138,13546,0
2022-04-07T17:24:56.196Z,77fb4ed0b4d2ecec0a5144a14a806e03d33b0d8ab3ebb0174f83f2bd7c6e5893,Org1MSP,Func4,"[10002"",""1000200"",""10637"",""1063700""]""",Org1MSP Org2MSP ,VALID,, 10002 10637,,WT,138,13537,0
2022-04-07T17:24:56.198Z,063e3aafe32287ceee5240db174107aff25aab7fb73dee6ac28340015c86d3d9,Org1MSP,Func4,"[10236"",""1023600"",""10000"",""1000000""]""",Org1MSP Org2MSP ,VALID,, 10000 10236,,WT,138,13498,0
2022-04-07T17:24:56.198Z,48c948095671605c67828289d144ad3ca9ea3db2f3f32511fd39debad7920249,Org1MSP,Func4,"[10129"",""1012900"",""10047"",""1004700""]""",Org1MSP Org2MSP ,VALID,, 10047 10129,,WT,138,13525,0
2022-04-07T17:24:56.289Z,fa418c2dc63d7d1f3e753988927a485ba46236e6b3aa8af564d2518ee0caff9a,Org1MSP,Func4,"[10049"",""1004900"",""10077"",""1007700""]""",Org1MSP Org2MSP ,VALID,, 10049 10077,,WT,138,13587,0
2022-04-07T17:24:56.290Z,6bc196907b827b497f90b3878c22121553f18837093009ccde8abd73c1d06c0b,Org1MSP,Func4,"[10000"",""1000000"",""10136"",""1013600""]""",Org1MSP Org2MSP ,VALID,, 10000 10136,,WT,138,13532,0
2022-04-07T17:24:56.291Z,2c94133b684970e0764e022ca21f437eaa304667a2d2eced491233338fd7c0c5,Org1MSP,Func4,"[10035"",""1003500"",""12436"",""1243600""]""",Org1MSP Org2MSP ,VALID,, 10035 12436,,WT,138,13516,0
2022-04-07T17:24:56.291Z,a76034634f2e4ee53ebab1fe050b9ceca0fbbce2866ecdb59bb293a157470543,Org1MSP,Func4,"[10002"",""1000200"",""11034"",""1103400""]""",Org1MSP Org2MSP ,VALID,, 10002 11034,,WT,138,13554,0
2022-04-07T17:24:56.293Z,8522c4414ae36508f2ef3a8df3d1277a8717a51a037f108b793459e58dec961b,Org1MSP,Func4,"[10018"",""1001800"",""10000"",""1000000""]""",Org1MSP Org2MSP ,VALID,, 10000 10018,,WT,138,13541,0
2022-04-07T17:24:56.293Z,b16fdd66ac1d4e3fa1fa44ba26848ff715486400cff52b8cf472e0ec246637fd,Org1MSP,Func4,"[10000"",""1000000"",""10926"",""1092600""]""",Org1MSP Org2MSP ,VALID,, 10000 10926,,WT,138,13557,0
2022-04-07T17:24:56.295Z,fba5fafe734080dbe0d47987432530bcce78287bab23a66777d59fd1da5b628c,Org1MSP,Func4,"[10204"",""1020400"",""10146"",""1014600""]""",Org1MSP Org2MSP ,VALID,, 10146 10204,,WT,138,13589,0
2022-04-07T17:24:56.296Z,69cf3b65a8fa212af109c57c2446786dad51e235c24ce426f333c44e021ef75d,Org1MSP,Func7,"[4"",""100"",""754"",""100""]""",Org1MSP Org2MSP ,VALID, 4 754, 4 754,,UT,138,13595,0
2022-04-07T17:24:56.298Z,9230ab2a5418d8504626e86750143b0861e61baf6fe410df025673136aeff22a,Org1MSP,Func4,"[18140"",""1814000"",""10276"",""1027600""]""",Org1MSP Org2MSP ,VALID,, 10276 18140,,WT,138,13544,0
2022-04-07T17:24:56.298Z,f7261473d63a4f479621721b88cfad05784d04b91a67b3d129b24cef3773e795,Org1MSP,Func4,"[18955"",""1895500"",""10040"",""1004000""]""",Org1MSP Org2MSP ,VALID,, 10040 18955,,WT,138,13584,0
2022-04-07T17:24:56.388Z,602debf4bf591d26e79302a76c6f9aa46ac1087323567a47ff55041662969738,Org1MSP,Func4,"[10005"",""1000500"",""10004"",""1000400""]""",Org1MSP Org2MSP ,VALID,, 10004 10005,,WT,138,13530,0
2022-04-07T17:24:56.390Z,c3c1b7550b7e9096b7a19f424902278e276a3380853cdb0392d497c8ef5c3f20,Org1MSP,Func4,"[10000"",""1000000"",""10243"",""1024300""]""",Org1MSP Org2MSP ,VALID,, 10000 10243,,WT,138,13565,0
2022-04-07T17:24:56.394Z,0edf336d4da601da485bd13e67f77e3f03884da8eda4741742baad08284ec28f,Org1MSP,Func4,"[12564"",""1256400"",""10022"",""1002200""]""",Org1MSP Org2MSP ,VALID,, 10022 12564,,WT,138,13502,0
2022-04-07T17:24:56.395Z,47844437413b49153808e05fac014794a67815562e6a1dd9fd05f0171b928591,Org1MSP,Func7,"[6411"",""100"",""2963"",""100""]""",Org1MSP Org2MSP ,VALID, 2963 6411, 2963 6411,,UT,138,13524,0
2022-04-07T17:24:56.396Z,6b09f759ccf642cbed803ee394c460aa0c120a356585923d8f0c73c5f520772e,Org1MSP,Func7,"[3301"",""100"",""199"",""100""]""",Org1MSP Org2MSP ,VALID, 199 3301, 199 3301,,UT,138,13531,0
2022-04-07T17:24:56.396Z,84182c27da5f3b466ba1b386f062acf7b2d701d0aab72ddc1dc87bd2f8418d16,Org1MSP,Func4,"[10026"",""1002600"",""10091"",""1009100""]""",Org1MSP Org2MSP ,VALID,, 10026 10091,,WT,138,13540,0
2022-04-07T17:24:56.396Z,b7141674993aa64aaba0b9d67b2729cc5e4a3c719f3814b63ff55fc3da539ff2,Org1MSP,Func4,"[10000"",""1000000"",""10002"",""1000200""]""",Org1MSP Org2MSP ,VALID,, 10000 10002,,WT,138,13559,0
2022-04-07T17:24:56.397Z,e99498995df3ac6e7f740d4518610a654d06d9bd690c63b82406049c7bc3d319,Org1MSP,Func1,"[647"",""1565""]""",Org1MSP Org2MSP ,VALID, 1565 647,,,RT,138,13578,0
2022-04-07T17:24:56.398Z,17f000096f74d5ecfa0368a9a0b61b8b76dc6660a90f85a563913123107fba6a,Org1MSP,Func4,"[10477"",""1047700"",""10029"",""1002900""]""",Org1MSP Org2MSP ,VALID,, 10029 10477,,WT,138,13505,0
2022-04-07T17:24:56.400Z,997577134aae90e0daa67c8da0ee7b34f4b66b7b4d1f3ec6c10022355c948364,Org1MSP,Func4,"[17753"",""1775300"",""10056"",""1005600""]""",Org1MSP Org2MSP ,VALID,, 10056 17753,,WT,138,13547,0
2022-04-07T17:24:56.489Z,714e3ddd5a5024591cd1ecc109cd0bd731774503d0415d5f6b1628a022191fc7,Org1MSP,Func7,"[2279"",""100"",""3297"",""100""]""",Org1MSP Org2MSP ,VALID, 2279 3297, 2279 3297,,UT,138,13534,0
2022-04-07T17:24:56.489Z,a2e389276658379658b951467c259d395f07bac33fabc1fed6bae57f17c42909,Org1MSP,Func4,"[10005"",""1000500"",""10016"",""1001600""]""",Org1MSP Org2MSP ,VALID,, 10005 10016,,WT,138,13552,0
2022-04-07T17:24:56.490Z,a283cf57e40b8ce637e97ef83a5ef8c5fe3e6a18ac1841024b9c3dc319648aef,Org1MSP,Func4,"[10224"",""1022400"",""10250"",""1025000""]""",Org1MSP Org2MSP ,VALID,, 10224 10250,,WT,138,13551,0
2022-04-07T17:24:56.491Z,382df43ff24373099125d86c3c22b9e606b80f0b9c66a257a651d3e146c4e048,Org1MSP,Func1,"[245"",""72""]""",Org1MSP Org2MSP ,VALID, 245 72,,,RT,138,13520,0
2022-04-07T17:24:56.492Z,e9a17d6660f693caf7ba69b9ddb7758b4036613e9a56d197101effb67560d79b,Org1MSP,Func4,"[10010"",""1001000"",""10010"",""1001000""]""",Org1MSP Org2MSP ,VALID,, 10010,,WT,138,13579,0
2022-04-07T17:24:56.493Z,c5a94832580fad2f1a1ded6ed72106472990b96aa5eddd85c66bb446b61f6875,Org1MSP,Func4,"[10091"",""1009100"",""12236"",""1223600""]""",Org1MSP Org2MSP ,VALID,, 10091 12236,,WT,138,13568,0
2022-04-07T17:24:56.493Z,fb2fe06138a97ee6b03a72e309a7063f28b5e53ce845bf794c0651024cb4b9ab,Org1MSP,Func4,"[10041"",""1004100"",""10034"",""1003400""]""",Org1MSP Org2MSP ,VALID,, 10034 10041,,WT,138,13588,0
2022-04-07T17:24:56.497Z,21286356f0b4edda0671095c37bf58e4d7f34bcc6e0e36a2c2b973b06f354c36,Org1MSP,Func4,"[10051"",""1005100"",""10010"",""1001000""]""",Org1MSP Org2MSP ,VALID,, 10010 10051,,WT,138,13510,0
2022-04-07T17:24:56.498Z,3babefbecc8c535beac15e429e2c936846407334b19b3c22e85c268dcff56252,Org1MSP,Func1,"[54"",""6""]""",Org1MSP Org2MSP ,VALID, 54 6,,,RT,138,13522,0
2022-04-07T17:24:56.498Z,f2155b2be67b59a025020f4cd443b56a79158bc5091910a741c5ef9d2fcdd47c,Org1MSP,Func4,"[10003"",""1000300"",""10018"",""1001800""]""",Org1MSP Org2MSP ,VALID,, 10003 10018,,WT,138,13583,0
2022-04-07T17:24:56.589Z,73d01cd3d9da70583868ff8df364689f9856cca4a1773a8d005c1c36e54ed4e1,Org1MSP,Func1,"[1941"",""209""]""",Org1MSP Org2MSP ,VALID, 1941 209,,,RT,138,13535,0
2022-04-07T17:24:56.589Z,bbecd61b5b845fc0b1dcaf778231a6e250c23cd06a59872d34c1407ca792840e,Org1MSP,Func4,"[10000"",""1000000"",""10024"",""1002400""]""",Org1MSP Org2MSP ,VALID,, 10000 10024,,WT,138,13564,0
2022-04-07T17:24:56.590Z,e0ea66d279f089124dcc837f2579a844a0598caa5a78775cf30b4553953f94d9,Org1MSP,Func7,"[6"",""100"",""211"",""100""]""",Org1MSP Org2MSP ,VALID, 211 6, 211 6,,UT,138,13593,0
2022-04-07T17:24:56.593Z,a18a4c1f1e844539a360bc2d562b129cf0e6617561c9be9b759e592d7aba4890,Org1MSP,Func4,"[10006"",""1000600"",""16116"",""1611600""]""",Org1MSP Org2MSP ,VALID,, 10006 16116,,WT,138,13549,0
2022-04-07T17:24:56.594Z,30a755e58a50d24c30f3f98bcdc25789a4f5973dca6eed83bc917963d7b5a45e,Org1MSP,Func4,"[13352"",""1335200"",""11018"",""1101800""]""",Org1MSP Org2MSP ,VALID,, 11018 13352,,WT,138,13518,0
2022-04-07T17:24:56.594Z,b45ad6cb2dfb5182e48046ee538f5971ab8135fe614b17d4f2632335a6b4c8f0,Org1MSP,Func4,"[10055"",""1005500"",""10014"",""1001400""]""",Org1MSP Org2MSP ,VALID,, 10014 10055,,WT,138,13558,0
2022-04-07T17:24:56.594Z,cc835beee0cd30624ff241e3718f209af96657831ba44b06559cfd7febd254b6,Org1MSP,Func4,"[10000"",""1000000"",""10006"",""1000600""]""",Org1MSP Org2MSP ,VALID,, 10000 10006,,WT,138,13569,0
2022-04-07T17:24:56.597Z,863f61914e5eaa9205a0ec6cfd84f5b933f31cb518f53e7d618385e345561947,Org1MSP,Func4,"[10005"",""1000500"",""11050"",""1105000""]""",Org1MSP Org2MSP ,VALID,, 10005 11050,,WT,138,13542,0
2022-04-07T17:24:56.603Z,07d878208d449cc6d884951f4dee6439f318eddac329b3abb475adc26bf00db1,Org1MSP,Func4,"[12402"",""1240200"",""10000"",""1000000""]""",Org1MSP Org2MSP ,VALID,, 10000 12402,,WT,138,13499,0
2022-04-07T17:24:56.689Z,ac1d9efc0695075df02eb4e8207e4a720ade92f0314cdd968c93daf3467c9bd4,Org1MSP,Func4,"[10165"",""1016500"",""11170"",""1117000""]""",Org1MSP Org2MSP ,VALID,, 10165 11170,,WT,138,13555,0
2022-04-07T17:24:56.689Z,d6734a3bcf14dc2b5c4cf1dab4a8f995cba962e88c3b44e5867e1dc9df71f55a,Org1MSP,Func4,"[11694"",""1169400"",""10001"",""1000100""]""",Org1MSP Org2MSP ,VALID,, 10001 11694,,WT,138,13573,0
2022-04-07T17:24:56.689Z,4b7d579593ee480fe819fd51f4b69704cd6aae5bfa8bc396efc49cf9200a6e38,Org1MSP,Func1,"[2"",""237""]""",Org1MSP Org2MSP ,VALID, 2 237,,,RT,138,13594,0
2022-04-07T17:24:56.692Z,1ffe5a944f43c6862841cbf73cf5816224f6858234d9f9d7288cbe0f0b32b6a9,Org1MSP,Func4,"[17933"",""1793300"",""10000"",""1000000""]""",Org1MSP Org2MSP ,VALID,, 10000 17933,,WT,138,13509,0
2022-04-07T17:24:56.692Z,17f295ab475428cb039e08e73af61e6ae188a545a45626895c49c5ac50c265f7,Org1MSP,Func1,"[555"",""7""]""",Org1MSP Org2MSP ,VALID, 555 7,,,RT,138,13591,0
2022-04-07T17:24:56.693Z,eb8349b240ac6c2927434d8dc151893aceaad1144c8870589795c36c66d2b52e,Org1MSP,Func4,"[10017"",""1001700"",""10005"",""1000500""]""",Org1MSP Org2MSP ,VALID,, 10005 10017,,WT,138,13581,0
2022-04-07T17:24:56.694Z,78ca152907c8a8c3ec68e52aeafb217d0f9aa12c80a943244e8b49ee2124a7e1,Org1MSP,Func4,"[10000"",""1000000"",""10001"",""1000100""]""",Org1MSP Org2MSP ,VALID,, 10000 10001,,WT,138,13538,0
2022-04-07T17:24:56.697Z,bafb05f3ed5ded75a4c7eec4d70b00cc96e866addfbf7737d1bec2ba5112760a,Org1MSP,Func7,"[52"",""100"",""9441"",""100""]""",Org1MSP Org2MSP ,VALID, 52 9441, 52 9441,,UT,138,13563,0
2022-04-07T17:24:56.698Z,d4a791046fde3f115d752b9f1f78d0e88d8591cf5808d8236df890e22d643f71,Org1MSP,Func7,"[1697"",""100"",""5"",""100""]""",Org1MSP Org2MSP ,VALID, 1697 5, 1697 5,,UT,138,13570,0
2022-04-07T17:24:56.706Z,9366086ddb56e0972d20822f106dc6e33cba6a53523e44cfffb1e7259e35b96d,Org1MSP,Func1,"[39"",""7074""]""",Org1MSP Org2MSP ,VALID, 39 7074,,,RT,138,13545,0
2022-04-07T17:24:56.788Z,1b96fff93b2caaa959685b5687c4d894510256fce8b7a61b0cd482d186acd585,Org1MSP,Func4,"[10705"",""1070500"",""10002"",""1000200""]""",Org1MSP Org2MSP ,VALID,, 10002 10705,,WT,138,13506,0
2022-04-07T17:24:56.789Z,2aa6fbee9e5dc357cef9bb3dc0249786bba59f3c02589b53ec3c29c0d4d2366f,Org1MSP,Func4,"[10289"",""1028900"",""10012"",""1001200""]""",Org1MSP Org2MSP ,VALID,, 10012 10289,,WT,138,13513,0
2022-04-07T17:24:56.789Z,e353b7a53f4f50a323e424e616e46aa1b2c419002017b0cb7c20c7b582cb0032,Org1MSP,Func1,"[26"",""6""]""",Org1MSP Org2MSP ,VALID, 26 6,,,RT,139,13681,0
2022-04-07T17:24:56.791Z,e8c17445aa6c633e1f03683afd2f6d1c9fc05466dbbccaf3a192c41cffe17cf4,Org1MSP,Func4,"[19069"",""1906900"",""10040"",""1004000""]""",Org1MSP Org2MSP ,VALID,, 10040 19069,,WT,139,13685,0
2022-04-07T17:24:56.793Z,e894df5669fc9b3f85b31f25febbad9e8b4af1c04320b7b2371655e6a1f002db,Org1MSP,Func4,"[10393"",""1039300"",""10006"",""1000600""]""",Org1MSP Org2MSP ,VALID,, 10006 10393,,WT,139,13683,0
2022-04-07T17:24:56.794Z,8ce148dfa88b8b6c4daa6d607f72e75c9032b78b2a171f1d2c7b0fae2ef807f9,Org1MSP,Func4,"[10019"",""1001900"",""10717"",""1071700""]""",Org1MSP Org2MSP ,VALID,, 10019 10717,,WT,139,13645,0
2022-04-07T17:24:56.795Z,3efe17ce4dcc6e70b0528499d24f12776ad47322390bd639a8569c215fc67a43,Org1MSP,Func4,"[10009"",""1000900"",""10000"",""1000000""]""",Org1MSP Org2MSP ,VALID,, 10000 10009,,WT,139,13615,0
2022-04-07T17:24:56.796Z,9b5821deeea4ce5dd2cd7b0971cf9b5d279f3902e5b1ea5b49371120866af97c,Org1MSP,Func1,"[2"",""9102""]""",Org1MSP Org2MSP ,VALID, 2 9102,,,RT,139,13647,0
2022-04-07T17:24:56.798Z,f7871c952c6f169e9ba4862250592189564896fd705f8f5cc8df03f29c7df90b,Org1MSP,Func4,"[10011"",""1001100"",""10083"",""1008300""]""",Org1MSP Org2MSP ,VALID,, 10011 10083,,WT,139,13691,0
2022-04-07T17:24:56.798Z,0542b01b42aa8aa28fc6672ef86f7465ff334cef80008604d46e28122b48b19a,Org1MSP,Func7,"[48"",""100"",""1"",""100""]""",Org1MSP Org2MSP ,VALID, 1 48, 1 48,,UT,139,13700,0
2022-04-07T17:24:56.889Z,8469a90778e352bcd0415df2836c705b1c0c25ad0d38e7c425bf6de6a4254979,Org1MSP,Func7,"[10"",""100"",""265"",""100""]""",Org1MSP Org2MSP ,VALID, 10 265, 10 265,,UT,139,13639,0
2022-04-07T17:24:56.889Z,dfe11f7345c6c66255800e66e3ef95975255f9d67867d5361f1352838ea382e7,Org1MSP,Func4,"[10000"",""1000000"",""12280"",""1228000""]""",Org1MSP Org2MSP ,VALID,, 10000 12280,,WT,139,13679,0
2022-04-07T17:24:56.889Z,edb073806bb129e37d1255c9c0d6524ea100c7e3bac89fd4d51a0e8f08fa48c8,Org1MSP,Func1,"[32"",""7996""]""",Org1MSP Org2MSP ,VALID, 32 7996,,,RT,139,13688,0
2022-04-07T17:24:56.891Z,f5078554dc03d027f41ccdfc95d91ac0c8e027b30a24a3d94056c9cfa8a831e9,Org1MSP,Func4,"[10004"",""1000400"",""10000"",""1000000""]""",Org1MSP Org2MSP ,VALID,, 10000 10004,,WT,139,13689,0
2022-04-07T17:24:56.892Z,6d0810132b71287b3b27e77065caaacb0afd165aea692cae4d647174f66e9553,Org1MSP,Func4,"[10000"",""1000000"",""10686"",""1068600""]""",Org1MSP Org2MSP ,VALID,, 10000 10686,,WT,139,13632,0
2022-04-07T17:24:56.892Z,f5570fe7c2b0347252df31d70216b391790617fde027755719d79e26053778ae,Org1MSP,Func7,"[2"",""100"",""2131"",""100""]""",Org1MSP Org2MSP ,VALID, 2 2131, 2 2131,,UT,139,13694,0
2022-04-07T17:24:56.894Z,294dbdd6d15d0d7f1b234dec2b6be8f261cd36c58b28768011cce5e77043ba51,Org1MSP,Func4,"[10000"",""1000000"",""10000"",""1000000""]""",Org1MSP Org2MSP ,VALID,, 10000,,WT,139,13610,0
2022-04-07T17:24:56.897Z,5676926f8aa3001687ea608ea81864bbff07b75738dd26cdf511f7953c6bf465,Org1MSP,Func4,"[11114"",""1111400"",""10076"",""1007600""]""",Org1MSP Org2MSP ,VALID,, 10076 11114,,WT,139,13625,0
2022-04-07T17:24:56.897Z,9fc02abd899d8e98253017a5a2c0b93a03a7f2aa2e79d49fb7e8dfb4759b830a,Org1MSP,Func4,"[10084"",""1008400"",""10001"",""1000100""]""",Org1MSP Org2MSP ,VALID,, 10001 10084,,WT,139,13650,0
2022-04-07T17:24:56.898Z,8aa11711194ba8688a6b8ef39ec3ccf20a4b0e36c141586bfed8724103fb4c02,Org1MSP,Func4,"[10015"",""1001500"",""10067"",""1006700""]""",Org1MSP Org2MSP ,VALID,, 10015 10067,,WT,139,13644,0
2022-04-07T17:24:56.989Z,14f11d01fdbe0aac0bcaff5561ec049ef529abd3402e0d2630656b98accf8818,Org1MSP,Func4,"[10473"",""1047300"",""10103"",""1010300""]""",Org1MSP Org2MSP ,VALID,, 10103 10473,,WT,139,13604,0
2022-04-07T17:24:56.989Z,85e7f5eba8b86cea9a03a5a5dc5e700111e5a23360254f47957388173305894d,Org1MSP,Func1,"[3048"",""45""]""",Org1MSP Org2MSP ,VALID, 3048 45,,,RT,139,13641,0
2022-04-07T17:24:56.989Z,9cbf5bf077c88fe3e8f36963cf22a51222231ae48c318544634a2fc27f8c7970,Org1MSP,Func4,"[10002"",""1000200"",""10000"",""1000000""]""",Org1MSP Org2MSP ,VALID,, 10000 10002,,WT,139,13648,0
2022-04-07T17:24:56.990Z,32a7f42ba20479f90a72b3caeff1aed90a007dbaf1b9698d1503004fc0b08e06,Org1MSP,Func7,"[20"",""100"",""16"",""100""]""",Org1MSP Org2MSP ,VALID, 16 20, 16 20,,UT,139,13699,0
2022-04-07T17:24:56.992Z,9d73ddc8690ba40c075dc50406d28f9c1dbde1377290bc3761398d49d556c08d,Org1MSP,Func1,"[3"",""461""]""",Org1MSP Org2MSP ,VALID, 3 461,,,RT,139,13649,0
2022-04-07T17:24:56.994Z,00c577d2dad850850938dcedad793f8ec094cdd42a2cdac014b422a50c7c44b3,Org1MSP,Func7,"[110"",""100"",""885"",""100""]""",Org1MSP Org2MSP ,VALID, 110 885, 110 885,,UT,139,13598,0
2022-04-07T17:24:56.995Z,ae1ac35420191d589ddeb469b4d316af9e18cb87bf1cd03bb7e61fa4643cd10c,Org1MSP,Func4,"[10923"",""1092300"",""12160"",""1216000""]""",Org1MSP Org2MSP ,VALID,, 10923 12160,,WT,139,13658,0
2022-04-07T17:24:56.996Z,7f3085434a07401b826b6d2173ec5e7806e47ee3e87095f1682cc80a749fc7b8,Org1MSP,Func1,"[2"",""40""]""",Org1MSP Org2MSP ,VALID, 2 40,,,RT,139,13637,0
2022-04-07T17:24:56.997Z,c523f8d85b10c7f1f95a2804aeb5039b3c495a3c22861530f9c6838687f32e60,Org1MSP,Func4,"[10010"",""1001000"",""10128"",""1012800""]""",Org1MSP Org2MSP ,VALID,, 10010 10128,,WT,139,13668,0
2022-04-07T17:24:56.998Z,70f723d3cba145091d58dc0e862d27022050cfc6d031db05faa09d3cccad8ac0,Org1MSP,Func7,"[133"",""100"",""55"",""100""]""",Org1MSP Org2MSP ,VALID, 133 55, 133 55,,UT,139,13697,0
2022-04-07T17:24:57.089Z,c1319224f57b87e82da1d099188afde74c2c52138dbcee3691721cf3700e67c2,Org1MSP,Func4,"[10000"",""1000000"",""10014"",""1001400""]""",Org1MSP Org2MSP ,VALID,, 10000 10014,,WT,139,13667,0
2022-04-07T17:24:57.090Z,3e0800937026fbd16ff03e6263a84559e5effc851ed5390c93648b6c7224b249,Org1MSP,Func4,"[10223"",""1022300"",""12215"",""1221500""]""",Org1MSP Org2MSP ,VALID,, 10223 12215,,WT,139,13614,0
2022-04-07T17:24:57.090Z,6a87aad2d0ccceba6fa801a9401f51b62a48094099988247135c4f21508ce8fb,Org1MSP,Func4,"[10005"",""1000500"",""10007"",""1000700""]""",Org1MSP Org2MSP ,VALID,, 10005 10007,,WT,139,13631,0
2022-04-07T17:24:57.091Z,2dd2c76c7203bcdce293443614995f1cc60701527507f02cc7b1b639ef4d27ff,Org1MSP,Func4,"[10390"",""1039000"",""11075"",""1107500""]""",Org1MSP Org2MSP ,VALID,, 10390 11075,,WT,139,13613,0
2022-04-07T17:24:57.092Z,0dca0fbb712174a7233a4ad69e40e551a8d02a74550114013e1a0784bc94bc92,Org1MSP,Func4,"[10004"",""1000400"",""12438"",""1243800""]""",Org1MSP Org2MSP ,VALID,, 10004 12438,,WT,139,13602,0
2022-04-07T17:24:57.092Z,ce7ff8f51f7f46db7982abc62fbf5d9228af0d3552660cff8e806602e6e8596c,Org1MSP,Func4,"[10850"",""1085000"",""10002"",""1000200""]""",Org1MSP Org2MSP ,VALID,, 10002 10850,,WT,139,13672,0
2022-04-07T17:24:57.094Z,10214e5f39477841d6ea9e29a877c1c1ac5443a9453dd4a699436a1a1f94509b,Org1MSP,Func4,"[10214"",""1021400"",""15219"",""1521900""]""",Org1MSP Org2MSP ,VALID,, 10214 15219,,WT,139,13603,0
2022-04-07T17:24:57.096Z,de1cbf87ce315994919a89fef66e084254f6ece4d10a950df6da480a21703b49,Org1MSP,Func4,"[10075"",""1007500"",""10139"",""1013900""]""",Org1MSP Org2MSP ,VALID,, 10075 10139,,WT,139,13678,0
2022-04-07T17:24:57.098Z,580dfef227bb019958e8b82c0808c5d9395dbb464595e54b71cd8e63b9bdacd0,Org1MSP,Func4,"[10118"",""1011800"",""11033"",""1103300""]""",Org1MSP Org2MSP ,VALID,, 10118 11033,,WT,139,13626,0
2022-04-07T17:24:57.098Z,660a7d2e13aaf7f9e960c8dca6a6ebeef25f2cf33639d1c0f281f980ed7e23ae,Org1MSP,Func4,"[10004"",""1000400"",""10005"",""1000500""]""",Org1MSP Org2MSP ,VALID,, 10004 10005,,WT,139,13630,0
2022-04-07T17:24:57.189Z,4244e67fdc5cd47961892606419757e8dfca76b7f750648b0e9b4a256a06088f,Org1MSP,Func1,"[34"",""7036""]""",Org1MSP Org2MSP ,VALID, 34 7036,,,RT,139,13617,0
2022-04-07T17:24:57.189Z,4812dcc6e3694d94265bb032b557d4753156e5b514ecce5b8947d317a336e1bb,Org1MSP,Func1,"[1221"",""272""]""",Org1MSP Org2MSP ,VALID, 1221 272,,,RT,139,13620,0
2022-04-07T17:24:57.190Z,ff0e73b970009c5351e98293baa246383614178d67890b7fc9143aefa0a82c04,Org1MSP,Func4,"[10041"",""1004100"",""11777"",""1177700""]""",Org1MSP Org2MSP ,VALID,, 10041 11777,,WT,139,13693,0
2022-04-07T17:24:57.194Z,8602664f46e725bac75398bf5a02b986fa66e5025f07dc45a886d38202a31c09,Org1MSP,Func4,"[10006"",""1000600"",""10499"",""1049900""]""",Org1MSP Org2MSP ,VALID,, 10006 10499,,WT,139,13642,0
2022-04-07T17:24:57.194Z,d66dbc465c8a304d63482cfbb0004cc62640701a2543fbac6adf8980648b1ab8,Org1MSP,Func1,"[339"",""444""]""",Org1MSP Org2MSP ,VALID, 339 444,,,RT,139,13676,0
2022-04-07T17:24:57.195Z,03cf26d1ad983b00808cfd05d1983c6e7de7d9f2efd6cb03f111859dde251bc7,Org1MSP,Func4,"[10000"",""1000000"",""10045"",""1004500""]""",Org1MSP Org2MSP ,VALID,, 10000 10045,,WT,139,13599,0
2022-04-07T17:24:57.195Z,ea1e0a90fc81422b0518d1309f7ac0f5509f92eaa3c36aefd428577b8af78a52,Org1MSP,Func4,"[10004"",""1000400"",""11222"",""1122200""]""",Org1MSP Org2MSP ,VALID,, 10004 11222,,WT,139,13686,0
2022-04-07T17:24:57.196Z,d7861601b8e6f4b94a47792a9586cf0797b6edd66e90496bd9077325d4aeff4e,Org1MSP,Func4,"[13359"",""1335900"",""10002"",""1000200""]""",Org1MSP Org2MSP ,VALID,, 10002 13359,,WT,139,13677,0
2022-04-07T17:24:57.197Z,b5f1114f9acce853f0106a5a4d9e90015b7ee7e019ed0c4d7a7ecb3af4096eb1,Org1MSP,Func4,"[10012"",""1001200"",""10002"",""1000200""]""",Org1MSP Org2MSP ,VALID,, 10002 10012,,WT,139,13662,0
2022-04-07T17:24:57.200Z,b35e7cfb5dab5fd1a300cd1a4dffef495543b758aab5c6d834d49dbd0f7598e6,Org1MSP,Func4,"[10000"",""1000000"",""10138"",""1013800""]""",Org1MSP Org2MSP ,VALID,, 10000 10138,,WT,139,13661,0
2022-04-07T17:24:57.290Z,195802a040d0bdcb348ce5ba6188c945545df5fb26272081df604ca294de653e,Org1MSP,Func4,"[11755"",""1175500"",""15789"",""1578900""]""",Org1MSP Org2MSP ,VALID,, 11755 15789,,WT,139,13606,0
2022-04-07T17:24:57.290Z,b7b5df00fd4283b60ee02119d54af8ba4d67d7762de28c08fba2ff13778533e8,Org1MSP,Func4,"[10017"",""1001700"",""10004"",""1000400""]""",Org1MSP Org2MSP ,VALID,, 10004 10017,,WT,139,13663,0
2022-04-07T17:24:57.291Z,4e76ec4a0a06ae82244c162a628d1faaa7f3f1a118963c4253855798f7c99e26,Org1MSP,Func7,"[85"",""100"",""82"",""100""]""",Org1MSP Org2MSP ,VALID, 82 85, 82 85,,UT,139,13622,0
2022-04-07T17:24:57.292Z,58181d4cefb78f10ea01cb7dae2defa46a204434b0689afea086fb11484d8d41,Org1MSP,Func1,"[5"",""1""]""",Org1MSP Org2MSP ,VALID, 1 5,,,RT,139,13627,0
2022-04-07T17:24:57.294Z,7ec9e2f7b619782800a13287a48e29ed8f96e86b8584c877b435806542269abc,Org1MSP,Func4,"[10353"",""1035300"",""10077"",""1007700""]""",Org1MSP Org2MSP ,VALID,, 10077 10353,,WT,139,13636,0
2022-04-07T17:24:57.295Z,2762c48807a7f4736885b5e279de6ce0c07cdaa11b1041a62fce446f718ce7ec,Org1MSP,Func4,"[10025"",""1002500"",""10100"",""1010000""]""",Org1MSP Org2MSP ,VALID,, 10025 10100,,WT,139,13608,0
2022-04-07T17:24:57.295Z,d3b542c7c6113010032e33ae583ca1100542353624b9e0d2702df4b99e352b53,Org1MSP,Func7,"[14"",""100"",""3110"",""100""]""",Org1MSP Org2MSP ,VALID, 14 3110, 14 3110,,UT,139,13674,0
2022-04-07T17:24:57.296Z,2c01302d384f3006afd99d0f52ef2edb029e58133c7872c87dfef0d2105eef91,Org1MSP,Func1,"[2415"",""6""]""",Org1MSP Org2MSP ,VALID, 2415 6,,,RT,139,13698,0
2022-04-07T17:24:57.298Z,0696c4bbf5aab86c68ce08475cb7bc2820c27f10e8006b099b98ea97d3083873,Org1MSP,Func1,"[100"",""8339""]""",Org1MSP Org2MSP ,VALID, 100 8339,,,RT,139,13601,0
2022-04-07T17:24:57.388Z,4739eb64a621d35c31cd4828b91aa192e471b6c1543643c89b50b8523ee14137,Org1MSP,Func4,"[10005"",""1000500"",""10000"",""1000000""]""",Org1MSP Org2MSP ,VALID,, 10000 10005,,WT,139,13619,0
2022-04-07T17:24:57.389Z,d5be4fbfb5ac9963d4207248604e4bc6bda9bf468475005bea20071ec39bfcb3,Org1MSP,Func7,"[8762"",""100"",""166"",""100""]""",Org1MSP Org2MSP ,VALID, 166 8762, 166 8762,,UT,139,13675,0
2022-04-07T17:24:57.389Z,f5eaefde817c48663e3ac8f056eb47b2be42d2104e8139ac1e70e0f749a88276,Org1MSP,Func1,"[17"",""96""]""",Org1MSP Org2MSP ,VALID, 17 96,,,RT,139,13690,0
2022-04-07T17:24:57.390Z,c7926f893adbed7bc552a733e8c2ea863569dbe5b1580424aa3b99d8070e0934,Org1MSP,Func4,"[10000"",""1000000"",""10044"",""1004400""]""",Org1MSP Org2MSP ,VALID,, 10000 10044,,WT,139,13670,0
2022-04-07T17:24:57.392Z,846b9050061a931555b28dd5b08f365f028223a07901fb1c280f32edc0db9be6,Org1MSP,Func4,"[10601"",""1060100"",""10035"",""1003500""]""",Org1MSP Org2MSP ,VALID,, 10035 10601,,WT,139,13640,0
2022-04-07T17:24:57.394Z,8691222c58e27cb9d0ddab2b31af21730bfee5a77fd1eb1ef7a177cbbb4112a7,Org1MSP,Func4,"[10045"",""1004500"",""10000"",""1000000""]""",Org1MSP Org2MSP ,VALID,, 10000 10045,,WT,139,13643,0
2022-04-07T17:24:57.395Z,c5a72ecfad4204af24a150514267b3d4999f981301d23e15e496eaa7eac19f63,Org1MSP,Func1,"[50"",""26""]""",Org1MSP Org2MSP ,VALID, 26 50,,,RT,139,13669,0
2022-04-07T17:24:57.396Z,a921dc337178961784ee2d687cc4be79e2e118ca66ea6ec126f346653b09593a,Org1MSP,Func1,"[4"",""823""]""",Org1MSP Org2MSP ,VALID, 4 823,,,RT,139,13655,0
2022-04-07T17:24:57.397Z,007fff1da1f723917b540b5b42d1eaadeb2444e6aac9c85285233784d239a1db,Org1MSP,Func4,"[10066"",""1006600"",""10093"",""1009300""]""",Org1MSP Org2MSP ,VALID,, 10066 10093,,WT,139,13597,0
2022-04-07T17:24:57.400Z,837a559fdff6ebe5c9a8abb26e1e7638c62f15cf6c48e2c050b33428c7848a6a,Org1MSP,Func4,"[10002"",""1000200"",""10002"",""1000200""]""",Org1MSP Org2MSP ,VALID,, 10002,,WT,139,13638,0
2022-04-07T17:24:57.489Z,c03de2212d1287cb44de05d7e382494787e7f3619fbb8755446ac4d81ca64373,Org1MSP,Func4,"[10000"",""1000000"",""10000"",""1000000""]""",Org1MSP Org2MSP ,VALID,, 10000,,WT,139,13666,0
2022-04-07T17:24:57.489Z,eaa458180f98c50f2051eeeac21bf12e8c7d5b1e21923e7f900357ed65982ab0,Org1MSP,Func1,"[3"",""1""]""",Org1MSP Org2MSP ,VALID, 1 3,,,RT,139,13695,0
2022-04-07T17:24:57.491Z,771ce3f2b13b7c05906ad23204aefe52080b2eb81f62db1aea6f1515db5b3ae2,Org1MSP,Func4,"[13937"",""1393700"",""10000"",""1000000""]""",Org1MSP Org2MSP ,VALID,, 10000 13937,,WT,139,13633,0
2022-04-07T17:24:57.492Z,fc448ec7082befedae2f3f2ff162666058ce450c0903b22a0bda3ae03f65c3ff,Org1MSP,Func1,"[5"",""3031""]""",Org1MSP Org2MSP ,VALID, 3031 5,,,RT,139,13692,0
2022-04-07T17:24:57.494Z,ad3084b9ba146e34121db113144ce998303a2d43264018712218d64ffdbd941a,Org1MSP,Func4,"[10659"",""1065900"",""11697"",""1169700""]""",Org1MSP Org2MSP ,VALID,, 10659 11697,,WT,139,13657,0
2022-04-07T17:24:57.496Z,e3383d246cdaf50c30c24645c07744f9fc4f82299166aac091915c098f35c5c2,Org1MSP,Func4,"[10102"",""1010200"",""10028"",""1002800""]""",Org1MSP Org2MSP ,VALID,, 10028 10102,,WT,139,13680,0
2022-04-07T17:24:57.497Z,4f77e87de876aa80f9ef150f77c2aa3c541152ad60e71e899d001a4b97a81d6a,Org1MSP,Func4,"[10040"",""1004000"",""10324"",""1032400""]""",Org1MSP Org2MSP ,VALID,, 10040 10324,,WT,139,13623,0
2022-04-07T17:24:57.498Z,a2bf511e171a15dbd5cacb9eee7eb5524ee8aee465ec76903f868f2ebd760e07,Org1MSP,Func1,"[3"",""6462""]""",Org1MSP Org2MSP ,VALID, 3 6462,,,RT,139,13696,0
2022-04-07T17:24:57.590Z,2b1c5ae1b3711ac6edf71af246bdc812088c18602682d7b1a0f6ac9582fb947a,Org1MSP,Func4,"[10266"",""1026600"",""14740"",""1474000""]""",Org1MSP Org2MSP ,VALID,, 10266 14740,,WT,139,13611,0
2022-04-07T17:24:57.590Z,41607d906fb468ccf3b9f88b24b3929617da338c964422960640de69af77f55b,Org1MSP,Func7,"[115"",""100"",""1450"",""100""]""",Org1MSP Org2MSP ,VALID, 115 1450, 115 1450,,UT,139,13616,0
2022-04-07T17:24:57.591Z,450cc6707e9c5255d313afe6b64b487bad4239bda4266fed0b0b86c241b527fc,Org1MSP,Func7,"[501"",""100"",""70"",""100""]""",Org1MSP Org2MSP ,VALID, 501 70, 501 70,,UT,139,13618,0
2022-04-07T17:24:57.592Z,042a6194a0b664a9cbc53fae796f2c49de428270d2f80d62d0eaf6fd57602b99,Org1MSP,Func1,"[1"",""29""]""",Org1MSP Org2MSP ,VALID, 1 29,,,RT,139,13600,0
2022-04-07T17:24:57.593Z,a5a6b2360818f2fe1c493329f85ab6420d40f97652c40ccc0a4060b917c750dc,Org1MSP,Func4,"[10020"",""1002000"",""19592"",""1959200""]""",Org1MSP Org2MSP ,VALID,, 10020 19592,,WT,139,13653,0
2022-04-07T17:24:57.594Z,a6ff04db71ce136754184f51ff0d533d898dc053ae4289836d1168a851544037,Org1MSP,Func1,"[424"",""8603""]""",Org1MSP Org2MSP ,VALID, 424 8603,,,RT,139,13654,0
2022-04-07T17:24:57.596Z,96e2626d2568f2581d324dd6480a851d953bef1f01ca1a5514a9ea541ef0729a,Org1MSP,Func4,"[10000"",""1000000"",""10101"",""1010100""]""",Org1MSP Org2MSP ,VALID,, 10000 10101,,WT,139,13646,0
2022-04-07T17:24:57.597Z,51bca6da256a4f108cfc7dff56069421c9fba9c496c3b9eea486ce1eb070ea61,Org1MSP,Func4,"[10023"",""1002300"",""10000"",""1000000""]""",Org1MSP Org2MSP ,VALID,, 10000 10023,,WT,139,13624,0
2022-04-07T17:24:57.598Z,7c5fb3ee92de8a46dab0f1956000f8bd8a3edcb3ed33839034fbbcdcbdd444aa,Org1MSP,Func1,"[965"",""4""]""",Org1MSP Org2MSP ,VALID, 4 965,,,RT,139,13635,0
2022-04-07T17:24:57.599Z,2b59cff778f6333549665fd0cfa21352e6c22002ed4481dcc9a42af5b3aaf0ad,Org1MSP,Func4,"[10353"",""1035300"",""10298"",""1029800""]""",Org1MSP Org2MSP ,VALID,, 10298 10353,,WT,139,13612,0
2022-04-07T17:24:57.689Z,af6883b7121a642530d01a8bd3fab82305b058aee3f5ecf30bc25729cdfb913b,Org1MSP,Func4,"[10007"",""1000700"",""10000"",""1000000""]""",Org1MSP Org2MSP ,VALID,, 10000 10007,,WT,139,13659,0
2022-04-07T17:24:57.689Z,d20729f4172b8b4bf2b0614c8b567d5fb102609d20b55e36456d19476eddd2a4,Org1MSP,Func7,"[997"",""100"",""3880"",""100""]""",Org1MSP Org2MSP ,VALID, 3880 997, 3880 997,,UT,139,13673,0
2022-04-07T17:24:57.692Z,4cff42109d0e306adb9aca8c7575f3c603c7d5a423d6cc293e7131bf06b1eaea,Org1MSP,Func4,"[12118"",""1211800"",""14529"",""1452900""]""",Org1MSP Org2MSP ,VALID,, 12118 14529,,WT,139,13621,0
2022-04-07T17:24:57.694Z,b082e2d6c6847f61cc31c1bcefa92cb5d4add1c0c8d5d24e0e842676f84064fc,Org1MSP,Func1,"[3055"",""60""]""",Org1MSP Org2MSP ,VALID, 3055 60,,,RT,139,13660,0
2022-04-07T17:24:57.697Z,ad12a88d8805573a9a96a723cac83ce9fb12623b63f4bafe9149fafe5b84491e,Org1MSP,Func4,"[12706"",""1270600"",""10891"",""1089100""]""",Org1MSP Org2MSP ,VALID,, 10891 12706,,WT,139,13656,0
2022-04-07T17:24:57.698Z,7b65ba7c782fa6243d021002c4da4c1b03a38f69c4388e9cee385c04e1a640d9,Org1MSP,Func4,"[13816"",""1381600"",""10130"",""1013000""]""",Org1MSP Org2MSP ,VALID,, 10130 13816,,WT,139,13634,0
2022-04-07T17:24:57.698Z,e89d658264b8b12849a20586d231fbe8335be4952a6ea68bad9a3e683d1141f0,Org1MSP,Func4,"[10000"",""1000000"",""10031"",""1003100""]""",Org1MSP Org2MSP ,VALID,, 10000 10031,,WT,139,13684,0
2022-04-07T17:24:57.699Z,e4742af53f8c20006b13aafe52edde9ea2aa501be055be8309c863799e553c30,Org1MSP,Func1,"[9514"",""16""]""",Org1MSP Org2MSP ,VALID, 16 9514,,,RT,139,13682,0
2022-04-07T17:24:57.709Z,a56541ab44e2924abffe0cd3827689bb4baff70a2322452d491fac3e5019ae86,Org1MSP,Func7,"[1790"",""100"",""677"",""100""]""",Org1MSP Org2MSP ,VALID, 1790 677, 1790 677,,UT,139,13652,0
2022-04-07T17:24:57.789Z,5c9dd310cc9466eaf6e8697223416394736327d36c4328b8a55a3c2813495729,Org1MSP,Func4,"[10011"",""1001100"",""10943"",""1094300""]""",Org1MSP Org2MSP ,VALID,, 10011 10943,,WT,139,13628,0
2022-04-07T17:24:57.790Z,bb6577078be3b5cf7bcab9105a02e29b1697060100c265567a6f7b33358ab917,Org1MSP,Func1,"[55"",""1""]""",Org1MSP Org2MSP ,VALID, 1 55,,,RT,139,13665,0
2022-04-07T17:24:57.792Z,5eb68d247965668b2e70f82833a80aa8038743e5bbce671a8f1a7c2990e480be,Org1MSP,Func4,"[10000"",""1000000"",""10000"",""1000000""]""",Org1MSP Org2MSP ,VALID,, 10000,,WT,139,13629,0
2022-04-07T17:24:57.793Z,ea2f44df2231bea3fc27f73fa2aeaf72a78396ac9fd05b80d239d77e84a82835,Org1MSP,Func4,"[16767"",""1676700"",""10055"",""1005500""]""",Org1MSP Org2MSP ,VALID,, 10055 16767,,WT,139,13687,0
2022-04-07T17:24:57.794Z,2808807935392b8d28eedfb6cc96f95e4bf053ca66e4e246e49f7e05ee0b68b9,Org1MSP,Func4,"[10003"",""1000300"",""15565"",""1556500""]""",Org1MSP Org2MSP ,VALID,, 10003 15565,,WT,139,13609,0
2022-04-07T17:24:57.794Z,b9fb749b2bce8881b3747fc646e9db7d75fd09259adaece91bf469ac50e7e9ea,Org1MSP,Func4,"[16383"",""1638300"",""10000"",""1000000""]""",Org1MSP Org2MSP ,VALID,, 10000 16383,,WT,139,13664,0
2022-04-07T17:24:57.796Z,14fc5e9fba20b269435d9ad7f3619fb9af7ec1ea9a754fd76227f56ed4dd9c15,Org1MSP,Func4,"[10238"",""1023800"",""10015"",""1001500""]""",Org1MSP Org2MSP ,VALID,, 10015 10238,,WT,139,13605,0
2022-04-07T17:24:57.797Z,1f35a4a4545c60b69e37a70907e75728cfa5bbb22f96017b6447e808ff088367,Org1MSP,Func4,"[10091"",""1009100"",""10031"",""1003100""]""",Org1MSP Org2MSP ,VALID,, 10031 10091,,WT,139,13607,0
2022-04-07T17:24:57.798Z,a2f126d937aee9f6ce682f8d1e1954df9d8387b191828f761a19935720e6d343,Org1MSP,Func4,"[10002"",""1000200"",""12508"",""1250800""]""",Org1MSP Org2MSP ,VALID,, 10002 12508,,WT,139,13651,0
2022-04-07T17:24:57.798Z,caa7410dc5eda2bb91001a6b6fa87b3a8c387e741a0efa2b194988aa9dddb8e0,Org1MSP,Func4,"[10072"",""1007200"",""12823"",""1282300""]""",Org1MSP Org2MSP ,VALID,, 10072 12823,,WT,139,13671,0
2022-04-07T17:24:57.889Z,f74fab1c0f92d6412768debaef1aadbd4b53f644cdc340ee5bb39ca14cee553e,Org1MSP,Func1,"[7"",""2""]""",Org1MSP Org2MSP ,VALID, 2 7,,,RT,140,13782,0
2022-04-07T17:24:57.890Z,ffe4da78cd75af35b0c404b7f2471d5976428fd2ae21ebbea2418f32fb85781b,Org1MSP,Func4,"[17897"",""1789700"",""10027"",""1002700""]""",Org1MSP Org2MSP ,VALID,, 10027 17897,,WT,140,13787,0
2022-04-07T17:24:57.891Z,3399e4c75e9aa60708dd44d798af28730540d41d2a924700fa54c011abeb046a,Org1MSP,Func1,"[310"",""6159""]""",Org1MSP Org2MSP ,VALID, 310 6159,,,RT,140,13717,0
2022-04-07T17:24:57.892Z,023ed70e66263d8f0795919210e03c98c7c52a6121c0700e504c234980c62153,Org1MSP,Func4,"[10074"",""1007400"",""10772"",""1077200""]""",Org1MSP Org2MSP ,VALID,, 10074 10772,,WT,140,13701,0
2022-04-07T17:24:57.892Z,95668e7e779c2c1edca57b38db0594461e5eb2736ca10d717a93b1da7393f95c,Org1MSP,Func4,"[10013"",""1001300"",""10000"",""1000000""]""",Org1MSP Org2MSP ,VALID,, 10000 10013,,WT,140,13753,0
2022-04-07T17:24:57.893Z,507511ca5a420c8e4eb78aaf15893249057096ee0d3e5dc539a6f07a4460d20b,Org1MSP,Func4,"[10176"",""1017600"",""11218"",""1121800""]""",Org1MSP Org2MSP ,VALID,, 10176 11218,,WT,140,13727,0
2022-04-07T17:24:57.895Z,db4c17223c0ab146cbbcbda98b88de6d10f383e8384079accf3526406e53df95,Org1MSP,Func4,"[10000"",""1000000"",""18891"",""1889100""]""",Org1MSP Org2MSP ,VALID,, 10000 18891,,WT,140,13772,0
2022-04-07T17:24:57.896Z,fd59dd84fd68e72dadd48bcb39476be8c89f3f75a57ae9420e149d60693dbcae,Org1MSP,Func7,"[4417"",""100"",""2497"",""100""]""",Org1MSP Org2MSP ,VALID, 2497 4417, 2497 4417,,UT,140,13783,0
2022-04-07T17:24:57.897Z,501f3d7941678bf1eea547ad73a8eb5253eaf7a07213748e8094fd53f3a1fab7,Org1MSP,Func1,"[13"",""1465""]""",Org1MSP Org2MSP ,VALID, 13 1465,,,RT,140,13726,0
2022-04-07T17:24:57.989Z,c39a2ab351c4165c09931e418a701c02a4366cfe83999a2ec111ea17c4526323,Org1MSP,Func4,"[12205"",""1220500"",""12368"",""1236800""]""",Org1MSP Org2MSP ,VALID,, 12205 12368,,WT,140,13764,0
2022-04-07T17:24:57.990Z,2fb7177e56423be96a9a8d4d2285e6f2fb36a3aa8185e0a26730dbee49364ee2,Org1MSP,Func4,"[10070"",""1007000"",""18805"",""1880500""]""",Org1MSP Org2MSP ,VALID,, 10070 18805,,WT,140,13713,0
2022-04-07T17:24:57.992Z,65436ac62c24a4692569f2c814a27d6296f059ff8292e2befa91c02ac4511e99,Org1MSP,Func4,"[10021"",""1002100"",""10032"",""1003200""]""",Org1MSP Org2MSP ,VALID,, 10021 10032,,WT,140,13736,0
2022-04-07T17:24:57.992Z,b5ac2db5b3536a189135b8a298ef2e82b5e4dcc5887f722612572c2bdcf01146,Org1MSP,Func4,"[10530"",""1053000"",""10093"",""1009300""]""",Org1MSP Org2MSP ,VALID,, 10093 10530,,WT,140,13761,0
2022-04-07T17:24:57.992Z,e03f9bbd67b5492ccf559be8dc914c5cc171ff907a9057a5db9a1fc2a4b3e590,Org1MSP,Func1,"[854"",""5096""]""",Org1MSP Org2MSP ,VALID, 5096 854,,,RT,140,13774,0
2022-04-07T17:24:57.994Z,21f66c8489a75ae9fe185cdf6f7b73be107990533893543a34daf2a99e918e30,Org1MSP,Func4,"[10087"",""1008700"",""10000"",""1000000""]""",Org1MSP Org2MSP ,VALID,, 10000 10087,,WT,140,13709,0
2022-04-07T17:24:57.996Z,27a02a433d8750265f1397e45035b23869339aa7761c591966f37b81fb8d0aeb,Org1MSP,Func4,"[14950"",""1495000"",""10679"",""1067900""]""",Org1MSP Org2MSP ,VALID,, 10679 14950,,WT,140,13712,0
2022-04-07T17:24:57.997Z,44805701e9d5cac1ff293205e871aa53903ee7d76def89dd9dd04858b25eb10e,Org1MSP,Func1,"[48"",""7""]""",Org1MSP Org2MSP ,VALID, 48 7,,,RT,140,13721,0
2022-04-07T17:24:57.998Z,3d8a6ce45302bd16ecaf3aa6c137baa1409bce391362fee62d10b12d240153ca,Org1MSP,Func1,"[9769"",""1750""]""",Org1MSP Org2MSP ,VALID, 1750 9769,,,RT,140,13719,0
2022-04-07T17:24:58.088Z,93e7389566433028d87649d188aa189c43e8c84ab57d8e9a67e38e1fea5f0dd6,Org1MSP,Func4,"[11991"",""1199100"",""10033"",""1003300""]""",Org1MSP Org2MSP ,VALID,, 10033 11991,,WT,140,13752,0
2022-04-07T17:24:58.089Z,0a86578d2ce916234d973c5c4102cda6ad659aed027fc7203b8d03af38460f29,Org1MSP,Func4,"[10037"",""1003700"",""10088"",""1008800""]""",Org1MSP Org2MSP ,VALID,, 10037 10088,,WT,140,13703,0
2022-04-07T17:24:58.089Z,478e852ffb5cfaab487e9682c53b780972d933f827421d8e51a9d9c2e291c5c9,Org1MSP,Func4,"[10074"",""1007400"",""11063"",""1106300""]""",Org1MSP Org2MSP ,VALID,, 10074 11063,,WT,140,13722,0
2022-04-07T17:24:58.092Z,520089cf32fdb5da776f6850f2abc72025150528d6c0a8b797f1850718ca44dc,Org1MSP,Func4,"[10003"",""1000300"",""10097"",""1009700""]""",Org1MSP Org2MSP ,VALID,, 10003 10097,,WT,140,13729,0
2022-04-07T17:24:58.094Z,76e9daf507a7f9f26c90a881a885a3dceded30e35c76ccace7e85a2722adc2b9,Org1MSP,Func4,"[16111"",""1611100"",""12155"",""1215500""]""",Org1MSP Org2MSP ,VALID,, 12155 16111,,WT,140,13744,0
2022-04-07T17:24:58.095Z,819f067ffb08e60242203b0fafef4c1e9dfc46ca1a970ff565af2b149dda7e5d,Org1MSP,Func4,"[10017"",""1001700"",""10000"",""1000000""]""",Org1MSP Org2MSP ,VALID,, 10000 10017,,WT,140,13748,0
2022-04-07T17:24:58.096Z,f548eca526a3cf9600c76100ad346d629c95f024bcef3ccfd91b38ee15314de0,Org1MSP,Func7,"[13"",""100"",""1370"",""100""]""",Org1MSP Org2MSP ,VALID, 13 1370, 13 1370,,UT,140,13790,0
2022-04-07T17:24:58.098Z,90b09e5e841c32dd6b2b2a4f90b8e9b09e33e7b33e42dbdf296ece527fdc34b3,Org1MSP,Func1,"[96"",""2""]""",Org1MSP Org2MSP ,VALID, 2 96,,,RT,140,13750,0
2022-04-07T17:24:58.100Z,78efac436f93ec2851ca7fb45bf48f7caae911ed662ddaa6fb467c56c56fbede,Org1MSP,Func1,"[2"",""148""]""",Org1MSP Org2MSP ,VALID, 148 2,,,RT,140,13745,0
2022-04-07T17:24:58.189Z,9dc56d93974aebbf337896cfb5f115750528a179040246925aff634c26ee0b31,Org1MSP,Func1,"[52"",""2425""]""",Org1MSP Org2MSP ,VALID, 2425 52,,,RT,140,13755,0
2022-04-07T17:24:58.189Z,d8c6a835e79454eec81bcfe294feaca558b6b7eb72d5b318703691f43e69bcb1,Org1MSP,Func4,"[10006"",""1000600"",""10112"",""1011200""]""",Org1MSP Org2MSP ,VALID,, 10006 10112,,WT,140,13771,0
2022-04-07T17:24:58.190Z,1cc26a44fc205a52482e4501bcc692651cc542b37e03025995b8e0187cdfd7f6,Org1MSP,Func4,"[13427"",""1342700"",""11635"",""1163500""]""",Org1MSP Org2MSP ,VALID,, 11635 13427,,WT,140,13708,0
2022-04-07T17:24:58.190Z,a026c33424f18a42ab185ab7d925956db6aaa3a59d6632658185d0a461821cd0,Org1MSP,Func4,"[10099"",""1009900"",""10065"",""1006500""]""",Org1MSP Org2MSP ,VALID,, 10065 10099,,WT,140,13757,0
2022-04-07T17:24:58.192Z,512968740a3f8a242112780bc8f41d40f939fcfc9967f268908bda0a1b46b84a,Org1MSP,Func4,"[17188"",""1718800"",""16877"",""1687700""]""",Org1MSP Org2MSP ,VALID,, 16877 17188,,WT,140,13728,0
2022-04-07T17:24:58.194Z,80ed0888f9c7bc8711e34e7fe0cec73305314d6ed1e03f2032e13f20a2d60bfe,Org1MSP,Func7,"[2825"",""100"",""985"",""100""]""",Org1MSP Org2MSP ,VALID, 2825 985, 2825 985,,UT,140,13746,0
2022-04-07T17:24:58.195Z,42cd913810e374bb510aecc04b84dbd9be4ff950b72bd08bf01618df2b1ee9d8,Org1MSP,Func4,"[10069"",""1006900"",""10012"",""1001200""]""",Org1MSP Org2MSP ,VALID,, 10012 10069,,WT,140,13720,0
2022-04-07T17:24:58.196Z,d5c6de0269257a8eacee418682bb1eb01e0fb7e87e9be08dbfb173b7a4db00bc,Org1MSP,Func4,"[11207"",""1120700"",""10002"",""1000200""]""",Org1MSP Org2MSP ,VALID,, 10002 11207,,WT,140,13770,0
2022-04-07T17:24:58.198Z,581a8dc69d1489351078a82c56d8ef091ca9962e8d783998629e7fb8691550d7,Org1MSP,Func4,"[12461"",""1246100"",""16833"",""1683300""]""",Org1MSP Org2MSP ,VALID,, 12461 16833,,WT,140,13733,0
2022-04-07T17:24:58.200Z,b2917083ab87faffb09e0838fa217562bb5585f1ea218a558adef1ad972b1ab2,Org1MSP,Func4,"[10000"",""1000000"",""10231"",""1023100""]""",Org1MSP Org2MSP ,VALID,, 10000 10231,,WT,140,13760,0
2022-04-07T17:24:58.288Z,17e252ab88579646657a7c55e40bba30f957d81b9267e752de92b83332d53e31,Org1MSP,Func4,"[10000"",""1000000"",""10138"",""1013800""]""",Org1MSP Org2MSP ,VALID,, 10000 10138,,WT,140,13707,0
2022-04-07T17:24:58.289Z,ebe246f8a07d9911374faf2aab4830b79baa656e9e30637e64333bf1724d058c,Org1MSP,Func4,"[10001"",""1000100"",""10208"",""1020800""]""",Org1MSP Org2MSP ,VALID,, 10001 10208,,WT,140,13777,0
2022-04-07T17:24:58.290Z,4e9dfd107fd050322fdfbe06f187ec4bde92f0b927c5e80e3248ff34314d9578,Org1MSP,Func4,"[10024"",""1002400"",""10000"",""1000000""]""",Org1MSP Org2MSP ,VALID,, 10000 10024,,WT,140,13724,0
2022-04-07T17:24:58.290Z,529231487254d858bc81506cd0713cae65d8f40438224348fea2e53c6f8af982,Org1MSP,Func4,"[10009"",""1000900"",""10001"",""1000100""]""",Org1MSP Org2MSP ,VALID,, 10001 10009,,WT,140,13730,0
2022-04-07T17:24:58.292Z,cf83b311ed6919e6a6083d91ee0cc867e457c0054aa5dcfee60c7e11e36aa4b6,Org1MSP,Func1,"[2"",""3""]""",Org1MSP Org2MSP ,VALID, 2 3,,,RT,140,13792,0
2022-04-07T17:24:58.294Z,c718a54772735d907de2e9110cf4cfda8da8b1e1203ebff52aa58b0a0f6f7cc8,Org1MSP,Func4,"[10120"",""1012000"",""10000"",""1000000""]""",Org1MSP Org2MSP ,VALID,, 10000 10120,,WT,140,13765,0
2022-04-07T17:24:58.295Z,6328abb830bacd28dd335df66e67d52e609a8d3b3b858afce2ceef87e5566b24,Org1MSP,Func4,"[10018"",""1001800"",""10012"",""1001200""]""",Org1MSP Org2MSP ,VALID,, 10012 10018,,WT,140,13735,0
2022-04-07T17:24:58.296Z,691205c841bfbc6b8d2d281b34a543e42b02680b685adc65c733b6b434b62ee4,Org1MSP,Func4,"[10055"",""1005500"",""10009"",""1000900""]""",Org1MSP Org2MSP ,VALID,, 10009 10055,,WT,140,13738,0
2022-04-07T17:24:58.299Z,24d82950ace927edf1208c9d7177c604ffe0a33602e14c4a9a094e8e971d1f88,Org1MSP,Func4,"[14591"",""1459100"",""10001"",""1000100""]""",Org1MSP Org2MSP ,VALID,, 10001 14591,,WT,140,13710,0
2022-04-07T17:24:58.299Z,6594ccbfe56236e607bb1503f8ce8ec82aafa8505fd736b20c8a74b8ff2f87b3,Org1MSP,Func4,"[11589"",""1158900"",""10000"",""1000000""]""",Org1MSP Org2MSP ,VALID,, 10000 11589,,WT,140,13737,0
2022-04-07T17:24:58.389Z,90beca1832fe9caa47754809c9e6a859c8f9dfd60929307bb8236a3868577f8e,Org1MSP,Func4,"[10084"",""1008400"",""10090"",""1009000""]""",Org1MSP Org2MSP ,VALID,, 10084 10090,,WT,140,13751,0
2022-04-07T17:24:58.389Z,a89abf7255cdae999b881f0e9246e87e205a4b373e3b4cd3018d590e9af6cbf0,Org1MSP,Func1,"[4"",""12""]""",Org1MSP Org2MSP ,VALID, 12 4,,,RT,140,13758,0
2022-04-07T17:24:58.389Z,e6fde6e24b5369319586c0e27da496860fc0c2c3f0ba8587cc6d8bfc63169d17,Org1MSP,Func4,"[10154"",""1015400"",""10005"",""1000500""]""",Org1MSP Org2MSP ,VALID,, 10005 10154,,WT,140,13776,0
2022-04-07T17:24:58.390Z,57e6728fc8c977e48ac8dce5c444850b7ad094d6090f04c72975667c46f5a98d,Org1MSP,Func7,"[2923"",""100"",""7291"",""100""]""",Org1MSP Org2MSP ,VALID, 2923 7291, 2923 7291,,UT,140,13732,0
2022-04-07T17:24:58.392Z,7213b62aa66665729699e328b53e210b9eb22b6cd9975a8a597bab7f3f438576,Org1MSP,Func4,"[10052"",""1005200"",""10551"",""1055100""]""",Org1MSP Org2MSP ,VALID,, 10052 10551,,WT,140,13742,0
2022-04-07T17:24:58.394Z,e11b5fde616d3369a470ea8c441481b9a0a648b0504555cbe83fea906e833eb4,Org1MSP,Func4,"[10565"",""1056500"",""17601"",""1760100""]""",Org1MSP Org2MSP ,VALID,, 10565 17601,,WT,140,13775,0
2022-04-07T17:24:58.397Z,ccb6914130c5845f28e929aab64bcd6d5c37c60135340c4f2399a3948d3490a6,Org1MSP,Func1,"[55"",""1""]""",Org1MSP Org2MSP ,VALID, 1 55,,,RT,140,13788,0
2022-04-07T17:24:58.397Z,862c02387a77c83be4a4eb44bc971caede00249d73fc6464ca70940b706174dc,Org1MSP,Func7,"[3"",""100"",""325"",""100""]""",Org1MSP Org2MSP ,VALID, 3 325, 3 325,,UT,140,13796,0
2022-04-07T17:24:58.398Z,f5b841a72b203da80f9aa3e38736d2017fc51ffbf83c73733a87ab8406680a0d,Org1MSP,Func4,"[10089"",""1008900"",""10000"",""1000000""]""",Org1MSP Org2MSP ,VALID,, 10000 10089,,WT,140,13780,0
2022-04-07T17:24:58.399Z,d45e65ba283dfc09906912d7a5ef5a06d14b3d2adfbb921f738ccfb91db13ca9,Org1MSP,Func4,"[10819"",""1081900"",""10000"",""1000000""]""",Org1MSP Org2MSP ,VALID,, 10000 10819,,WT,140,13768,0
2022-04-07T17:24:58.489Z,b5de1e37700aec0d0ca0315d5a5108bbde1d7d5e59214b013bc449aae042c9cf,Org1MSP,Func1,"[106"",""3189""]""",Org1MSP Org2MSP ,VALID, 106 3189,,,RT,140,13762,0
2022-04-07T17:24:58.489Z,ec5a1ad209f857d1b91271131ea44f9e0836934888997746601107d15aab46cf,Org1MSP,Func7,"[204"",""100"",""1199"",""100""]""",Org1MSP Org2MSP ,VALID, 1199 204, 1199 204,,UT,140,13778,0
2022-04-07T17:24:58.489Z,dbb4f97aeeb882b4a1fb2452109c168f4c29c8f48316e47226c9fd6a20368ed9,Org1MSP,Func1,"[4"",""1""]""",Org1MSP Org2MSP ,VALID, 1 4,,,RT,140,13789,0
2022-04-07T17:24:58.490Z,6aed3f379dd1bc7efb901f1b6ec5f095028b8f4cc5b2b4e800a6571fd2094caa,Org1MSP,Func4,"[14852"",""1485200"",""11367"",""1136700""]""",Org1MSP Org2MSP ,VALID,, 11367 14852,,WT,140,13739,0
2022-04-07T17:24:58.492Z,981d9213cc453f043de44ef7f713624bc77b49f59792a023c891252af6336619,Org1MSP,Func1,"[10"",""5""]""",Org1MSP Org2MSP ,VALID, 10 5,,,RT,140,13754,0
2022-04-07T17:24:58.493Z,aabcc29fee617c97daf06ef47566013d38a6590cd839c1204ac426b89458ddc0,Org1MSP,Func7,"[7"",""100"",""47"",""100""]""",Org1MSP Org2MSP ,VALID, 47 7, 47 7,,UT,140,13793,0
2022-04-07T17:24:58.495Z,0d6283b7a856437fbae3cd899bd2346b04fd2c8ebb2517b0ce5ff44246a846cf,Org1MSP,Func4,"[10030"",""1003000"",""10343"",""1034300""]""",Org1MSP Org2MSP ,VALID,, 10030 10343,,WT,140,13704,0
2022-04-07T17:24:58.496Z,5608e66ff3ce89f35ef7c988c43db40010fcf68958889b1ab3480dabcec54f92,Org1MSP,Func1,"[36"",""4728""]""",Org1MSP Org2MSP ,VALID, 36 4728,,,RT,140,13731,0
2022-04-07T17:24:58.496Z,706b107d68bb761e40f994aefe8395644b0eff0b05dc134a36a6665e6ad88a44,Org1MSP,Func4,"[10001"",""1000100"",""10330"",""1033000""]""",Org1MSP Org2MSP ,VALID,, 10001 10330,,WT,140,13741,0
2022-04-07T17:24:58.499Z,de3a6d2e238cc9a2aa7d1efe21da28d13ff4aff0ed9b39a277daeb78d08475c9,Org1MSP,Func7,"[21"",""100"",""240"",""100""]""",Org1MSP Org2MSP ,VALID, 21 240, 21 240,,UT,140,13773,0
2022-04-07T17:24:58.589Z,3aeca589200903f8e9c4fa103781ef1122228448e3c564035d8a95f42ffd2a3e,Org1MSP,Func4,"[10023"",""1002300"",""10000"",""1000000""]""",Org1MSP Org2MSP ,VALID,, 10000 10023,,WT,140,13718,0
2022-04-07T17:24:58.589Z,f3b5af3897e394b7f44b25c14742892bc1494cba4c46c80b6d5fa32af674a937,Org1MSP,Func4,"[10430"",""1043000"",""10000"",""1000000""]""",Org1MSP Org2MSP ,VALID,, 10000 10430,,WT,140,13779,0
2022-04-07T17:24:58.590Z,1348abea6de54286f9fd40fa91eecb5141adffd1e0815d1d0520b5412c7f617a,Org1MSP,Func7,"[228"",""100"",""1165"",""100""]""",Org1MSP Org2MSP ,VALID, 1165 228, 1165 228,,UT,140,13706,0
2022-04-07T17:24:58.590Z,9e634a8dda3ffd1d4daf240172e5cc4e17032b2c70980e84bf9a8ecf6e8700bd,Org1MSP,Func1,"[150"",""9""]""",Org1MSP Org2MSP ,VALID, 150 9,,,RT,140,13756,0
2022-04-07T17:24:58.593Z,ffbdbcd0b78c1a4b82fd7e6856bd8746e00ffe821a6dbc858f4e971f9f290522,Org1MSP,Func7,"[3346"",""100"",""257"",""100""]""",Org1MSP Org2MSP ,VALID, 257 3346, 257 3346,,UT,140,13786,0
2022-04-07T17:24:58.594Z,813b518576fd03894f8de18c474eef2ae71b8503dd0ce77f46474a2518d4a062,Org1MSP,Func4,"[10000"",""1000000"",""10024"",""1002400""]""",Org1MSP Org2MSP ,VALID,, 10000 10024,,WT,140,13747,0
2022-04-07T17:24:58.596Z,5d0485069c5a840a2b9624aae3251b8e41a50b6426a4bcbfe389a6830e2153cd,Org1MSP,Func7,"[5067"",""100"",""4"",""100""]""",Org1MSP Org2MSP ,VALID, 4 5067, 4 5067,,UT,140,13794,0
2022-04-07T17:24:58.598Z,4ee443c6295c10857a8087f4a689cc314438020a6078ed262f5b00dfc98dcc37,Org1MSP,Func1,"[1383"",""7""]""",Org1MSP Org2MSP ,VALID, 1383 7,,,RT,140,13725,0
2022-04-07T17:24:58.599Z,fd5f5974555ec21100ff511ce1c1bd43100a622d6c2e3ca4b1171e17033252ba,Org1MSP,Func4,"[10005"",""1000500"",""10019"",""1001900""]""",Org1MSP Org2MSP ,VALID,, 10005 10019,,WT,140,13784,0
2022-04-07T17:24:58.688Z,04d4badfcbebfd43b749598350089ef46af27518fd36560874899dafd5a91eb1,Org1MSP,Func4,"[10131"",""1013100"",""10212"",""1021200""]""",Org1MSP Org2MSP ,VALID,, 10131 10212,,WT,140,13702,0
2022-04-07T17:24:58.689Z,591ff987c0673749623e89120788b4ea8cc44b5fb91cc180e3485f9dd0180e0e,Org1MSP,Func4,"[10030"",""1003000"",""10497"",""1049700""]""",Org1MSP Org2MSP ,VALID,, 10030 10497,,WT,140,13734,0
2022-04-07T17:24:58.689Z,46a6f7aff0fc128970308baccf86f6b3cf9012937e78fc548fdb943f2cf0b169,Org1MSP,Func7,"[1"",""100"",""6"",""100""]""",Org1MSP Org2MSP ,VALID, 1 6, 1 6,,UT,140,13795,0
2022-04-07T17:24:58.691Z,d558bbb8262b4b2293b28e37a23e3c8e549528987729a996b7ecabdeece0cada,Org1MSP,Func4,"[10001"",""1000100"",""10000"",""1000000""]""",Org1MSP Org2MSP ,VALID,, 10000 10001,,WT,140,13769,0
2022-04-07T17:24:58.692Z,af4d72e548e7a79c4e650c38d5856abadc5c020ab4cfa93593d540e4fce32c58,Org1MSP,Func7,"[5"",""100"",""54"",""100""]""",Org1MSP Org2MSP ,VALID, 5 54, 5 54,,UT,140,13791,0
2022-04-07T17:24:58.694Z,3094e0ed89d653a02fd71c710a5b77c1d910a277e7afcb5542612c8bef18fb1c,Org1MSP,Func4,"[11149"",""1114900"",""10161"",""1016100""]""",Org1MSP Org2MSP ,VALID,, 10161 11149,,WT,140,13714,0
2022-04-07T17:24:58.694Z,f6a45d78d703c5a3931d57dc4d0668f6cc9ad1237da64496fbb3f50767ec19d4,Org1MSP,Func4,"[10120"",""1012000"",""10005"",""1000500""]""",Org1MSP Org2MSP ,VALID,, 10005 10120,,WT,140,13781,0
2022-04-07T17:24:58.696Z,fd9340263921e1055ae23475b84ffab98c432aa7aafadce8ae65c599b69f7414,Org1MSP,Func4,"[11070"",""1107000"",""11412"",""1141200""]""",Org1MSP Org2MSP ,VALID,, 11070 11412,,WT,140,13785,0
2022-04-07T17:24:58.697Z,c15fc6622cc2b8f1ed961a6fb717cdf88628c236b8de96f8f96baebc8821e05a,Org1MSP,Func1,"[41"",""36""]""",Org1MSP Org2MSP ,VALID, 36 41,,,RT,140,13763,0
2022-04-07T17:24:58.699Z,d08c56a57b124d1188172763440432ad5f67eeed345aa52c96e5aa138c93d8bc,Org1MSP,Func4,"[10168"",""1016800"",""10010"",""1001000""]""",Org1MSP Org2MSP ,VALID,, 10010 10168,,WT,140,13767,0
2022-04-07T17:24:58.789Z,cf6cfd3c52d1e93fcec47c0d147ab5f5979cfe01c670220ed3f41b6494c415c6,Org1MSP,Func1,"[31"",""6565""]""",Org1MSP Org2MSP ,VALID, 31 6565,,,RT,140,13766,0
2022-04-07T17:24:58.790Z,0ea972cf5e73c5de26ea229f8f6fe4dad635e9f64027123a29e81f42987eb8ff,Org1MSP,Func4,"[10001"",""1000100"",""10815"",""1081500""]""",Org1MSP Org2MSP ,VALID,, 10001 10815,,WT,140,13705,0
2022-04-07T17:24:58.790Z,316440260ff428b6e9c7020f4b31fff6d0c301a0e9ea87afb0ebda48869dd3e7,Org1MSP,Func4,"[10022"",""1002200"",""10000"",""1000000""]""",Org1MSP Org2MSP ,VALID,, 10000 10022,,WT,140,13716,0
2022-04-07T17:24:58.792Z,766849f47cf6dcdd10c63dab6200fc84255ebf79719ace2d455fdbad100a2ab3,Org1MSP,Func7,"[25"",""100"",""2979"",""100""]""",Org1MSP Org2MSP ,VALID, 25 2979, 25 2979,,UT,140,13743,0
2022-04-07T17:24:58.793Z,6d69bfc97d14f34823a07a4e56431073127b098a9b0a838600e2b7ebced01fb0,Org1MSP,Func4,"[10001"",""1000100"",""10063"",""1006300""]""",Org1MSP Org2MSP ,VALID,, 10001 10063,,WT,140,13740,0
2022-04-07T17:24:58.794Z,266da66f742407a422fe5ce0f10abf254c3b5cc8c20040f00527ff806dae1c16,Org1MSP,Func1,"[527"",""160""]""",Org1MSP Org2MSP ,VALID, 160 527,,,RT,140,13711,0
2022-04-07T17:24:58.796Z,4e08fde21931350730c959da66e60430f40ccaed4bdd11e0b98685478e925eab,Org1MSP,Func1,"[11"",""5554""]""",Org1MSP Org2MSP ,VALID, 11 5554,,,RT,140,13723,0
2022-04-07T17:24:58.797Z,31018e20066ea1474aed368be597d8d6a7ea9772c7cba29c71757f1504e41c69,Org1MSP,Func4,"[10001"",""1000100"",""10000"",""1000000""]""",Org1MSP Org2MSP ,VALID,, 10000 10001,,WT,140,13715,0
2022-04-07T17:24:58.799Z,8a1c684d6f6b8f076802a550346fa13986250257d00dd3f7ed69781452c69496,Org1MSP,Func4,"[10742"",""1074200"",""10000"",""1000000""]""",Org1MSP Org2MSP ,VALID,, 10000 10742,,WT,140,13749,0
2022-04-07T17:24:58.889Z,0d99fae9a305a0909bc9aa6e0ceb649d1b4f3088c14ae1a488f31cd152548381,Org1MSP,Func4,"[10009"",""1000900"",""14129"",""1412900""]""",Org1MSP Org2MSP ,VALID,, 10009 14129,,WT,141,13802,0
2022-04-07T17:24:58.890Z,d550f25a4178c744fb011cf858db0498874fa0eee716d78f0f71c7d001c655b2,Org1MSP,Func7,"[1222"",""100"",""1604"",""100""]""",Org1MSP Org2MSP ,VALID, 1222 1604, 1222 1604,,UT,141,13870,0
2022-04-07T17:24:58.892Z,b1d5295053eaecf016ad84b00797804162997df03302c94da2f32c460690effd,Org1MSP,Func4,"[10000"",""1000000"",""18054"",""1805400""]""",Org1MSP Org2MSP ,VALID,, 10000 18054,,WT,140,13759,0
2022-04-07T17:24:58.894Z,ef63af36a6af8b32b93d90bd2cb433cf36af91c0f98343a364770a5c21dbdb9f,Org1MSP,Func4,"[12936"",""1293600"",""10860"",""1086000""]""",Org1MSP Org2MSP ,VALID,, 10860 12936,,WT,141,13879,0
2022-04-07T17:24:58.895Z,2956e325ebd564d45e57eb7aa7cb858e80440486ad12c50bdd02b645bfb4b023,Org1MSP,Func4,"[10000"",""1000000"",""10000"",""1000000""]""",Org1MSP Org2MSP ,VALID,, 10000,,WT,141,13818,0
2022-04-07T17:24:58.897Z,51722784584503cf83a60ebcd41a3615aefbfc17eb9422fb7dd6611791a1883f,Org1MSP,Func4,"[10099"",""1009900"",""10000"",""1000000""]""",Org1MSP Org2MSP ,VALID,, 10000 10099,,WT,141,13834,0
2022-04-07T17:24:58.898Z,76c15ea1dcf565eeedd102492bcfb194ff6e474564b2f9946b76a83a28d9a382,Org1MSP,Func1,"[2715"",""1""]""",Org1MSP Org2MSP ,VALID, 1 2715,,,RT,141,13844,0
2022-04-07T17:24:58.901Z,aae8d44327fd0896a538aa35a93863e10242ee7a989799b7f93e228e6e8667b3,Org1MSP,Func7,"[91"",""100"",""7566"",""100""]""",Org1MSP Org2MSP ,VALID, 7566 91, 7566 91,,UT,141,13855,0
2022-04-07T17:24:58.988Z,2485481a8a4be45cc4d23d3c84c7d157fb756cf598a8ca3ed87d12b3d279576c,Org1MSP,Func4,"[10060"",""1006000"",""10361"",""1036100""]""",Org1MSP Org2MSP ,VALID,, 10060 10361,,WT,141,13816,0
2022-04-07T17:24:58.989Z,93b77d29dc6c6c2b9cc71e485f66f9dc50fe0f20eab20e7c7756771291732c06,Org1MSP,Func4,"[10019"",""1001900"",""10000"",""1000000""]""",Org1MSP Org2MSP ,VALID,, 10000 10019,,WT,141,13846,0
2022-04-07T17:24:58.989Z,b59edebaa989100768f074501b62df64c8badfa3667dd30304dfd321e14bf4cc,Org1MSP,Func7,"[33"",""100"",""7289"",""100""]""",Org1MSP Org2MSP ,VALID, 33 7289, 33 7289,,UT,141,13862,0
2022-04-07T17:24:58.990Z,039f611c9e3dd592434170d46de96ddf0c2a420c73136a8bdc11b011013b8dc2,Org1MSP,Func4,"[10375"",""1037500"",""11973"",""1197300""]""",Org1MSP Org2MSP ,VALID,, 10375 11973,,WT,141,13798,0
2022-04-07T17:24:58.993Z,0e6e7644bb3d68c002a2991a167c40dea360ecc6442e8264b836fe7a3262e07c,Org1MSP,Func4,"[10141"",""1014100"",""10483"",""1048300""]""",Org1MSP Org2MSP ,VALID,, 10141 10483,,WT,141,13803,0
2022-04-07T17:24:58.993Z,c02c8c66709a9f62e89029921aef7650ae53a06ab9132f6e9b124b4dca24c8e8,Org1MSP,Func4,"[16799"",""1679900"",""10000"",""1000000""]""",Org1MSP Org2MSP ,VALID,, 10000 16799,,WT,141,13864,0
2022-04-07T17:24:58.994Z,1c422ada285dc156699b2ce3b17c9bf9aeca50b3713f111a85eb85b63fbc08af,Org1MSP,Func4,"[10001"",""1000100"",""11666"",""1166600""]""",Org1MSP Org2MSP ,VALID,, 10001 11666,,WT,141,13809,0
2022-04-07T17:24:58.997Z,3e56cb2ef0397536a945a205b63e8d6503cab3cbf649dcc493b1a1f7c50724ba,Org1MSP,Func4,"[10804"",""1080400"",""10499"",""1049900""]""",Org1MSP Org2MSP ,VALID,, 10499 10804,,WT,141,13823,0
2022-04-07T17:24:58.997Z,df6f26dd716e87cc851c7ad4b3fe729749a786964a95c89846449c18fecf107b,Org1MSP,Func4,"[10001"",""1000100"",""10134"",""1013400""]""",Org1MSP Org2MSP ,VALID,, 10001 10134,,WT,141,13876,0
2022-04-07T17:24:58.998Z,b931e7ae20f347a2b9d16143e8a7a998b6a421579b745b8471d31299e1055193,Org1MSP,Func4,"[10010"",""1001000"",""10000"",""1000000""]""",Org1MSP Org2MSP ,VALID,, 10000 10010,,WT,141,13863,0
2022-04-07T17:24:59.088Z,b1fbc58675a926dcf5dbff89b035eda064838a414b215820ca4b658732bee39a,Org1MSP,Func4,"[10000"",""1000000"",""15876"",""1587600""]""",Org1MSP Org2MSP ,VALID,, 10000 15876,,WT,141,13860,0
2022-04-07T17:24:59.090Z,343affe510f23b71818c08162e654a6c8da0b240cb2a7ac75b7d752dc5e5b723,Org1MSP,Func4,"[10009"",""1000900"",""10103"",""1010300""]""",Org1MSP Org2MSP ,VALID,, 10009 10103,,WT,141,13821,0
2022-04-07T17:24:59.092Z,552bc7f75d23dd8987fb39881c29cad877a0c81e39bdaf34dd05bcdcdfbd7ad7,Org1MSP,Func4,"[11568"",""1156800"",""14550"",""1455000""]""",Org1MSP Org2MSP ,VALID,, 11568 14550,,WT,141,13835,0
2022-04-07T17:24:59.093Z,218b0a9190099f604bceaf3912753334cbc5a6db7b3f5fe37510b0ac7cd69f7e,Org1MSP,Func4,"[10021"",""1002100"",""12401"",""1240100""]""",Org1MSP Org2MSP ,VALID,, 10021 12401,,WT,141,13813,0
2022-04-07T17:24:59.093Z,9adb434a56593d8f4a446884e5e9a4d23dc82b50d51ec9ef5e0e96451f93d93b,Org1MSP,Func4,"[10260"",""1026000"",""10000"",""1000000""]""",Org1MSP Org2MSP ,VALID,, 10000 10260,,WT,141,13849,0
2022-04-07T17:24:59.094Z,07e5ca3fe1dfa9363b80311046b6ebfed271dde19569fb1f4d34596f9baa4319,Org1MSP,Func1,"[2989"",""430""]""",Org1MSP Org2MSP ,VALID, 2989 430,,,RT,141,13799,0
2022-04-07T17:24:59.097Z,9fa94636a02e0ea91c559d66bc9f32fe76f4acc0599f2471ff97882e25660c79,Org1MSP,Func1,"[57"",""3""]""",Org1MSP Org2MSP ,VALID, 3 57,,,RT,141,13851,0
2022-04-07T17:24:59.099Z,eb00ee9754c48fc6830a345da7830f6cccbcb908ce94f95a28ec8605e9376bf2,Org1MSP,Func4,"[10018"",""1001800"",""10012"",""1001200""]""",Org1MSP Org2MSP ,VALID,, 10012 10018,,WT,141,13878,0
2022-04-07T17:24:59.191Z,4dc3ec3c0257fcdbb744f29a666a01d7a58c2f4f47848136f2d88a1d2cc984c0,Org1MSP,Func1,"[21"",""271""]""",Org1MSP Org2MSP ,VALID, 21 271,,,RT,141,13831,0
2022-04-07T17:24:59.192Z,4df5df1f1816d4aa9786752f23dd59cea79725589acf0d326cb2d81074fdae37,Org1MSP,Func4,"[10061"",""1006100"",""10082"",""1008200""]""",Org1MSP Org2MSP ,VALID,, 10061 10082,,WT,141,13832,0
2022-04-07T17:24:59.193Z,349b449f680f86859433c6ca397deab9b2d2ef1a2ac1b3a01ede453587b06bdc,Org1MSP,Func4,"[10038"",""1003800"",""13141"",""1314100""]""",Org1MSP Org2MSP ,VALID,, 10038 13141,,WT,141,13822,0
2022-04-07T17:24:59.196Z,6f7492f8a362e3f491ba5e78429ecf4bf817ba3dba273f1db2e6e5b341d705cd,Org1MSP,Func1,"[1036"",""2""]""",Org1MSP Org2MSP ,VALID, 1036 2,,,RT,141,13842,0
2022-04-07T17:24:59.198Z,5ed41713a9c107ae81923fa87865b75ecfd6cb5850f12f99d7ca10bb69992d8b,Org1MSP,Func4,"[10071"",""1007100"",""15901"",""1590100""]""",Org1MSP Org2MSP ,VALID,, 10071 15901,,WT,141,13837,0
2022-04-07T17:24:59.199Z,815ce283dadea94c29aa2f6af99e196a2506ff0133542025e32d5da1a3c0f46b,Org1MSP,Func4,"[10003"",""1000300"",""10010"",""1001000""]""",Org1MSP Org2MSP ,VALID,, 10003 10010,,WT,141,13845,0
2022-04-07T17:24:59.201Z,018110799aac35aa62a32630f487aec45eb838ee9e7603403a10cbbf9fe3a3eb,Org1MSP,Func4,"[10002"",""1000200"",""10003"",""1000300""]""",Org1MSP Org2MSP ,VALID,, 10002 10003,,WT,141,13797,0
2022-04-07T17:24:59.202Z,fe0f3fe886b190fa4f2f2f99b47499b1820c4ee400ea1328482136cadeb9d74c,Org1MSP,Func4,"[10002"",""1000200"",""13328"",""1332800""]""",Org1MSP Org2MSP ,VALID,, 10002 13328,,WT,141,13884,0
2022-04-07T17:24:59.209Z,d96eae333a565ecb00e8359637a2df61f1c67590fa8834bcbbf4fff5f8f8fb5f,Org1MSP,Func4,"[10646"",""1064600"",""10005"",""1000500""]""",Org1MSP Org2MSP ,VALID,, 10005 10646,,WT,141,13873,0
2022-04-07T17:24:59.289Z,139e271ac2a024e670bc8027487d4da0274cee477a28ff0e380ed2c8169ae8b0,Org1MSP,Func4,"[14539"",""1453900"",""10219"",""1021900""]""",Org1MSP Org2MSP ,VALID,, 10219 14539,,WT,141,13804,0
2022-04-07T17:24:59.289Z,c3523311de2e687a017576519ed50c3003b2260c9aed99f5a00d0a25ba4026db,Org1MSP,Func4,"[11466"",""1146600"",""11054"",""1105400""]""",Org1MSP Org2MSP ,VALID,, 11054 11466,,WT,141,13865,0
2022-04-07T17:24:59.290Z,9c530b6c61b75f34c23ce4eab3ebf5a37d232562bfd22ebdac2604a7b79040cb,Org1MSP,Func4,"[10001"",""1000100"",""10021"",""1002100""]""",Org1MSP Org2MSP ,VALID,, 10001 10021,,WT,141,13850,0
2022-04-07T17:24:59.292Z,5101756109238144939972cc84a012c58ce2f489cd7f0c1fd279daf376110732,Org1MSP,Func1,"[304"",""1437""]""",Org1MSP Org2MSP ,VALID, 1437 304,,,RT,141,13833,0
2022-04-07T17:24:59.292Z,d9a848056d528992c51da11cbd9416d513caac5a77493b1b65673529039b80b0,Org1MSP,Func4,"[17003"",""1700300"",""13333"",""1333300""]""",Org1MSP Org2MSP ,VALID,, 13333 17003,,WT,141,13874,0
2022-04-07T17:24:59.293Z,1d4ef6a7ca70021714009034fbb75bd77af9301d45401c24ff6e1aa322797578,Org1MSP,Func4,"[10136"",""1013600"",""10094"",""1009400""]""",Org1MSP Org2MSP ,VALID,, 10094 10136,,WT,141,13810,0
2022-04-07T17:24:59.299Z,d2dc9fc3e17830f99f9d6fc2f188bc923c4fdd3b21d67b52644d7361d2b550f9,Org1MSP,Func4,"[10000"",""1000000"",""12630"",""1263000""]""",Org1MSP Org2MSP ,VALID,, 10000 12630,,WT,141,13869,0
2022-04-07T17:24:59.302Z,1da1949d5a160a154ba5f2a395014e03a108d951d887e6e188e8a40006037315,Org1MSP,Func1,"[882"",""5""]""",Org1MSP Org2MSP ,VALID, 5 882,,,RT,141,13811,0
2022-04-07T17:24:59.303Z,22a4f8d4c5456e91dbea38a5307f3c243d3b5f64da18680af10b53d380b5e01a,Org1MSP,Func4,"[10163"",""1016300"",""10003"",""1000300""]""",Org1MSP Org2MSP ,VALID,, 10003 10163,,WT,141,13814,0
2022-04-07T17:24:59.303Z,5f9ec068f5c3a78f5527beed7d6934731c37b1bb4fba6e10c1dd5b0c635198fe,Org1MSP,Func4,"[10072"",""1007200"",""10002"",""1000200""]""",Org1MSP Org2MSP ,VALID,, 10002 10072,,WT,141,13839,0
2022-04-07T17:24:59.388Z,689738e330696415492d93410de64f0c1073c7a7046b98b54d2fb48bc1b61f04,Org1MSP,Func4,"[10130"",""1013000"",""10019"",""1001900""]""",Org1MSP Org2MSP ,VALID,, 10019 10130,,WT,141,13840,0
2022-04-07T17:24:59.389Z,f20bdee52984ba9df710d14c501ee2d1184b1b87cc0f76dfa631df1deb5e0e52,Org1MSP,Func4,"[10009"",""1000900"",""10006"",""1000600""]""",Org1MSP Org2MSP ,VALID,, 10006 10009,,WT,141,13880,0
2022-04-07T17:24:59.390Z,1a2d01d7d6faeb117e47759d9f80530d371abe329895468ca9b43ec77a8610e1,Org1MSP,Func4,"[19236"",""1923600"",""10004"",""1000400""]""",Org1MSP Org2MSP ,VALID,, 10004 19236,,WT,141,13808,0
2022-04-07T17:24:59.392Z,1a19fe7af5d009249991ee74a528ead5219fd10172df0c8ccc27ee29e167a5cf,Org1MSP,Func4,"[10015"",""1001500"",""10026"",""1002600""]""",Org1MSP Org2MSP ,VALID,, 10015 10026,,WT,141,13807,0
2022-04-07T17:24:59.392Z,8a1e12a4875c66c8c4da803904b22e819b9f1eed81d61bc1f5724d218537e530,Org1MSP,Func1,"[1149"",""1""]""",Org1MSP Org2MSP ,VALID, 1 1149,,,RT,141,13887,0
2022-04-07T17:24:59.393Z,057e7917e8f732ed8c9a84c843268185fc3c89f39bb3bc9b8d56f145b24b61f1,Org1MSP,Func7,"[1"",""100"",""52"",""100""]""",Org1MSP Org2MSP ,VALID, 1 52, 1 52,,UT,141,13889,0
2022-04-07T17:24:59.395Z,fece07cb1dbfb195491bd918b2afdb46163b3b37e2a563b9d424b66c75dfe27e,Org1MSP,Func4,"[11571"",""1157100"",""10006"",""1000600""]""",Org1MSP Org2MSP ,VALID,, 10006 11571,,WT,141,13885,0
2022-04-07T17:24:59.397Z,b1285fac9bc61834423e5cd61e4e89d78403ffdadb0073d01189d54b209673fc,Org1MSP,Func4,"[10391"",""1039100"",""14007"",""1400700""]""",Org1MSP Org2MSP ,VALID,, 10391 14007,,WT,141,13858,0
2022-04-07T17:24:59.398Z,d7afad6b1d2f6f7980ce37b4eb90716c98bbe5aef790e89126274e1d2302b35d,Org1MSP,Func7,"[11"",""100"",""5"",""100""]""",Org1MSP Org2MSP ,VALID, 11 5, 11 5,,UT,141,13886,0
2022-04-07T17:24:59.489Z,0a26aa8edbb08de99f81383ff7ae75646aa3ce0d74e889accd9bd9e7583e76eb,Org1MSP,Func4,"[10019"",""1001900"",""10576"",""1057600""]""",Org1MSP Org2MSP ,VALID,, 10019 10576,,WT,141,13800,0
2022-04-07T17:24:59.489Z,4aa26a6b1011ab191f712b667535e5629b4a356c900752b1d9d9baf3e143ea05,Org1MSP,Func4,"[10695"",""1069500"",""10021"",""1002100""]""",Org1MSP Org2MSP ,VALID,, 10021 10695,,WT,141,13830,0
2022-04-07T17:24:59.489Z,a418678044b6ffeddea776413d0c2b60a331ee65f46f87ea85c1b2325a9dfe94,Org1MSP,Func4,"[13750"",""1375000"",""11023"",""1102300""]""",Org1MSP Org2MSP ,VALID,, 11023 13750,,WT,141,13852,0
2022-04-07T17:24:59.491Z,582a3e6752d881bf6610cd22831ce5304c30ce983f99c219c69231e505acf6ab,Org1MSP,Func4,"[12762"",""1276200"",""10067"",""1006700""]""",Org1MSP Org2MSP ,VALID,, 10067 12762,,WT,141,13836,0
2022-04-07T17:24:59.492Z,a5c89dfb0ba1d5c54db3802fcf2c13b8dd2b4337022a2b141375ebd97addab08,Org1MSP,Func1,"[18"",""2877""]""",Org1MSP Org2MSP ,VALID, 18 2877,,,RT,141,13853,0
2022-04-07T17:24:59.493Z,c65f8bfdd5181fdf1aa81f88c6520b2b25d72e70ac7935628828f5a8dea006e1,Org1MSP,Func4,"[10167"",""1016700"",""10050"",""1005000""]""",Org1MSP Org2MSP ,VALID,, 10050 10167,,WT,141,13866,0
2022-04-07T17:24:59.495Z,6fbc8beff64b99de7f34c964691ca111cd05b83c527274f14fd8c946d670464b,Org1MSP,Func4,"[10381"",""1038100"",""10577"",""1057700""]""",Org1MSP Org2MSP ,VALID,, 10381 10577,,WT,141,13843,0
2022-04-07T17:24:59.496Z,f3254f9755718e17fc195e3ccf93b14a65853e9fd37764545255a8cad0b9a360,Org1MSP,Func4,"[10644"",""1064400"",""10008"",""1000800""]""",Org1MSP Org2MSP ,VALID,, 10008 10644,,WT,141,13881,0
2022-04-07T17:24:59.497Z,3ff26127c8a3dd324b3cc14e534ec4bd98e0e55a0148a75ab888e2c19db0a59f,Org1MSP,Func1,"[430"",""71""]""",Org1MSP Org2MSP ,VALID, 430 71,,,RT,141,13825,0
2022-04-07T17:24:59.498Z,474611b2b31dcf2834b4d12d384a86ea4b770a6bcfba332be75e8d372ab86603,Org1MSP,Func4,"[11729"",""1172900"",""13168"",""1316800""]""",Org1MSP Org2MSP ,VALID,, 11729 13168,,WT,141,13828,0
2022-04-07T17:24:59.590Z,281ad612134b5e31b61890769b8bac8da6a235969ef5b2145b2bc7f23d2da575,Org1MSP,Func4,"[10016"",""1001600"",""10197"",""1019700""]""",Org1MSP Org2MSP ,VALID,, 10016 10197,,WT,141,13817,0
2022-04-07T17:24:59.590Z,5f9727e84b94649ebcf9284e152899b3119319e3a30dc845b4094ea22bf456c9,Org1MSP,Func4,"[10064"",""1006400"",""13308"",""1330800""]""",Org1MSP Org2MSP ,VALID,, 10064 13308,,WT,141,13838,0
2022-04-07T17:24:59.591Z,1f1155bb1206d7fb0bf7c9e2307ae09ffeaa24db7dc218b33956f8484db9c0c3,Org1MSP,Func7,"[7243"",""100"",""476"",""100""]""",Org1MSP Org2MSP ,VALID, 476 7243, 476 7243,,UT,141,13812,0
2022-04-07T17:24:59.593Z,18b4272f79767e92c01a5a45f5e7e3a075b413783079351455a01763a790a8af,Org1MSP,Func4,"[10197"",""1019700"",""10048"",""1004800""]""",Org1MSP Org2MSP ,VALID,, 10048 10197,,WT,141,13806,0
2022-04-07T17:24:59.595Z,abcdfd2b37f101130e734a271843d13a51e50b8be09c6064bafb7d3e61927f42,Org1MSP,Func4,"[10007"",""1000700"",""10910"",""1091000""]""",Org1MSP Org2MSP ,VALID,, 10007 10910,,WT,141,13856,0
2022-04-07T17:24:59.596Z,245d0eb60cec02ca33c1f5a8a868e032fcd91dab4c8c4798a2ed59432a2de8be,Org1MSP,Func4,"[10005"",""1000500"",""12206"",""1220600""]""",Org1MSP Org2MSP ,VALID,, 10005 12206,,WT,141,13815,0
2022-04-07T17:24:59.597Z,43e31e4ecc767161ac8f92e4e6bc49c2f2e8a170c0bbc5f19629a4731b3635ea,Org1MSP,Func4,"[10308"",""1030800"",""10344"",""1034400""]""",Org1MSP Org2MSP ,VALID,, 10308 10344,,WT,141,13827,0
2022-04-07T17:24:59.598Z,49a21d18eb3f25aef776faa7b3532860dedb0dee4ff50abf2ff2338d5aed94ce,Org1MSP,Func4,"[10537"",""1053700"",""16824"",""1682400""]""",Org1MSP Org2MSP ,VALID,, 10537 16824,,WT,141,13829,0
2022-04-07T17:24:59.601Z,b1bf4f3b9bfadcf0ac7fede4393be3f7be932f0962fad6bf33f9fe675d9a6cb1,Org1MSP,Func7,"[780"",""100"",""1050"",""100""]""",Org1MSP Org2MSP ,VALID, 1050 780, 1050 780,,UT,141,13859,0
2022-04-07T17:24:59.688Z,ddb2144aef94ce7477a1feef8acd08ce8284e5b599d1478aa6cd8b00495cf52d,Org1MSP,Func7,"[1699"",""100"",""3620"",""100""]""",Org1MSP Org2MSP ,VALID, 1699 3620, 1699 3620,,UT,141,13875,0
2022-04-07T17:24:59.690Z,f3fc46726d83e442657da43474a9f35d05ad9e54d981c5e86f9bda984db91f41,Org1MSP,Func1,"[146"",""46""]""",Org1MSP Org2MSP ,VALID, 146 46,,,RT,141,13882,0
2022-04-07T17:24:59.693Z,f4e6904e3cf8166097472a684b0dcc03003fe46716342d9ea725ff126a0f8e81,Org1MSP,Func4,"[15087"",""1508700"",""10006"",""1000600""]""",Org1MSP Org2MSP ,VALID,, 10006 15087,,WT,141,13883,0
2022-04-07T17:24:59.694Z,16f41de136c9f09f74c4e2d08117b24aa1bf05b273249599f6d1c462f06af3c0,Org1MSP,Func4,"[11915"",""1191500"",""10188"",""1018800""]""",Org1MSP Org2MSP ,VALID,, 10188 11915,,WT,141,13805,0
2022-04-07T17:24:59.695Z,cdb1bd8ad839bc1111b5a79b51b5f2b0e186518fea379d1b4e8541404ae79e0e,Org1MSP,Func4,"[10004"",""1000400"",""10121"",""1012100""]""",Org1MSP Org2MSP ,VALID,, 10004 10121,,WT,141,13867,0
2022-04-07T17:24:59.697Z,979217889637eaf3b3c1490bc0136de304cade218631a359b9d1016e4c4d1655,Org1MSP,Func4,"[10440"",""1044000"",""10857"",""1085700""]""",Org1MSP Org2MSP ,VALID,, 10440 10857,,WT,141,13847,0
2022-04-07T17:24:59.698Z,69bf5a40278fc896f7d04bf69de646e7a468cd20e2a9c7183d625473843027a5,Org1MSP,Func1,"[7"",""34""]""",Org1MSP Org2MSP ,VALID, 34 7,,,RT,141,13841,0
2022-04-07T17:24:59.698Z,d637735645ee6187575744eea2f2916a73435dd435e1e173d9e1154bb9e3498a,Org1MSP,Func4,"[10192"",""1019200"",""11590"",""1159000""]""",Org1MSP Org2MSP ,VALID,, 10192 11590,,WT,141,13872,0
2022-04-07T17:24:59.699Z,b2602b7676241a008c245e2c28b1f3318342255aee8e33bf7d82a8b4258bd3d0,Org1MSP,Func1,"[6678"",""2088""]""",Org1MSP Org2MSP ,VALID, 2088 6678,,,RT,141,13861,0
2022-04-07T17:24:59.788Z,985af79b520f4576146fa523f9a726369a335f7d77fe77c55f082933d1dc35dc,Org1MSP,Func4,"[10051"",""1005100"",""10012"",""1001200""]""",Org1MSP Org2MSP ,VALID,, 10012 10051,,WT,141,13848,0
2022-04-07T17:24:59.790Z,0d90eae06ad0531d150c4b2eb8cb451f5a03226d019fb69199fa22893b1c5eda,Org1MSP,Func4,"[15481"",""1548100"",""16960"",""1696000""]""",Org1MSP Org2MSP ,VALID,, 15481 16960,,WT,141,13801,0
2022-04-07T17:24:59.790Z,ae376b5c86b10539a37298ab80981fdec2a4a2e3e8d0071779a95766933e91c1,Org1MSP,Func4,"[11942"",""1194200"",""10003"",""1000300""]""",Org1MSP Org2MSP ,VALID,, 10003 11942,,WT,141,13857,0
2022-04-07T17:24:59.790Z,e32589d27711ee828a702714164d1b9280cb956d3e4b8e48d186a8456e29564e,Org1MSP,Func4,"[10091"",""1009100"",""11609"",""1160900""]""",Org1MSP Org2MSP ,VALID,, 10091 11609,,WT,141,13877,0
2022-04-07T17:24:59.792Z,3ff3b2f5d8de6d046c3f2378475a458732dcfc9358b6753ff282b95aa49c369e,Org1MSP,Func1,"[2"",""3410""]""",Org1MSP Org2MSP ,VALID, 2 3410,,,RT,141,13826,0
2022-04-07T17:24:59.793Z,29e31bdb537f146cb04f6720b0093dddd52075585aff04fc168acdb39a1d9b63,Org1MSP,Func4,"[10043"",""1004300"",""10017"",""1001700""]""",Org1MSP Org2MSP ,VALID,, 10017 10043,,WT,141,13819,0
2022-04-07T17:24:59.794Z,d2326a83150d7177777b77387d4941e5bcae9d71adb9cbda63c40a73e29c81c5,Org1MSP,Func4,"[10021"",""1002100"",""13359"",""1335900""]""",Org1MSP Org2MSP ,VALID,, 10021 13359,,WT,141,13868,0
2022-04-07T17:24:59.796Z,d5d1e128c3b827fb818028401dc8b2e17a7ff1115ae4209331213d07d7ff82d3,Org1MSP,Func7,"[217"",""100"",""19"",""100""]""",Org1MSP Org2MSP ,VALID, 19 217, 19 217,,UT,141,13871,0
2022-04-07T17:24:59.798Z,3f8f052621726618df3870933ae0318ca1c7cd5bba3f17ba4ad9e3587dfdb78e,Org1MSP,Func4,"[10004"",""1000400"",""10096"",""1009600""]""",Org1MSP Org2MSP ,VALID,, 10004 10096,,WT,141,13824,0
2022-04-07T17:24:59.798Z,903d52b51e9a93aae6e887735f485780b3dfc857c470d1afcbf11c82b12da5e4,Org1MSP,Func1,"[16"",""1""]""",Org1MSP Org2MSP ,VALID, 1 16,,,RT,141,13888,0
2022-04-07T17:24:59.889Z,2e718ac6d215bfa67afd504f233b640c5ed4b1eeb83a098642ab005ffeb79fa2,Org1MSP,Func7,"[1490"",""100"",""4"",""100""]""",Org1MSP Org2MSP ,VALID, 1490 4, 1490 4,,UT,141,13820,0
2022-04-07T17:24:59.890Z,46dd32eab748d308de1267c730694130526d88a42ae834f550d27448103c18e8,Org1MSP,Func7,"[2"",""100"",""21"",""100""]""",Org1MSP Org2MSP ,VALID, 2 21, 2 21,,UT,142,13913,0
2022-04-07T17:24:59.892Z,b9b750d3594ff6d66a4e91515d984cc9a9ffdbdce1df613a9285c4afa2b686b1,Org1MSP,Func1,"[6823"",""936""]""",Org1MSP Org2MSP ,VALID, 6823 936,,,RT,142,13956,0
2022-04-07T17:24:59.894Z,a749c38ab54d2a2bdc65f1447f1ec47913957f9de4992ef65ac1ecb9c38216c7,Org1MSP,Func4,"[10580"",""1058000"",""10007"",""1000700""]""",Org1MSP Org2MSP ,VALID,, 10007 10580,,WT,141,13854,0
2022-04-07T17:24:59.896Z,12756077cdc252b26862224ac4c341f824820cab78f45e3f8df707ac36f36f03,Org1MSP,Func4,"[10000"",""1000000"",""10665"",""1066500""]""",Org1MSP Org2MSP ,VALID,, 10000 10665,,WT,142,13896,0
2022-04-07T17:24:59.896Z,7478ccecd0136c15b02a925df2bd988c1414441e30dca7c70b73329fe7071d1b,Org1MSP,Func7,"[272"",""100"",""487"",""100""]""",Org1MSP Org2MSP ,VALID, 272 487, 272 487,,UT,142,13933,0
2022-04-07T17:24:59.898Z,24b7e35a5bf7501b788050f28f0a1a881ce662156728c1fd1fc4adfed55c593d,Org1MSP,Func4,"[10009"",""1000900"",""10000"",""1000000""]""",Org1MSP Org2MSP ,VALID,, 10000 10009,,WT,142,13901,0
2022-04-07T17:24:59.988Z,c38da1ccc268d32d258b914595e102bbe66c1eb743bcb878bbbe1bf7ec13bd84,Org1MSP,Func4,"[10464"",""1046400"",""10018"",""1001800""]""",Org1MSP Org2MSP ,VALID,, 10018 10464,,WT,142,13962,0
2022-04-07T17:24:59.990Z,53992dd4c9127ee48890365178a411841da3b770e95e04f78a4e753a6c233682,Org1MSP,Func4,"[10077"",""1007700"",""12263"",""1226300""]""",Org1MSP Org2MSP ,VALID,, 10077 12263,,WT,142,13921,0
2022-04-07T17:24:59.990Z,c0f69f32efede5891f755eaddfaadec8997f93eb4068193044e50cf3ad565d0a,Org1MSP,Func4,"[13389"",""1338900"",""10869"",""1086900""]""",Org1MSP Org2MSP ,VALID,, 10869 13389,,WT,142,13959,0
2022-04-07T17:24:59.991Z,26cbc43aac2d9ce7a6444ca2a8043ffa0183281d5808a9bc318b16556bac6d37,Org1MSP,Func1,"[1216"",""1654""]""",Org1MSP Org2MSP ,VALID, 1216 1654,,,RT,142,13903,0
2022-04-07T17:24:59.994Z,917655b5df1c19d290061fcf0d387974b1ed33d36822801b2d10df9383700b11,Org1MSP,Func7,"[8"",""100"",""108"",""100""]""",Org1MSP Org2MSP ,VALID, 108 8, 108 8,,UT,142,13944,0
2022-04-07T17:24:59.995Z,9002b31b38482a39abd5ebe45d797f8d8cdf89c8742995bd62c25ff158958df4,Org1MSP,Func4,"[11150"",""1115000"",""10000"",""1000000""]""",Org1MSP Org2MSP ,VALID,, 10000 11150,,WT,142,13943,0
2022-04-07T17:24:59.996Z,222760e4fcd6af37ecc7e00096e0924ec3343d40ca700718d1538996c480782d,Org1MSP,Func4,"[10000"",""1000000"",""10205"",""1020500""]""",Org1MSP Org2MSP ,VALID,, 10000 10205,,WT,142,13900,0
2022-04-07T17:24:59.998Z,26300093bbee3af5d34415c3b54501d34c7b05277126259a5e24305496450289,Org1MSP,Func7,"[102"",""100"",""514"",""100""]""",Org1MSP Org2MSP ,VALID, 102 514, 102 514,,UT,142,13902,0
2022-04-07T17:24:59.998Z,c5ea14669a623a6687a27f3ec7ea7511ba623a93ed4cb5ffe1298af40561a452,Org1MSP,Func7,"[3841"",""100"",""29"",""100""]""",Org1MSP Org2MSP ,VALID, 29 3841, 29 3841,,UT,142,13964,0
2022-04-07T17:25:00.089Z,528878c00206849ad8480898b95b854cb2d960c9200e1e511a1700e87e685ddb,Org1MSP,Func4,"[10001"",""1000100"",""10921"",""1092100""]""",Org1MSP Org2MSP ,VALID,, 10001 10921,,WT,142,13919,0
2022-04-07T17:25:00.090Z,1db591aef6b775dd5a14f2f23b152a8306d7a84f0a4b70b1df322dfecf600cdd,Org1MSP,Func4,"[10007"",""1000700"",""10351"",""1035100""]""",Org1MSP Org2MSP ,VALID,, 10007 10351,,WT,142,13899,0
2022-04-07T17:25:00.090Z,240cfa69652b526f035b520015753b62584f37805cf5ee302248b77ef1326dfc,Org1MSP,Func7,"[64"",""100"",""3"",""100""]""",Org1MSP Org2MSP ,VALID, 3 64, 3 64,,UT,142,13987,0
2022-04-07T17:25:00.092Z,b7dd09a2b5ed46f0663b9b8d6516480d49c532e2b2aebcb514be0f2775ddc65f,Org1MSP,Func1,"[867"",""1""]""",Org1MSP Org2MSP ,VALID, 1 867,,,RT,142,13954,0
2022-04-07T17:25:00.094Z,5ebaf2f031186aff7c56d105aa196029f30a0e2b63080a6fc14b8e55c46215f3,Org1MSP,Func4,"[10256"",""1025600"",""10164"",""1016400""]""",Org1MSP Org2MSP ,VALID,, 10164 10256,,WT,142,13924,0
2022-04-07T17:25:00.095Z,f0b96c117578858efe5f801f97a5b03d339b9bc6aa4a476599e1e4b979e30015,Org1MSP,Func4,"[10584"",""1058400"",""10003"",""1000300""]""",Org1MSP Org2MSP ,VALID,, 10003 10584,,WT,142,13978,0
2022-04-07T17:25:00.096Z,85ff416ceb264754c184caa96b50c3428d150c11c843a34000be2e0170fead52,Org1MSP,Func4,"[10003"",""1000300"",""10401"",""1040100""]""",Org1MSP Org2MSP ,VALID,, 10003 10401,,WT,142,13940,0
2022-04-07T17:25:00.096Z,fe8bdc411e14504005a4a51097ddae97f4621566431ddb17cf00aa5fd30352ec,Org1MSP,Func4,"[10176"",""1017600"",""10044"",""1004400""]""",Org1MSP Org2MSP ,VALID,, 10044 10176,,WT,142,13984,0
2022-04-07T17:25:00.097Z,8036b24288d5a33718d2f6929be4469ddc4b40a33250ebbac9fc60294feb60e4,Org1MSP,Func4,"[11700"",""1170000"",""10829"",""1082900""]""",Org1MSP Org2MSP ,VALID,, 10829 11700,,WT,142,13938,0
2022-04-07T17:25:00.100Z,079118e22b9ca06a2491e4d23dddbf296951263f0d7d2b2b799475da3093af12,Org1MSP,Func4,"[11262"",""1126200"",""10000"",""1000000""]""",Org1MSP Org2MSP ,VALID,, 10000 11262,,WT,142,13891,0
2022-04-07T17:25:00.189Z,6e05597e1e1a4ed1982e4ef4dea21570009f43d5105d4f6dd5c76ca378537d65,Org1MSP,Func4,"[10972"",""1097200"",""10006"",""1000600""]""",Org1MSP Org2MSP ,VALID,, 10006 10972,,WT,142,13927,0
2022-04-07T17:25:00.192Z,1c2a29b59e41148f1d8ffbca4028fe3deae856e88bb91abd614a18a59369ad24,Org1MSP,Func7,"[267"",""100"",""2503"",""100""]""",Org1MSP Org2MSP ,VALID, 2503 267, 2503 267,,UT,142,13898,0
2022-04-07T17:25:00.192Z,73f1d86a0b8c8640edc8b51f75084dc25de345230e3175f6f43d971a697c3f42,Org1MSP,Func4,"[14354"",""1435400"",""10361"",""1036100""]""",Org1MSP Org2MSP ,VALID,, 10361 14354,,WT,142,13932,0
2022-04-07T17:25:00.195Z,c2e18c901a34231041521987e082ca111e3198a1f58a312c82949b3292f886ff,Org1MSP,Func4,"[10043"",""1004300"",""10319"",""1031900""]""",Org1MSP Org2MSP ,VALID,, 10043 10319,,WT,142,13961,0
2022-04-07T17:25:00.196Z,082c2eff3c448446d8dc47fe9237a8a2d492860d955d607cb28bcb3992e907de,Org1MSP,Func4,"[10001"",""1000100"",""10000"",""1000000""]""",Org1MSP Org2MSP ,VALID,, 10000 10001,,WT,142,13892,0
2022-04-07T17:25:00.197Z,ba07355114a2b4a60da5e0ae9ddb23264e124cbfbc3c6c06523f655c3effe270,Org1MSP,Func4,"[10024"",""1002400"",""16767"",""1676700""]""",Org1MSP Org2MSP ,VALID,, 10024 16767,,WT,142,13957,0
2022-04-07T17:25:00.198Z,658b552e680e18ed22956728e3bcd9195c9af0394f0afa25c2add374b2f07a64,Org1MSP,Func4,"[10072"",""1007200"",""11471"",""1147100""]""",Org1MSP Org2MSP ,VALID,, 10072 11471,,WT,142,13925,0
2022-04-07T17:25:00.289Z,36555311ed4d9761e9eeff1b7bd9d1e6aedb378cf2283516b3293051e1f9a905,Org1MSP,Func4,"[10003"",""1000300"",""10001"",""1000100""]""",Org1MSP Org2MSP ,VALID,, 10001 10003,,WT,142,13909,0
2022-04-07T17:25:00.289Z,9a0031d8b6753db206640713e57f774e489d3dcdb8622e1e8086ab2b6a8d80d9,Org1MSP,Func1,"[229"",""389""]""",Org1MSP Org2MSP ,VALID, 229 389,,,RT,142,13945,0
2022-04-07T17:25:00.291Z,5c89ef30577d312b38d2e7b6fde4587d9da9b045ba4efdfeefbf7e557cced4e5,Org1MSP,Func4,"[13859"",""1385900"",""10000"",""1000000""]""",Org1MSP Org2MSP ,VALID,, 10000 13859,,WT,142,13922,0
2022-04-07T17:25:00.294Z,eb39814f80c23aa56eace166169d772fdfe97133a1b73745e75e10650b9d8715,Org1MSP,Func4,"[10010"",""1001000"",""10195"",""1019500""]""",Org1MSP Org2MSP ,VALID,, 10010 10195,,WT,142,13977,0
2022-04-07T17:25:00.296Z,acf5b7d0e672f8cfbba7e9542af259f060ba5dd15a4afafce2da2981fb56c89d,Org1MSP,Func4,"[10739"",""1073900"",""10145"",""1014500""]""",Org1MSP Org2MSP ,VALID,, 10145 10739,,WT,142,13952,0
2022-04-07T17:25:00.298Z,503a6a4dc0828af0453b374540dbf84320b46169a00d35fd97e11153d73b5cdb,Org1MSP,Func4,"[10001"",""1000100"",""10006"",""1000600""]""",Org1MSP Org2MSP ,VALID,, 10001 10006,,WT,142,13917,0
2022-04-07T17:25:00.298Z,767be9639a4e858c0a1d6a8024883c39fddfd498fe4f10749eb6c568d0a00587,Org1MSP,Func4,"[15240"",""1524000"",""10662"",""1066200""]""",Org1MSP Org2MSP ,VALID,, 10662 15240,,WT,142,13934,0
2022-04-07T17:25:00.301Z,81b2ca19c09a82290210eb6decf1506b4185779e38074b8dbb9dc52815197ab8,Org1MSP,Func7,"[6"",""100"",""31"",""100""]""",Org1MSP Org2MSP ,VALID, 31 6, 31 6,,UT,142,13939,0
2022-04-07T17:25:00.388Z,d7b7b46fca02aefc5d7385eb072572518a5608061c6a049d44faabf09e9e04af,Org1MSP,Func4,"[18296"",""1829600"",""12344"",""1234400""]""",Org1MSP Org2MSP ,VALID,, 12344 18296,,WT,142,13970,0
2022-04-07T17:25:00.389Z,6fff3dea8b13856f827ceb61a22eee6812624656b85b6017341952fdcac3858d,Org1MSP,Func4,"[10226"",""1022600"",""10018"",""1001800""]""",Org1MSP Org2MSP ,VALID,, 10018 10226,,WT,142,13929,0
2022-04-07T17:25:00.390Z,c1689e257c2ed3fc91824efa75ba13996fce2fb174aa020549e1391bac65e11b,Org1MSP,Func4,"[13065"",""1306500"",""19219"",""1921900""]""",Org1MSP Org2MSP ,VALID,, 13065 19219,,WT,142,13960,0
2022-04-07T17:25:00.392Z,ce14174cd15b9288103bd1db3118753fcac546af142ea969b302d9865be8b52c,Org1MSP,Func4,"[10460"",""1046000"",""10002"",""1000200""]""",Org1MSP Org2MSP ,VALID,, 10002 10460,,WT,142,13967,0
2022-04-07T17:25:00.392Z,fa3e405bcc63850ebc47461ea180b2633740f55c4079d459cf4bb116454f7498,Org1MSP,Func4,"[10272"",""1027200"",""10002"",""1000200""]""",Org1MSP Org2MSP ,VALID,, 10002 10272,,WT,142,13981,0
2022-04-07T17:25:00.395Z,7e134624e60a4e4c347ffc2ae82b5bc9a3594ca74f4d0b1ecada50b06df0c103,Org1MSP,Func4,"[10109"",""1010900"",""12419"",""1241900""]""",Org1MSP Org2MSP ,VALID,, 10109 12419,,WT,142,13937,0
2022-04-07T17:25:00.397Z,0993554265830d97564152285522c08870df34569d3dec7367c94953f1b25cfa,Org1MSP,Func4,"[10844"",""1084400"",""10107"",""1010700""]""",Org1MSP Org2MSP ,VALID,, 10107 10844,,WT,142,13893,0
2022-04-07T17:25:00.397Z,2807dc554e35b82e1e9e3ce4c33f813778296a3caa52573a8399b44989c30720,Org1MSP,Func1,"[36"",""1""]""",Org1MSP Org2MSP ,VALID, 1 36,,,RT,142,13904,0
2022-04-07T17:25:00.397Z,4421d5467bf9f21308cc9e645d65b7b5b484079c3bc349017350c7a8024b0f31,Org1MSP,Func4,"[10005"",""1000500"",""10286"",""1028600""]""",Org1MSP Org2MSP ,VALID,, 10005 10286,,WT,142,13912,0
2022-04-07T17:25:00.399Z,d86237416b9ca8491a24de3ce98e43160ba66a0a0c2058afdd5cf60797d13b84,Org1MSP,Func1,"[949"",""4""]""",Org1MSP Org2MSP ,VALID, 4 949,,,RT,142,13971,0
2022-04-07T17:25:00.490Z,47ac19f6df45322b7301ca9ae79339949f6c7aa82ebe151cbea907a0ab2c5cde,Org1MSP,Func4,"[11032"",""1103200"",""10013"",""1001300""]""",Org1MSP Org2MSP ,VALID,, 10013 11032,,WT,142,13914,0
2022-04-07T17:25:00.490Z,7ce6a7f8e9102008d554fff1d23bea07818d47ce0bb84feb0e26ed22f4be8123,Org1MSP,Func4,"[10006"",""1000600"",""10191"",""1019100""]""",Org1MSP Org2MSP ,VALID,, 10006 10191,,WT,142,13935,0
2022-04-07T17:25:00.493Z,a341a6fac0526c9728131a83d77954fbcf2d68f15547a6a9a15d10188201eee5,Org1MSP,Func1,"[135"",""11""]""",Org1MSP Org2MSP ,VALID, 11 135,,,RT,142,13950,0
2022-04-07T17:25:00.494Z,507509cdd8d02b79df3d9231f4c48b14656be67e30826e3ee88b8a5f479e6327,Org1MSP,Func4,"[10003"",""1000300"",""10001"",""1000100""]""",Org1MSP Org2MSP ,VALID,, 10001 10003,,WT,142,13918,0
2022-04-07T17:25:00.494Z,7dec738b13f7d33fbba0f602fa0ad44b3adaded80f719bf1930182e2be868e02,Org1MSP,Func7,"[30"",""100"",""9"",""100""]""",Org1MSP Org2MSP ,VALID, 30 9, 30 9,,UT,142,13936,0
2022-04-07T17:25:00.496Z,9a7f80249acc1278a2fb1d8cca92f0412902c91f85b44183f07a6aa29f5192ee,Org1MSP,Func4,"[11937"",""1193700"",""11169"",""1116900""]""",Org1MSP Org2MSP ,VALID,, 11169 11937,,WT,142,13946,0
2022-04-07T17:25:00.496Z,dfdd6f2d731b58d98843bbaa095e559ff4e315ada44bbe10b8a9b153311a6546,Org1MSP,Func4,"[11264"",""1126400"",""10012"",""1001200""]""",Org1MSP Org2MSP ,VALID,, 10012 11264,,WT,142,13975,0
2022-04-07T17:25:00.497Z,de0f039b1b56a6fa83242a15ed332b85a8f3fb494f15de284f5701cd56e6b49b,Org1MSP,Func4,"[13001"",""1300100"",""10028"",""1002800""]""",Org1MSP Org2MSP ,VALID,, 10028 13001,,WT,142,13974,0
2022-04-07T17:25:00.497Z,fd6a2fc817e80f0fa720af077f7ec2b0e4fdd6d83d0f4d5318a1e8bd91492ee4,Org1MSP,Func4,"[10231"",""1023100"",""10010"",""1001000""]""",Org1MSP Org2MSP ,VALID,, 10010 10231,,WT,142,13983,0
2022-04-07T17:25:00.500Z,52d57c11aaaa9301e0660f39d2630826b2ebd3ea7099e2d55688ca475e16de6f,Org1MSP,Func4,"[10001"",""1000100"",""11448"",""1144800""]""",Org1MSP Org2MSP ,VALID,, 10001 11448,,WT,142,13920,0
2022-04-07T17:25:00.589Z,4c01a806fcda363cc06850accb9a7601d02cad1d7369438caf172391906d9747,Org1MSP,Func4,"[10000"",""1000000"",""10042"",""1004200""]""",Org1MSP Org2MSP ,VALID,, 10000 10042,,WT,142,13915,0
2022-04-07T17:25:00.589Z,9f4b9728633de3447d441f2144c5c02c828fcc39b37eecae7d40143758ffcfe1,Org1MSP,Func7,"[3627"",""100"",""5"",""100""]""",Org1MSP Org2MSP ,VALID, 3627 5, 3627 5,,UT,142,13948,0
2022-04-07T17:25:00.589Z,d54df7463b37e84b1d7380dbf0ad2003d7a3bc0618fb19a0187a67789809eded,Org1MSP,Func7,"[1718"",""100"",""154"",""100""]""",Org1MSP Org2MSP ,VALID, 154 1718, 154 1718,,UT,142,13968,0
2022-04-07T17:25:00.592Z,ee95ad7442ab7fd64313ab1486abde4518a6f8292ccf1b1551cc27c06a366333,Org1MSP,Func1,"[399"",""1""]""",Org1MSP Org2MSP ,VALID, 1 399,,,RT,142,13986,0
2022-04-07T17:25:00.593Z,bf05c18c6506469e45ef94d86c47780e37a7bce581ee20ff6d4478e708810d74,Org1MSP,Func7,"[11"",""100"",""18"",""100""]""",Org1MSP Org2MSP ,VALID, 11 18, 11 18,,UT,142,13985,0
2022-04-07T17:25:00.594Z,06b511ac44e88f9cddec48aaea40c9d0f35c13dab210eff8f85660aa57ed0252,Org1MSP,Func7,"[6105"",""100"",""6959"",""100""]""",Org1MSP Org2MSP ,VALID, 6105 6959, 6105 6959,,UT,142,13890,0
2022-04-07T17:25:00.594Z,e3ec38a48e0015d4cadbfb0dd090af2e9e2b7b21ec4436436c8a737196a7c301,Org1MSP,Func4,"[10308"",""1030800"",""10033"",""1003300""]""",Org1MSP Org2MSP ,VALID,, 10033 10308,,WT,142,13976,0
2022-04-07T17:25:00.596Z,adf0a39fb55f187f5f09d42439a628cea99296f96ae00695f7a4a3652daaf10e,Org1MSP,Func4,"[10133"",""1013300"",""16567"",""1656700""]""",Org1MSP Org2MSP ,VALID,, 10133 16567,,WT,142,13953,0
2022-04-07T17:25:00.597Z,a048b7b79477189dcb17a88558bbaaae10ff2e9f3749303aadb49f6a86f0274b,Org1MSP,Func4,"[19423"",""1942300"",""10004"",""1000400""]""",Org1MSP Org2MSP ,VALID,, 10004 19423,,WT,142,13949,0
2022-04-07T17:25:00.598Z,37ec681d54c9cbac10ca57c7f72ceb411646dc3633f6f801afd77779094f374d,Org1MSP,Func4,"[10000"",""1000000"",""10004"",""1000400""]""",Org1MSP Org2MSP ,VALID,, 10000 10004,,WT,142,13910,0
2022-04-07T17:25:00.689Z,0c05dc0b173742ab4e13fcecf9676d42d4679f1fb385dac3a28fbb5a22e467e1,Org1MSP,Func1,"[55"",""5089""]""",Org1MSP Org2MSP ,VALID, 5089 55,,,RT,142,13894,0
2022-04-07T17:25:00.689Z,a69d080c5d9cbf270e3873939600c0aa585de679510093bb09f22448e91c47cc,Org1MSP,Func4,"[10080"",""1008000"",""10001"",""1000100""]""",Org1MSP Org2MSP ,VALID,, 10001 10080,,WT,142,13951,0
2022-04-07T17:25:00.689Z,c9553a83329de941c0bc3cb6aad5ed1b0033927a65dfb5c637fbae401ee94a44,Org1MSP,Func4,"[10155"",""1015500"",""10012"",""1001200""]""",Org1MSP Org2MSP ,VALID,, 10012 10155,,WT,142,13965,0
2022-04-07T17:25:00.693Z,879bc1a4a464f12b567fd08d570879fb5495ae2f20ec62a3ede59279a15c63e5,Org1MSP,Func4,"[10002"",""1000200"",""10687"",""1068700""]""",Org1MSP Org2MSP ,VALID,, 10002 10687,,WT,142,13941,0
2022-04-07T17:25:00.693Z,f278dc5646c697fbf6b6c68c6d5defbe8e220f43bab09180da823a1129f0488b,Org1MSP,Func7,"[66"",""100"",""275"",""100""]""",Org1MSP Org2MSP ,VALID, 275 66, 275 66,,UT,142,13979,0
2022-04-07T17:25:00.694Z,7051e5fb35fe84a7fd55a196199a9662320da7e29153f4b2563dfba1d9c55af3,Org1MSP,Func4,"[10040"",""1004000"",""10816"",""1081600""]""",Org1MSP Org2MSP ,VALID,, 10040 10816,,WT,142,13931,0
2022-04-07T17:25:00.695Z,5dfebbc679f099f56750c4ca16fccbc808cec240c33d9e3bef35e96df95c95cd,Org1MSP,Func7,"[228"",""100"",""5862"",""100""]""",Org1MSP Org2MSP ,VALID, 228 5862, 228 5862,,UT,142,13923,0
2022-04-07T17:25:00.697Z,0ea166c374e777fd00141508d4f49c07168209fa0a73099a04798649fdeb6815,Org1MSP,Func4,"[10001"",""1000100"",""15559"",""1555900""]""",Org1MSP Org2MSP ,VALID,, 10001 15559,,WT,142,13895,0
2022-04-07T17:25:00.697Z,6ef3051723f696e795719e63899d35fb61091a05f8f8b7c0ee1dd5eaa27cbd94,Org1MSP,Func4,"[10034"",""1003400"",""12960"",""1296000""]""",Org1MSP Org2MSP ,VALID,, 10034 12960,,WT,142,13928,0
2022-04-07T17:25:00.699Z,b8f96b9853730a419e4d3ced4445117155a9c5198a8416f3feb5f05b8c6efed2,Org1MSP,Func1,"[3"",""967""]""",Org1MSP Org2MSP ,VALID, 3 967,,,RT,142,13955,0
2022-04-07T17:25:00.788Z,704ff2748143c3307efef036dbf9d7299bdcb0deb2db3d217175e9f8aa85456b,Org1MSP,Func4,"[10012"",""1001200"",""10205"",""1020500""]""",Org1MSP Org2MSP ,VALID,, 10012 10205,,WT,142,13930,0
2022-04-07T17:25:00.789Z,6a011bdadf5c032ad9495de28c836a29d9ab73b00de53f747cefae78ed5ef8ee,Org1MSP,Func7,"[37"",""100"",""273"",""100""]""",Org1MSP Org2MSP ,VALID, 273 37, 273 37,,UT,142,13926,0
2022-04-07T17:25:00.797Z,33cc1d4b7a356afc490977e6997d4124a3281bcba794b74cdbd7dd7ab4a31992,Org1MSP,Func1,"[47"",""383""]""",Org1MSP Org2MSP ,VALID, 383 47,,,RT,142,13908,0
2022-04-07T17:25:00.798Z,bc11c85944c1bb4eb4cc96e501fb5d35dd3df5f7e22a2683e259098a90f7a356,Org1MSP,Func4,"[11833"",""1183300"",""10012"",""1001200""]""",Org1MSP Org2MSP ,VALID,, 10012 11833,,WT,142,13958,0
2022-04-07T17:25:00.798Z,fd253edceebb8e0099863db55f25e624e11e379edceabaa0db7eb0bb2c617462,Org1MSP,Func4,"[10002"",""1000200"",""10032"",""1003200""]""",Org1MSP Org2MSP ,VALID,, 10002 10032,,WT,142,13982,0
2022-04-07T17:25:00.804Z,9e6e0c53af78c5fe23f77ad4bac47da06a9da82a7a0eb1b4eedc07e3ae2788c9,Org1MSP,Func4,"[11582"",""1158200"",""12737"",""1273700""]""",Org1MSP Org2MSP ,VALID,, 11582 12737,,WT,142,13947,0
2022-04-07T17:25:00.804Z,c453c6a503c3412da296e576692d60789d7b6ce57b60ee9d567a66cd0df47bff,Org1MSP,Func4,"[11493"",""1149300"",""10040"",""1004000""]""",Org1MSP Org2MSP ,VALID,, 10040 11493,,WT,142,13963,0
2022-04-07T17:25:00.817Z,199f7c9cd626e160dcfafa02eaf99ca885b8d1837fc69e34e05129325d754e99,Org1MSP,Func4,"[11819"",""1181900"",""10291"",""1029100""]""",Org1MSP Org2MSP ,VALID,, 10291 11819,,WT,142,13897,0
2022-04-07T17:25:00.818Z,2f940534550461a9d1fe9281fabd7f2f1ab4b536683e8d8ae6c2bee792295901,Org1MSP,Func1,"[36"",""77""]""",Org1MSP Org2MSP ,VALID, 36 77,,,RT,142,13906,0
2022-04-07T17:25:00.888Z,dd17f564c5ecad09224042acc7825c0abdc45b784ad8ba8388611dd76dd684d0,Org1MSP,Func4,"[10007"",""1000700"",""10002"",""1000200""]""",Org1MSP Org2MSP ,VALID,, 10002 10007,,WT,142,13973,0
2022-04-07T17:25:00.889Z,31f01d8db27204529a9149061eb8cd412744b49838f50da4992bc6fe78c15dd8,Org1MSP,Func1,"[710"",""40""]""",Org1MSP Org2MSP ,VALID, 40 710,,,RT,142,13907,0
2022-04-07T17:25:00.889Z,d60d070d264b9e559516e02a8e40d9875c4127512e00c70c5512aa7072eea415,Org1MSP,Func4,"[10087"",""1008700"",""17008"",""1700800""]""",Org1MSP Org2MSP ,VALID,, 10087 17008,,WT,142,13969,0
2022-04-07T17:25:00.890Z,42f053a9a397b3d239a669ced5ce93d88b53a23594c5be3d3cac07a6fa0a756a,Org1MSP,Func4,"[10001"",""1000100"",""14317"",""1431700""]""",Org1MSP Org2MSP ,VALID,, 10001 14317,,WT,142,13911,0
2022-04-07T17:25:00.893Z,28ef4116ec8676050e9c4f01fdb5aa46a21e06acda339c48751420299eee9bdc,Org1MSP,Func4,"[13236"",""1323600"",""10015"",""1001500""]""",Org1MSP Org2MSP ,VALID,, 10015 13236,,WT,142,13905,0
2022-04-07T17:25:00.894Z,cbef8a24b10416d71b852cb1e8aad4847a93d583403483186f8b84cd65e44770,Org1MSP,Func7,"[24"",""100"",""1278"",""100""]""",Org1MSP Org2MSP ,VALID, 1278 24, 1278 24,,UT,142,13966,0
2022-04-07T17:25:00.894Z,dc52775815136c4dfdcda3383afb2e62ef6e0e474266973ef7a31c58b7082fc2,Org1MSP,Func4,"[10001"",""1000100"",""11704"",""1170400""]""",Org1MSP Org2MSP ,VALID,, 10001 11704,,WT,142,13972,0
2022-04-07T17:25:00.896Z,8c3c37eb69df3dd036598c6ce3e9b4baf97e28cf198db0b6f745027f2e88f5c6,Org1MSP,Func4,"[10002"",""1000200"",""13124"",""1312400""]""",Org1MSP Org2MSP ,VALID,, 10002 13124,,WT,142,13942,0
2022-04-07T17:25:00.898Z,4da7275fa1cbccbc3e2a46fa6c39e1d5261f5c36b00a6ae0c28d05566629c268,Org1MSP,Func4,"[10002"",""1000200"",""10002"",""1000200""]""",Org1MSP Org2MSP ,VALID,, 10002,,WT,142,13916,0
2022-04-07T17:25:00.898Z,f6f837c40c08cca32f43fcc0f802872d163a6cfe8f25893830fc3a9322417960,Org1MSP,Func4,"[10000"",""1000000"",""10024"",""1002400""]""",Org1MSP Org2MSP ,VALID,, 10000 10024,,WT,142,13980,0
2022-04-07T17:25:00.988Z,773f714c2b48074e5384752a9b0d6bf73a48a67574fd136791dd11abf8aced2d,Org1MSP,Func4,"[10105"",""1010500"",""10009"",""1000900""]""",Org1MSP Org2MSP ,VALID,, 10009 10105,,WT,143,14033,0
2022-04-07T17:25:00.989Z,af78aa42cbee577881935fbbcc48f0a88b9bb07366f54d15fa5354e37c701477,Org1MSP,Func4,"[14863"",""1486300"",""10057"",""1005700""]""",Org1MSP Org2MSP ,VALID,, 10057 14863,,WT,143,14053,0
2022-04-07T17:25:00.990Z,40f052cf7533578ffc12c878b20c36ea6aa9338b709cba16a03b1192e9930c07,Org1MSP,Func4,"[10001"",""1000100"",""10122"",""1012200""]""",Org1MSP Org2MSP ,VALID,, 10001 10122,,WT,143,14017,0
2022-04-07T17:25:00.991Z,50610ce82d743cccdb6a562831549a8e5a88c2b6acbc61bafd4de96b87db5aee,Org1MSP,Func4,"[10003"",""1000300"",""10093"",""1009300""]""",Org1MSP Org2MSP ,VALID,, 10003 10093,,WT,143,14021,0
2022-04-07T17:25:00.992Z,e1eb991facefd5bbd952dff8579b699a20197301cc775d84aa7bf0cffb27c096,Org1MSP,Func4,"[11549"",""1154900"",""15964"",""1596400""]""",Org1MSP Org2MSP ,VALID,, 11549 15964,,WT,143,14064,0
2022-04-07T17:25:00.993Z,2cccf18a2de835a8740b22164980d334c4cc7c441a0e4fa94e850ce17ccf5473,Org1MSP,Func4,"[10010"",""1001000"",""10155"",""1015500""]""",Org1MSP Org2MSP ,VALID,, 10010 10155,,WT,143,14012,0
2022-04-07T17:25:00.995Z,85102c2da07694e7a441388d09e4e2cdc9f95948a9632018024e251f5b8c2057,Org1MSP,Func4,"[13658"",""1365800"",""10288"",""1028800""]""",Org1MSP Org2MSP ,VALID,, 10288 13658,,WT,143,14040,0
2022-04-07T17:25:00.997Z,6e575498da6954cbaf7eb6e0268043bae3ef7f8705052645e836be30c0c1f9fd,Org1MSP,Func4,"[10000"",""1000000"",""10684"",""1068400""]""",Org1MSP Org2MSP ,VALID,, 10000 10684,,WT,143,14029,0
2022-04-07T17:25:00.997Z,88b295adc715d7ced25870fdbcdcb868a44585458dc89fedf480eb4358a09ed0,Org1MSP,Func4,"[10002"",""1000200"",""10016"",""1001600""]""",Org1MSP Org2MSP ,VALID,, 10002 10016,,WT,143,14041,0
2022-04-07T17:25:00.998Z,62c8db77fb7fc2a00722ea99e7952f7f2ed87ad84361ab910c95ea6c1796e894,Org1MSP,Func4,"[10013"",""1001300"",""10501"",""1050100""]""",Org1MSP Org2MSP ,VALID,, 10013 10501,,WT,143,14026,0
2022-04-07T17:25:01.089Z,df2fc480bedf9348b4f117cdd5688e682d8635044532a042e065e72be06a39e6,Org1MSP,Func1,"[32"",""5760""]""",Org1MSP Org2MSP ,VALID, 32 5760,,,RT,143,14063,0
2022-04-07T17:25:01.089Z,e3654bccdf445c4b38ea0b9e708038f33a5d87885c840488be1cb4e72cc63ada,Org1MSP,Func4,"[10017"",""1001700"",""10306"",""1030600""]""",Org1MSP Org2MSP ,VALID,, 10017 10306,,WT,143,14065,0
2022-04-07T17:25:01.090Z,1d03fdd8cb9ac254ea314c2ea5396e04cb34cdfae625b52b00e99cf52d5a9c2a,Org1MSP,Func4,"[10144"",""1014400"",""10266"",""1026600""]""",Org1MSP Org2MSP ,VALID,, 10144 10266,,WT,143,14002,0
2022-04-07T17:25:01.091Z,6805589d4659331f40ca737bf80829ffdaa7766633178f30a1508001a6d6ad01,Org1MSP,Func4,"[10482"",""1048200"",""10242"",""1024200""]""",Org1MSP Org2MSP ,VALID,, 10242 10482,,WT,143,14028,0
2022-04-07T17:25:01.093Z,17d1942e578c307c4bad83d5c22a3f0e0e7b2eedaa8dc3667a1cf52da5a9b92b,Org1MSP,Func4,"[10000"",""1000000"",""10003"",""1000300""]""",Org1MSP Org2MSP ,VALID,, 10000 10003,,WT,143,14000,0
2022-04-07T17:25:01.095Z,77a281b4a68a1b47208e0d0e10ec46e8c1d7fc9bcc0c1b10144858dcec2442e8,Org1MSP,Func1,"[14"",""6960""]""",Org1MSP Org2MSP ,VALID, 14 6960,,,RT,143,14035,0
2022-04-07T17:25:01.097Z,280607aadc325e5dca454cd93eba36c60e238e6c8a738dab7b32f76f2c6238c9,Org1MSP,Func4,"[19341"",""1934100"",""10001"",""1000100""]""",Org1MSP Org2MSP ,VALID,, 10001 19341,,WT,143,14009,0
2022-04-07T17:25:01.098Z,cf52097c88226bfeb252c07bb4a35fb45fe9c1d03d0239af08ce4e891d3f5c30,Org1MSP,Func4,"[10482"",""1048200"",""10032"",""1003200""]""",Org1MSP Org2MSP ,VALID,, 10032 10482,,WT,143,14059,0
2022-04-07T17:25:01.099Z,94ca422b9a03a59cce1b495ffad08fe5fe1c7b48e78ff2cae461a35a6f0fc84a,Org1MSP,Func4,"[10004"",""1000400"",""10006"",""1000600""]""",Org1MSP Org2MSP ,VALID,, 10004 10006,,WT,143,14045,0
2022-04-07T17:25:01.100Z,1d8f614c2c8e2c533481b8bfa4775b85bc1d47785d19f344b4cc8706cb54f85e,Org1MSP,Func4,"[10242"",""1024200"",""11139"",""1113900""]""",Org1MSP Org2MSP ,VALID,, 10242 11139,,WT,143,14003,0
2022-04-07T17:25:01.189Z,776c574373b96b6eb4a74ca3bf1cbc5dceb7ea22e81a1426c6f50c17c0810e5e,Org1MSP,Func4,"[10002"",""1000200"",""10002"",""1000200""]""",Org1MSP Org2MSP ,VALID,, 10002,,WT,143,14034,0
2022-04-07T17:25:01.189Z,cc6d8a7b5ac535234c6359af6802e549dd5b1b15fbd515f51e64f40150d07e21,Org1MSP,Func4,"[10026"",""1002600"",""10004"",""1000400""]""",Org1MSP Org2MSP ,VALID,, 10004 10026,,WT,143,14058,0
2022-04-07T17:25:01.190Z,09cbbc3b73e79e198893f627abe88bed0efaba71211aedefb8cf6799fa4e2755,Org1MSP,Func4,"[10007"",""1000700"",""10014"",""1001400""]""",Org1MSP Org2MSP ,VALID,, 10007 10014,,WT,143,13992,0
2022-04-07T17:25:01.190Z,5ef04ca847aae019868894219138af08d96ea11a46ecfa6301af114dd194ce82,Org1MSP,Func4,"[10001"",""1000100"",""10210"",""1021000""]""",Org1MSP Org2MSP ,VALID,, 10001 10210,,WT,143,14025,0
2022-04-07T17:25:01.192Z,4435cc686b6e1147c0a9ff2ac66f9f7d33348bafd1f77bf935c288220b277f80,Org1MSP,Func4,"[10895"",""1089500"",""10202"",""1020200""]""",Org1MSP Org2MSP ,VALID,, 10202 10895,,WT,143,14018,0
2022-04-07T17:25:01.192Z,dafbb0945daedbbd7198c9780e43bef29dc0225a76ce8ec4f44e716543cac648,Org1MSP,Func4,"[10011"",""1001100"",""10167"",""1016700""]""",Org1MSP Org2MSP ,VALID,, 10011 10167,,WT,143,14061,0
2022-04-07T17:25:01.196Z,a33cb37d2e23a7c8d69877d7ba239cae8b8ad0f3b5ccf0adb31e21d20b48b717,Org1MSP,Func4,"[10189"",""1018900"",""10060"",""1006000""]""",Org1MSP Org2MSP ,VALID,, 10060 10189,,WT,143,14051,0
2022-04-07T17:25:01.197Z,7e99607ce0b8f7fbf33819d1de5dc178bf32e61927b865e6a6e96bbadf84a055,Org1MSP,Func1,"[952"",""1""]""",Org1MSP Org2MSP ,VALID, 1 952,,,RT,143,14038,0
2022-04-07T17:25:01.197Z,d6e1ab1cbd5432068d4085364a6671833077debf6ab908f960d679bb7b9d6e45,Org1MSP,Func4,"[10410"",""1041000"",""10941"",""1094100""]""",Org1MSP Org2MSP ,VALID,, 10410 10941,,WT,143,14060,0
2022-04-07T17:25:01.199Z,263614a0f724809c4e655985ddf5e97e4850ca342c51d490bfd068160d639a67,Org1MSP,Func1,"[3"",""801""]""",Org1MSP Org2MSP ,VALID, 3 801,,,RT,143,14006,0
2022-04-07T17:25:01.289Z,0e8d1ba799e6f12d401640bf68ce5f7443107f8204863f2add242d70b7e577a3,Org1MSP,Func4,"[10396"",""1039600"",""10007"",""1000700""]""",Org1MSP Org2MSP ,VALID,, 10007 10396,,WT,143,13994,0
2022-04-07T17:25:01.289Z,fd3b0daf3f059db504194fd074a3fb29db221f5c5147ba060cd207916cb8ead3,Org1MSP,Func4,"[10083"",""1008300"",""17783"",""1778300""]""",Org1MSP Org2MSP ,VALID,, 10083 17783,,WT,143,14076,0
2022-04-07T17:25:01.290Z,0b8a3fd42748c4b0deb89e208db7b9548990c138f205708a792fd41bd3edfea5,Org1MSP,Func4,"[10011"",""1001100"",""11045"",""1104500""]""",Org1MSP Org2MSP ,VALID,, 10011 11045,,WT,143,13993,0
2022-04-07T17:25:01.292Z,a16516122ad100dac88c548cb34f4c770bde54052145ab4f2735927067eca0e2,Org1MSP,Func4,"[10002"",""1000200"",""10000"",""1000000""]""",Org1MSP Org2MSP ,VALID,, 10000 10002,,WT,143,14050,0
2022-04-07T17:25:01.294Z,944aad74378b7de15368ae7322f699fe300dbf1ec5a736b2da8bd3857a1bffff,Org1MSP,Func4,"[16951"",""1695100"",""16337"",""1633700""]""",Org1MSP Org2MSP ,VALID,, 16337 16951,,WT,143,14044,0
2022-04-07T17:25:01.295Z,c1655e51408800b12fb6607748ba61d2d856feda3706bc0bcb34157de6b02da3,Org1MSP,Func4,"[15530"",""1553000"",""16669"",""1666900""]""",Org1MSP Org2MSP ,VALID,, 15530 16669,,WT,143,14055,0
2022-04-07T17:25:01.296Z,71902807e079d6afe2abf4c81dfdbdcb8e3a9531f7a82421b52206467873a471,Org1MSP,Func4,"[10000"",""1000000"",""10007"",""1000700""]""",Org1MSP Org2MSP ,VALID,, 10000 10007,,WT,143,14031,0
2022-04-07T17:25:01.297Z,67a708153bbee5718a262072f8595e1d77c840c388fd06d2685de4dc964bae2c,Org1MSP,Func4,"[10000"",""1000000"",""10167"",""1016700""]""",Org1MSP Org2MSP ,VALID,, 10000 10167,,WT,143,14027,0
2022-04-07T17:25:01.300Z,8d0e8a09f82e83edabf6915cf52760c4dcf609c0ad96a1332cc14099801c5be2,Org1MSP,Func4,"[11025"",""1102500"",""10085"",""1008500""]""",Org1MSP Org2MSP ,VALID,, 10085 11025,,WT,143,14043,0
2022-04-07T17:25:01.389Z,3303a5293b2e6f590665a1a41c2be6ef5fc059735e6a2e7de35bd3d865893017,Org1MSP,Func1,"[1"",""14""]""",Org1MSP Org2MSP ,VALID, 1 14,,,RT,143,14014,0
2022-04-07T17:25:01.389Z,846f7b0ff76fd8334f73dea6816c6945092060ae0b38afd77ee7b9823cd0d9d7,Org1MSP,Func7,"[241"",""100"",""1183"",""100""]""",Org1MSP Org2MSP ,VALID, 1183 241, 1183 241,,UT,143,14039,0
2022-04-07T17:25:01.390Z,056e7a434449138a17586e8a9b321bd72d00bda15bf87c1ccd4d0818adbd7a48,Org1MSP,Func4,"[10001"",""1000100"",""14177"",""1417700""]""",Org1MSP Org2MSP ,VALID,, 10001 14177,,WT,143,13990,0
2022-04-07T17:25:01.390Z,26608c852847d5c0577310162081f02b3a34fa87468cba952d7b94d156f71ad2,Org1MSP,Func4,"[10000"",""1000000"",""10001"",""1000100""]""",Org1MSP Org2MSP ,VALID,, 10000 10001,,WT,143,14008,0
2022-04-07T17:25:01.392Z,fac96332000edcec0caa70b313c30e35f58c3486999974a7656e1534a5bba1b0,Org1MSP,Func1,"[25"",""1""]""",Org1MSP Org2MSP ,VALID, 1 25,,,RT,143,14074,0
2022-04-07T17:25:01.393Z,19bca5663c71fea24ec4e89fa2476eb1dcde1972340a4d9eb0b387ad00ac5e4e,Org1MSP,Func7,"[70"",""100"",""53"",""100""]""",Org1MSP Org2MSP ,VALID, 53 70, 53 70,,UT,143,14001,0
2022-04-07T17:25:01.394Z,584f7f64002a1d4399a3819b2a5a4bdc1e00505e96ca64f9c5eb7224230deb9e,Org1MSP,Func1,"[5527"",""83""]""",Org1MSP Org2MSP ,VALID, 5527 83,,,RT,143,14023,0
2022-04-07T17:25:01.397Z,c27dbe25665b5537af20e668058954f4e79db280c4f3f86acf59301332578d43,Org1MSP,Func7,"[5"",""100"",""6986"",""100""]""",Org1MSP Org2MSP ,VALID, 5 6986, 5 6986,,UT,143,14056,0
2022-04-07T17:25:01.397Z,8b62ceaab6dbee50124f7aaea967e48cb21ff8ce8e31a2aa032628799a5521eb,Org1MSP,Func1,"[3"",""668""]""",Org1MSP Org2MSP ,VALID, 3 668,,,RT,143,14078,0
2022-04-07T17:25:01.399Z,2ad1c6a13e3ea72afae403387f98a173656c2f62f9f9a95276dfc4b86f412f62,Org1MSP,Func7,"[627"",""100"",""1615"",""100""]""",Org1MSP Org2MSP ,VALID, 1615 627, 1615 627,,UT,143,14011,0
2022-04-07T17:25:01.489Z,4842797d6ef837d0be1edf41638f950c82ca2742af8798f4a7bac8e2c0ac042c,Org1MSP,Func4,"[17907"",""1790700"",""10192"",""1019200""]""",Org1MSP Org2MSP ,VALID,, 10192 17907,,WT,143,14019,0
2022-04-07T17:25:01.489Z,992d3d78a71e913094f8bf9f092dbac2964939ff6527004b33f5bc6a1a9575a5,Org1MSP,Func7,"[2"",""100"",""2244"",""100""]""",Org1MSP Org2MSP ,VALID, 2 2244, 2 2244,,UT,143,14077,0
2022-04-07T17:25:01.490Z,ed4aba2224c681f1cfccc623f33e2c897b5e45f6c239b034380a60167bac9f4c,Org1MSP,Func4,"[10007"",""1000700"",""10137"",""1013700""]""",Org1MSP Org2MSP ,VALID,, 10007 10137,,WT,143,14068,0
2022-04-07T17:25:01.491Z,142c7b580c756674bdc8f9493be43d59dfd430b7573a4a924c983e3de4701639,Org1MSP,Func1,"[2"",""9289""]""",Org1MSP Org2MSP ,VALID, 2 9289,,,RT,143,13997,0
2022-04-07T17:25:01.493Z,3a48637224ac8cbc313796bc5b1a8efe08400123f091a93289554cdcce3c2198,Org1MSP,Func4,"[10710"",""1071000"",""10069"",""1006900""]""",Org1MSP Org2MSP ,VALID,, 10069 10710,,WT,143,14016,0
2022-04-07T17:25:01.493Z,742fbb60f238a234a597d9ec7f5849f5cba822587e301cd4194cfe86102ed85c,Org1MSP,Func4,"[10245"",""1024500"",""12337"",""1233700""]""",Org1MSP Org2MSP ,VALID,, 10245 12337,,WT,143,14032,0
2022-04-07T17:25:01.496Z,96e4e4493cdf24f62117a0a3a23ae9839efcd4ca0439c054200486c26ae6be1e,Org1MSP,Func4,"[10000"",""1000000"",""11404"",""1140400""]""",Org1MSP Org2MSP ,VALID,, 10000 11404,,WT,143,14047,0
2022-04-07T17:25:01.497Z,f6c3513011e973ccf672af379354b8003b2c40ac3be0c3d3124db2e923a41fc5,Org1MSP,Func1,"[1"",""8""]""",Org1MSP Org2MSP ,VALID, 1 8,,,RT,143,14073,0
2022-04-07T17:25:01.498Z,23029244a85238ed0d98f2b0621bf837ff47014d129fbedaef1a1c08a3338f05,Org1MSP,Func4,"[10092"",""1009200"",""10024"",""1002400""]""",Org1MSP Org2MSP ,VALID,, 10024 10092,,WT,143,14005,0
2022-04-07T17:25:01.589Z,89bb4d819aa7df1b28109c197d8d62edd8c07154f75d6bcfd921640a9dba2e3b,Org1MSP,Func4,"[10039"",""1003900"",""10190"",""1019000""]""",Org1MSP Org2MSP ,VALID,, 10039 10190,,WT,143,14042,0
2022-04-07T17:25:01.589Z,9b24b1787e9f9c9f00fbea8695bf70b7ab7005ffa62b1da02d7cc643dcefcb63,Org1MSP,Func4,"[10029"",""1002900"",""10108"",""1010800""]""",Org1MSP Org2MSP ,VALID,, 10029 10108,,WT,143,14048,0
2022-04-07T17:25:01.591Z,dd113bb051913fe3407380d32addb5145217df3db03073fde5e3f55c9cdb3904,Org1MSP,Func1,"[9"",""50""]""",Org1MSP Org2MSP ,VALID, 50 9,,,RT,143,14062,0
2022-04-07T17:25:01.592Z,7d74767d5c0cf9e4f17d004ff1e3862813ee9a45fe8cbeb7d28607a5623ef664,Org1MSP,Func4,"[10031"",""1003100"",""11497"",""1149700""]""",Org1MSP Org2MSP ,VALID,, 10031 11497,,WT,143,14037,0
2022-04-07T17:25:01.594Z,bfcfc2f5368ce0d5bf2fb91f376350c4ecc91f2d8b9a8fab27d075075a3a1839,Org1MSP,Func4,"[10266"",""1026600"",""10177"",""1017700""]""",Org1MSP Org2MSP ,VALID,, 10177 10266,,WT,143,14054,0
2022-04-07T17:25:01.594Z,d63279775dca90389b8a39374ed19ccc2e1c480f5bf8e9f70c68a058d332cf13,Org1MSP,Func7,"[97"",""100"",""1"",""100""]""",Org1MSP Org2MSP ,VALID, 1 97, 1 97,,UT,143,14079,0
2022-04-07T17:25:01.596Z,e4499f312ef2a39ccf51413503776ee3e7c8b850f6ae1a62ad0cd577f8a74d6d,Org1MSP,Func7,"[2892"",""100"",""3"",""100""]""",Org1MSP Org2MSP ,VALID, 2892 3, 2892 3,,UT,143,14080,0
2022-04-07T17:25:01.597Z,2e448eedcdbe402381f8434fb9e38caafb087d9559a25df403683bea0b360610,Org1MSP,Func1,"[12"",""27""]""",Org1MSP Org2MSP ,VALID, 12 27,,,RT,143,14013,0
2022-04-07T17:25:01.600Z,03156a365bafc910ed0235753cab51f47365cf89da77ca0cae71fef997bb278d,Org1MSP,Func4,"[10001"",""1000100"",""10000"",""1000000""]""",Org1MSP Org2MSP ,VALID,, 10000 10001,,WT,143,13989,0
2022-04-07T17:25:01.689Z,9514a4ef9f4b6bab51f2a97f3761087dc482abb4ea54e91305dbce1d04c0b483,Org1MSP,Func4,"[10365"",""1036500"",""10000"",""1000000""]""",Org1MSP Org2MSP ,VALID,, 10000 10365,,WT,143,14046,0
2022-04-07T17:25:01.690Z,a1593b6e1f5f022ddcfae045bbbfebb85a7a4f548e31d5c8ec970a45dd27ea9e,Org1MSP,Func4,"[10007"",""1000700"",""10024"",""1002400""]""",Org1MSP Org2MSP ,VALID,, 10007 10024,,WT,143,14049,0
2022-04-07T17:25:01.696Z,12f71b6aa158d56cc6c071fe1d876a7cf78c5f584830f6d14c0312dc8968d16b,Org1MSP,Func4,"[10000"",""1000000"",""11435"",""1143500""]""",Org1MSP Org2MSP ,VALID,, 10000 11435,,WT,143,13996,0
2022-04-07T17:25:01.696Z,1fd29a2ceb3063328c760fa95e134dbae0a57975fba1822fd52a8616a3acc9cb,Org1MSP,Func1,"[16"",""95""]""",Org1MSP Org2MSP ,VALID, 16 95,,,RT,143,14004,0
2022-04-07T17:25:01.696Z,2a5bdb2fd5739cea6922abb9e00be07587d493f3a17084d55af0783fa790374e,Org1MSP,Func4,"[10247"",""1024700"",""10120"",""1012000""]""",Org1MSP Org2MSP ,VALID,, 10120 10247,,WT,143,14010,0
2022-04-07T17:25:01.699Z,ea9112fc705f9fc2c73d7185550ceace4dbec4e4dfb4b630d843542ec00b23c5,Org1MSP,Func4,"[10006"",""1000600"",""15373"",""1537300""]""",Org1MSP Org2MSP ,VALID,, 10006 15373,,WT,143,14067,0
2022-04-07T17:25:01.701Z,551d6bb12c9c5a37d9922ce3dd7b789573c6c1643d199ab36b67ae222624271a,Org1MSP,Func1,"[2374"",""11""]""",Org1MSP Org2MSP ,VALID, 11 2374,,,RT,143,14022,0
2022-04-07T17:25:01.704Z,6f520834d925d188c4f215db087216d45660a3bd344d033f64156ce2a6dfca60,Org1MSP,Func4,"[10111"",""1011100"",""10012"",""1001200""]""",Org1MSP Org2MSP ,VALID,, 10012 10111,,WT,143,14030,0
2022-04-07T17:25:01.706Z,12b8812ed9043e85c3d3948decede0feb740395f6fe15ca3fce7dfd9e4ed75e3,Org1MSP,Func7,"[707"",""100"",""445"",""100""]""",Org1MSP Org2MSP ,VALID, 445 707, 445 707,,UT,143,13995,0
2022-04-07T17:25:01.713Z,ef1ac7b6cb5e031078e46db245743e79adbd298237a5b9448c47d8b903e94f15,Org1MSP,Func7,"[6302"",""100"",""29"",""100""]""",Org1MSP Org2MSP ,VALID, 29 6302, 29 6302,,UT,143,14069,0
2022-04-07T17:25:01.789Z,5d1c231dd7da12840569df868eeb99ed64803de78a963f84f32da0a0d7d4dd68,Org1MSP,Func1,"[1676"",""235""]""",Org1MSP Org2MSP ,VALID, 1676 235,,,RT,143,14024,0
2022-04-07T17:25:01.790Z,f3d9d6d5f2bd7abdd76f29c42118ca57f08b2d3f3cbb4b2907ff321f40d82b53,Org1MSP,Func1,"[9"",""49""]""",Org1MSP Org2MSP ,VALID, 49 9,,,RT,143,14072,0
2022-04-07T17:25:01.790Z,fad3b6ead4d3dd4fb2d201a6405f720a3ae9e7eb72391bd6f6d92ffc70faa37c,Org1MSP,Func4,"[10079"",""1007900"",""10000"",""1000000""]""",Org1MSP Org2MSP ,VALID,, 10000 10079,,WT,143,14075,0
2022-04-07T17:25:01.791Z,f00f9a6f8f422b0a8bce5c297f97d3be8ce8fd860776c96eafc55f176dfcffdd,Org1MSP,Func4,"[10826"",""1082600"",""12717"",""1271700""]""",Org1MSP Org2MSP ,VALID,, 10826 12717,,WT,143,14070,0
2022-04-07T17:25:01.792Z,79b7e6b3dc05573530439331b5c76c5a8ed2d697e6975214d9500562489e5157,Org1MSP,Func4,"[11508"",""1150800"",""12914"",""1291400""]""",Org1MSP Org2MSP ,VALID,, 11508 12914,,WT,143,14036,0
2022-04-07T17:25:01.794Z,16d0b1359e33de9f86d2f3ad6a5ee5b06b94ab32caf666ade51cff5c7ab400ab,Org1MSP,Func4,"[10035"",""1003500"",""18778"",""1877800""]""",Org1MSP Org2MSP ,VALID,, 10035 18778,,WT,143,13999,0
2022-04-07T17:25:01.795Z,0752a565aae61f2f213a1669cc7da89d263c8f4ec46e2873cd2775b5ee86709e,Org1MSP,Func4,"[10004"",""1000400"",""10021"",""1002100""]""",Org1MSP Org2MSP ,VALID,, 10004 10021,,WT,143,13991,0
2022-04-07T17:25:01.804Z,39844f3c59c352ec8d0c7a9550839858105442426657f0658f9743f0babdcd3a,Org1MSP,Func4,"[10001"",""1000100"",""10012"",""1001200""]""",Org1MSP Org2MSP ,VALID,, 10001 10012,,WT,143,14015,0
2022-04-07T17:25:01.889Z,48f58dc7e0d193f44d3e1f4837aafd4e45815fe11b94e94b208156777db6a3dd,Org1MSP,Func4,"[10000"",""1000000"",""10000"",""1000000""]""",Org1MSP Org2MSP ,VALID,, 10000,,WT,143,14020,0
2022-04-07T17:25:01.890Z,265afacb344d2afbe8339ec5318f7eddec0b84f1743c09b7ed10e2a2fbc94f73,Org1MSP,Func4,"[10001"",""1000100"",""16364"",""1636400""]""",Org1MSP Org2MSP ,VALID,, 10001 16364,,WT,143,14007,0
2022-04-07T17:25:01.890Z,f3cf121758c7d9d5e21046c6639206251ef7f49557d82dd89293671ef183c6c6,Org1MSP,Func4,"[10052"",""1005200"",""10109"",""1010900""]""",Org1MSP Org2MSP ,VALID,, 10052 10109,,WT,143,14071,0
2022-04-07T17:25:01.892Z,e79d816d072e989b309f166ff8be976707126c920c41ec9d143e70f9f9a6d78d,Org1MSP,Func4,"[10000"",""1000000"",""10011"",""1001100""]""",Org1MSP Org2MSP ,VALID,, 10000 10011,,WT,143,14066,0
2022-04-07T17:25:01.894Z,16021962332e382502463ae05b59c0ea7764f4ab6a2d51527ebe620ec307cbca,Org1MSP,Func4,"[10232"",""1023200"",""10003"",""1000300""]""",Org1MSP Org2MSP ,VALID,, 10003 10232,,WT,143,13998,0
2022-04-07T17:25:01.896Z,aaca5e5655b120b02fa04a28dc689638685b39192034a6c9d6ec1887e2290127,Org1MSP,Func4,"[10000"",""1000000"",""10076"",""1007600""]""",Org1MSP Org2MSP ,VALID,, 10000 10076,,WT,143,14052,0
2022-04-07T17:25:01.896Z,c3d93999a69215c0a65060d61565278260228ccd9f3eb06d14a69f1f6ae75ef1,Org1MSP,Func4,"[10000"",""1000000"",""10011"",""1001100""]""",Org1MSP Org2MSP ,VALID,, 10000 10011,,WT,143,14057,0
2022-04-07T17:25:01.901Z,02ab50f1c567b275c9174bf61aa9c530361cb5b749691776bc950f10f96081a3,Org1MSP,Func1,"[87"",""32""]""",Org1MSP Org2MSP ,VALID, 32 87,,,RT,143,13988,0
2022-04-07T17:25:01.988Z,9d782d3580be421e0058a696bbcebaa258dadf01450a3be67588e0d6610ee8b7,Org1MSP,Func4,"[10002"",""1000200"",""16268"",""1626800""]""",Org1MSP Org2MSP ,VALID,, 10002 16268,,WT,144,14144,0
2022-04-07T17:25:01.988Z,b1ce89bbb7b5b615b1ceb575ee612a6ef2010e3b9dc8e61d6e2e2e31d4480f62,Org1MSP,Func1,"[1231"",""1274""]""",Org1MSP Org2MSP ,VALID, 1231 1274,,,RT,144,14149,0
2022-04-07T17:25:01.989Z,1bdd3fd99fe0dbf72786078e2af41c6d99398e772818dba3c5e5f61bcdeb99dc,Org1MSP,Func4,"[11646"",""1164600"",""10000"",""1000000""]""",Org1MSP Org2MSP ,VALID,, 10000 11646,,WT,144,14092,0
2022-04-07T17:25:01.990Z,2fe2997b751bb1cbf212cc8da71010a089938b3b67f22058f7087229f3b897ce,Org1MSP,Func1,"[4"",""15""]""",Org1MSP Org2MSP ,VALID, 15 4,,,RT,144,14096,0
2022-04-07T17:25:01.994Z,534ab24cf1bafd4402c3baf88756431876917dddad6fe45449c8475f155a8ffe,Org1MSP,Func4,"[10011"",""1001100"",""11275"",""1127500""]""",Org1MSP Org2MSP ,VALID,, 10011 11275,,WT,144,14109,0
2022-04-07T17:25:01.994Z,7da8b2ea6188345b0b38eb32b3ad7f8f86d1701ec41940b7e27c3f0241891df7,Org1MSP,Func4,"[11002"",""1100200"",""10003"",""1000300""]""",Org1MSP Org2MSP ,VALID,, 10003 11002,,WT,144,14132,0
2022-04-07T17:25:01.996Z,1f3bd69b6ed48c8a4d04c4a52ad104207121c2af2b61dd101058344c2b9b3330,Org1MSP,Func4,"[10349"",""1034900"",""13076"",""1307600""]""",Org1MSP Org2MSP ,VALID,, 10349 13076,,WT,144,14095,0
2022-04-07T17:25:01.997Z,3c9a25c77d3588691342995d51edea6594deaa612d7dbbc0157aaaf2faaa4fc7,Org1MSP,Func4,"[10000"",""1000000"",""10355"",""1035500""]""",Org1MSP Org2MSP ,VALID,, 10000 10355,,WT,144,14099,0
2022-04-07T17:25:01.998Z,a87c94c29e40d682dd77750ac07f5a29fa1882e6a0df7703a0940f2f6d3bba83,Org1MSP,Func4,"[10001"",""1000100"",""10000"",""1000000""]""",Org1MSP Org2MSP ,VALID,, 10000 10001,,WT,144,14148,0
2022-04-07T17:25:02.088Z,5ceb21800bc0e9b9131e0e5f9fa420b5f1cfe05a8979db66bda10861c0960446,Org1MSP,Func1,"[27"",""43""]""",Org1MSP Org2MSP ,VALID, 27 43,,,RT,144,14114,0
2022-04-07T17:25:02.089Z,6510aab9aeced18b48d8dda892553c691f01419f618ccd1858f60fcb7dddbca2,Org1MSP,Func4,"[12337"",""1233700"",""10519"",""1051900""]""",Org1MSP Org2MSP ,VALID,, 10519 12337,,WT,144,14121,0
2022-04-07T17:25:02.089Z,6ad489063ed9a3b151f2fbf8f5c781f17ea360e1cd5ddaeb6da7f1d32b1cd848,Org1MSP,Func4,"[10004"",""1000400"",""10031"",""1003100""]""",Org1MSP Org2MSP ,VALID,, 10004 10031,,WT,144,14123,0
2022-04-07T17:25:02.092Z,103988520ce729ac5ceece68fc297ad9d5b2915af7695a9ab8253c3f1fe89720,Org1MSP,Func4,"[16190"",""1619000"",""16554"",""1655400""]""",Org1MSP Org2MSP ,VALID,, 16190 16554,,WT,144,14087,0
2022-04-07T17:25:02.092Z,5c6af627cb81e408e289e09b80335a4bcf4a1708afb576c4072d3d334d821c22,Org1MSP,Func7,"[6373"",""100"",""565"",""100""]""",Org1MSP Org2MSP ,VALID, 565 6373, 565 6373,,UT,144,14113,0
2022-04-07T17:25:02.096Z,776382fefc3281ae83bebf066f6e9a4164dab9e5aef1dc05c51f93ac56fa5e72,Org1MSP,Func4,"[10000"",""1000000"",""17071"",""1707100""]""",Org1MSP Org2MSP ,VALID,, 10000 17071,,WT,144,14129,0
2022-04-07T17:25:02.098Z,0be0d2b597112088a7011b6d839e09d53dcfc215229a56c39867912662ca48b6,Org1MSP,Func4,"[10335"",""1033500"",""10014"",""1001400""]""",Org1MSP Org2MSP ,VALID,, 10014 10335,,WT,144,14085,0
2022-04-07T17:25:02.098Z,1ca6cd44770df7257716d3d2bbaa3393ff24ab4d09ff2df48618ceb23924d2b1,Org1MSP,Func1,"[7"",""1""]""",Org1MSP Org2MSP ,VALID, 1 7,,,RT,144,14093,0
2022-04-07T17:25:02.188Z,4976e8727ab2e5b1dcd9ed1e86048b2cee74701bb2d0608fdeeeac2bb748dd72,Org1MSP,Func4,"[10570"",""1057000"",""10043"",""1004300""]""",Org1MSP Org2MSP ,VALID,, 10043 10570,,WT,144,14104,0
2022-04-07T17:25:02.189Z,4ba869f97a08bdc10427c3045d283e16dba897174b8bcbd6e3a67bb3b3135796,Org1MSP,Func4,"[10113"",""1011300"",""15590"",""1559000""]""",Org1MSP Org2MSP ,VALID,, 10113 15590,,WT,144,14106,0
2022-04-07T17:25:02.190Z,7b7655e2c7d95cbbdd2a967abb99bc63161bb180927893ebad862df6b019b511,Org1MSP,Func4,"[10016"",""1001600"",""12116"",""1211600""]""",Org1MSP Org2MSP ,VALID,, 10016 12116,,WT,144,14131,0
2022-04-07T17:25:02.192Z,5b4e21088c28de66cc99a5e981f00533e089d48ce4a229e594771dbf22d04d63,Org1MSP,Func4,"[10005"",""1000500"",""10001"",""1000100""]""",Org1MSP Org2MSP ,VALID,, 10001 10005,,WT,144,14112,0
2022-04-07T17:25:02.192Z,bdc1095ec0b00a1fbf3e7833422896b789f22dce0441f179e384e9961a0ccaae,Org1MSP,Func4,"[11012"",""1101200"",""10448"",""1044800""]""",Org1MSP Org2MSP ,VALID,, 10448 11012,,WT,144,14153,0
2022-04-07T17:25:02.193Z,3c9b425870b195633f0dc741f6727564cf196aff9f317fb755ea149442444f09,Org1MSP,Func7,"[137"",""100"",""4"",""100""]""",Org1MSP Org2MSP ,VALID, 137 4, 137 4,,UT,144,14171,0
2022-04-07T17:25:02.194Z,ebcab0456e266fc98cba8e325ab96101919fa909a309c930fa36ec5d838d3d05,Org1MSP,Func4,"[10322"",""1032200"",""10617"",""1061700""]""",Org1MSP Org2MSP ,VALID,, 10322 10617,,WT,144,14166,0
2022-04-07T17:25:02.196Z,f2eb83b8a24947e3b9e4aa1757984bd805ca5f50217bdfe5140bffa1952a3af7,Org1MSP,Func4,"[10049"",""1004900"",""10037"",""1003700""]""",Org1MSP Org2MSP ,VALID,, 10037 10049,,WT,144,14167,0
2022-04-07T17:25:02.198Z,10bf9fab0a97fcf93192f7236877c91638e07eea017fffd9324923130dc6c774,Org1MSP,Func4,"[10000"",""1000000"",""14315"",""1431500""]""",Org1MSP Org2MSP ,VALID,, 10000 14315,,WT,144,14088,0
2022-04-07T17:25:02.288Z,c1871e68f0feb39ad74613650370dfa358f0d46129cc6b99dcb82b4ab93a3006,Org1MSP,Func7,"[27"",""100"",""7829"",""100""]""",Org1MSP Org2MSP ,VALID, 27 7829, 27 7829,,UT,144,14172,0
2022-04-07T17:25:02.289Z,4a1c36429248ef20bfa057df9ad2f99a32705067628f95edf76ca5621261172c,Org1MSP,Func4,"[19185"",""1918500"",""10106"",""1010600""]""",Org1MSP Org2MSP ,VALID,, 10106 19185,,WT,144,14105,0
2022-04-07T17:25:02.290Z,14a6504ffb153889bedfb0674ddb857c27afd604250e936e045c52ecaf1f716c,Org1MSP,Func1,"[5"",""2""]""",Org1MSP Org2MSP ,VALID, 2 5,,,RT,144,14089,0
2022-04-07T17:25:02.290Z,79cc5f8fd350243c343f6a9f5a1a77eb10f4fce8ac352e7a33db6ff5e257a870,Org1MSP,Func4,"[10006"",""1000600"",""10038"",""1003800""]""",Org1MSP Org2MSP ,VALID,, 10006 10038,,WT,144,14130,0
2022-04-07T17:25:02.292Z,e25a66608f2e76cc6a73630b41a46c555d662e1b9dbef8f57a4538bff356f9e8,Org1MSP,Func1,"[9"",""5""]""",Org1MSP Org2MSP ,VALID, 5 9,,,RT,144,14162,0
2022-04-07T17:25:02.293Z,768baca453a330fe9f95a48b818c9827eb5e4c212605f97a776aef7b0f347d02,Org1MSP,Func1,"[7959"",""1""]""",Org1MSP Org2MSP ,VALID, 1 7959,,,RT,144,14128,0
2022-04-07T17:25:02.294Z,82034561e1c4a52815dba750b409dbe9f530a41549867742f24fe19ea2b51b70,Org1MSP,Func1,"[6258"",""13""]""",Org1MSP Org2MSP ,VALID, 13 6258,,,RT,144,14135,0
2022-04-07T17:25:02.296Z,4c68ccf647923337433baedcdc985e534ae7bb9b70f3fb7abc1da2be856448ca,Org1MSP,Func4,"[10000"",""1000000"",""12451"",""1245100""]""",Org1MSP Org2MSP ,VALID,, 10000 12451,,WT,144,14107,0
2022-04-07T17:25:02.298Z,87adba026c4bfa40086451a18d03fc4fd19c0148b2d90625b052713fdaa753dd,Org1MSP,Func4,"[10021"",""1002100"",""15905"",""1590500""]""",Org1MSP Org2MSP ,VALID,, 10021 15905,,WT,144,14136,0
2022-04-07T17:25:02.299Z,8fd9ddd2418d5c0161a0f2d709010d0fa47c90e4b7c4f2ce40b6b72bfc08cdba,Org1MSP,Func7,"[249"",""100"",""4748"",""100""]""",Org1MSP Org2MSP ,VALID, 249 4748, 249 4748,,UT,144,14139,0
2022-04-07T17:25:02.389Z,64df17eef0863735e519403c55d619b86d7e2792887dbf8ebf9ffdd2c7d36f59,Org1MSP,Func4,"[10161"",""1016100"",""11447"",""1144700""]""",Org1MSP Org2MSP ,VALID,, 10161 11447,,WT,144,14120,0
2022-04-07T17:25:02.389Z,805e1015dcaded4c45d18f4847a3626afbdb474fdb75b37b519fc564435ccbc8,Org1MSP,Func4,"[10005"",""1000500"",""10001"",""1000100""]""",Org1MSP Org2MSP ,VALID,, 10001 10005,,WT,144,14134,0
2022-04-07T17:25:02.390Z,5e443dce55ecd7019121ad28badce3199680848681d0ea7178ba06bb23b5bd0e,Org1MSP,Func4,"[16753"",""1675300"",""10824"",""1082400""]""",Org1MSP Org2MSP ,VALID,, 10824 16753,,WT,144,14116,0
2022-04-07T17:25:02.390Z,b9f6e8d09d64f54934bedb97794eecef6f6672e272dbc61f8824af7be4e6b287,Org1MSP,Func7,"[8501"",""100"",""2752"",""100""]""",Org1MSP Org2MSP ,VALID, 2752 8501, 2752 8501,,UT,144,14151,0
2022-04-07T17:25:02.392Z,95dcf9cf03a948a5851a443b49b9b8e538ceedf543c4173007b41bee1e8b3cd2,Org1MSP,Func4,"[10244"",""1024400"",""10095"",""1009500""]""",Org1MSP Org2MSP ,VALID,, 10095 10244,,WT,144,14140,0
2022-04-07T17:25:02.394Z,c31d61238cfd4cdfe850af7d8a7c72e375f341985da61c604d0c88a55492a68e,Org1MSP,Func4,"[14545"",""1454500"",""12989"",""1298900""]""",Org1MSP Org2MSP ,VALID,, 12989 14545,,WT,144,14156,0
2022-04-07T17:25:02.396Z,4437b5fb0d2fc7b2a0cffba6cdf25e3ede4e1937059d91198a9a4dcd09523d7a,Org1MSP,Func1,"[54"",""6013""]""",Org1MSP Org2MSP ,VALID, 54 6013,,,RT,144,14102,0
2022-04-07T17:25:02.399Z,1d61c3408e25f3704f4e76a092d38bf30ae08f36029c3d42cb643a68b8ee70f7,Org1MSP,Func7,"[14"",""100"",""1608"",""100""]""",Org1MSP Org2MSP ,VALID, 14 1608, 14 1608,,UT,144,14094,0
2022-04-07T17:25:02.400Z,eb808e476b46c0e7263d3f3d13e700ad564453f54f398d8b3e445e9abc605a57,Org1MSP,Func4,"[12540"",""1254000"",""10052"",""1005200""]""",Org1MSP Org2MSP ,VALID,, 10052 12540,,WT,144,14165,0
2022-04-07T17:25:02.489Z,3dd4abcc7ff48b8173723d5a57ea5db6a1edc620ed8a4461e28328c6587d3614,Org1MSP,Func4,"[10005"",""1000500"",""10010"",""1001000""]""",Org1MSP Org2MSP ,VALID,, 10005 10010,,WT,144,14100,0
2022-04-07T17:25:02.490Z,34455da2f9a2e948c3a33508b2e8a232ba1c9718e898cb893e3117273b859395,Org1MSP,Func4,"[10002"",""1000200"",""16700"",""1670000""]""",Org1MSP Org2MSP ,VALID,, 10002 16700,,WT,144,14097,0
2022-04-07T17:25:02.490Z,551eb50c217a37a6d8a289da445cc6e07916ac0a5076c7c415cc3769f41233b2,Org1MSP,Func4,"[10205"",""1020500"",""10000"",""1000000""]""",Org1MSP Org2MSP ,VALID,, 10000 10205,,WT,144,14110,0
2022-04-07T17:25:02.490Z,722a2f9955770caf85cf38574524ac920bf44697f255946dfa10495ba350b671,Org1MSP,Func1,"[110"",""17""]""",Org1MSP Org2MSP ,VALID, 110 17,,,RT,144,14126,0
2022-04-07T17:25:02.490Z,e1ca2da8114986645ce60ab384b7bfc16a503ec0709de6fd3bbb222c9ecb00c0,Org1MSP,Func1,"[5"",""1""]""",Org1MSP Org2MSP ,VALID, 1 5,,,RT,144,14177,0
2022-04-07T17:25:02.493Z,169f4f1b879beaa479dc343993a611aaf7c5be885a076ae66dc1a1cdebce5b5e,Org1MSP,Func4,"[13846"",""1384600"",""10301"",""1030100""]""",Org1MSP Org2MSP ,VALID,, 10301 13846,,WT,144,14090,0
2022-04-07T17:25:02.495Z,757c6ed3df5e0d2ccb524fea6c87a10f8ce59f4e53cdae2dd5d2f0365741e440,Org1MSP,Func7,"[1008"",""100"",""179"",""100""]""",Org1MSP Org2MSP ,VALID, 1008 179, 1008 179,,UT,144,14127,0
2022-04-07T17:25:02.497Z,1a23ccf04e53fcc96cadc7d379d3b5e1c778cbdd42ce66b00a856f97395bc713,Org1MSP,Func1,"[17"",""1""]""",Org1MSP Org2MSP ,VALID, 1 17,,,RT,144,14173,0
2022-04-07T17:25:02.500Z,d5840a8aba6c5f025b221fee38bfc1850f18be2ff73ec0305780e74d4d1ba111,Org1MSP,Func4,"[10011"",""1001100"",""10002"",""1000200""]""",Org1MSP Org2MSP ,VALID,, 10002 10011,,WT,144,14160,0
2022-04-07T17:25:02.588Z,8f5ff8fd1dbfd76f739b0494470a8c665d8aa3e98b904c9e62f5c76751a8bcc6,Org1MSP,Func1,"[10"",""1177""]""",Org1MSP Org2MSP ,VALID, 10 1177,,,RT,144,14138,0
2022-04-07T17:25:02.589Z,8b21c94285202a200c3a1626045b9345200bee157bb5686f809722c5c6b72d8d,Org1MSP,Func7,"[1147"",""100"",""2"",""100""]""",Org1MSP Org2MSP ,VALID, 1147 2, 1147 2,,UT,144,14178,0
2022-04-07T17:25:02.590Z,9a188080b558e6113e3ab8d296e9fb3f73e7b316a351472624016ecf5b107cf8,Org1MSP,Func4,"[10003"",""1000300"",""10067"",""1006700""]""",Org1MSP Org2MSP ,VALID,, 10003 10067,,WT,144,14143,0
2022-04-07T17:25:02.590Z,f5593a2549a2b0caa81a52ee0bed54ee6e83d99313a724047918969de2c33bad,Org1MSP,Func4,"[13085"",""1308500"",""10696"",""1069600""]""",Org1MSP Org2MSP ,VALID,, 10696 13085,,WT,144,14168,0
2022-04-07T17:25:02.593Z,4d0e3307a1ae534be5e8d8b0086e47a0432fb120d5582f86f9d6f9f2e440f2df,Org1MSP,Func4,"[10010"",""1001000"",""10362"",""1036200""]""",Org1MSP Org2MSP ,VALID,, 10010 10362,,WT,144,14108,0
2022-04-07T17:25:02.593Z,677e68aacfc4cccfd6fbdb569ea1794c8c7a4d3b19683de18ceb0020c71e072d,Org1MSP,Func4,"[10598"",""1059800"",""10000"",""1000000""]""",Org1MSP Org2MSP ,VALID,, 10000 10598,,WT,144,14122,0
2022-04-07T17:25:02.593Z,ba6ee23b655c0f99b9536eaaed994a1ab35c57c3838912a1cea43b8e9a8839ef,Org1MSP,Func4,"[10000"",""1000000"",""10016"",""1001600""]""",Org1MSP Org2MSP ,VALID,, 10000 10016,,WT,144,14152,0
2022-04-07T17:25:02.597Z,7e85316ea689c2a7c4a2930c26d6f94381e4477e4f2c423e504b6cf01ec6d3f7,Org1MSP,Func4,"[10693"",""1069300"",""10093"",""1009300""]""",Org1MSP Org2MSP ,VALID,, 10093 10693,,WT,144,14133,0
2022-04-07T17:25:02.597Z,bb084bb76f75f351979ff9550fd4bf391bcd5f9d00df9cdddd4f7e402ef3be33,Org1MSP,Func7,"[5"",""100"",""1"",""100""]""",Org1MSP Org2MSP ,VALID, 1 5, 1 5,,UT,144,14179,0
2022-04-07T17:25:02.599Z,0503d70b488338781db308ac211fb85da82c8c8e34a36d7732d8465b66ca7d4a,Org1MSP,Func4,"[10000"",""1000000"",""10004"",""1000400""]""",Org1MSP Org2MSP ,VALID,, 10000 10004,,WT,144,14082,0
2022-04-07T17:25:02.689Z,6ea06f9a809f35bb26b135271cbb09b78a1da5baedf5dc20702451793d5d5345,Org1MSP,Func4,"[10002"",""1000200"",""10067"",""1006700""]""",Org1MSP Org2MSP ,VALID,, 10002 10067,,WT,144,14125,0
2022-04-07T17:25:02.690Z,17bcf8342638df80cdbd60c25a74b97e52930456668b84069a327a2c6a8dd686,Org1MSP,Func1,"[2"",""1""]""",Org1MSP Org2MSP ,VALID, 1 2,,,RT,144,14174,0
2022-04-07T17:25:02.691Z,c23bfb6d31036be7502a8b7294b6e8f51b093af11c36de6423c782ecf03028b9,Org1MSP,Func7,"[108"",""100"",""3459"",""100""]""",Org1MSP Org2MSP ,VALID, 108 3459, 108 3459,,UT,144,14155,0
2022-04-07T17:25:02.692Z,bf626aeb4b99e7781c4f18bc0d86f62846a6072c1a4da6fa4b74cfb70cba6aff,Org1MSP,Func1,"[8"",""5980""]""",Org1MSP Org2MSP ,VALID, 5980 8,,,RT,144,14154,0
2022-04-07T17:25:02.692Z,f61e9b8b42285ccb68921395af0914c523d2604a659b97301246142ac46f4667,Org1MSP,Func4,"[10052"",""1005200"",""10000"",""1000000""]""",Org1MSP Org2MSP ,VALID,, 10000 10052,,WT,144,14169,0
2022-04-07T17:25:02.694Z,a140760d4d4fe00e16e9f3e69f9723bec44f510110a2cae77f1d8ed03cf7c218,Org1MSP,Func7,"[29"",""100"",""79"",""100""]""",Org1MSP Org2MSP ,VALID, 29 79, 29 79,,UT,144,14146,0
2022-04-07T17:25:02.696Z,b32a6396d59658bd205e7a8ff50651375c5c9590e2fad801b8c6739931043e42,Org1MSP,Func4,"[10001"",""1000100"",""10915"",""1091500""]""",Org1MSP Org2MSP ,VALID,, 10001 10915,,WT,144,14150,0
2022-04-07T17:25:02.697Z,37147188200e49e289db048014694ebc385f5abbef7e987b9f3e1c22450989ec,Org1MSP,Func4,"[10669"",""1066900"",""10011"",""1001100""]""",Org1MSP Org2MSP ,VALID,, 10011 10669,,WT,144,14098,0
2022-04-07T17:25:02.698Z,5db02cd6957894a7abddef916e29c89a9ce823199c21de87294964854c6c9f6f,Org1MSP,Func4,"[10005"",""1000500"",""10015"",""1001500""]""",Org1MSP Org2MSP ,VALID,, 10005 10015,,WT,144,14115,0
2022-04-07T17:25:02.788Z,41aacdc96b4466caf6029b8c06d8df8c548942c9f6a85cf41353d23a989d377c,Org1MSP,Func4,"[10002"",""1000200"",""14781"",""1478100""]""",Org1MSP Org2MSP ,VALID,, 10002 14781,,WT,144,14101,0
2022-04-07T17:25:02.789Z,0d2b47d3fe26cc671b6dd5c0e6f30e4560fbe82909fe271bbd672d33190ab607,Org1MSP,Func4,"[10124"",""1012400"",""11353"",""1135300""]""",Org1MSP Org2MSP ,VALID,, 10124 11353,,WT,144,14086,0
2022-04-07T17:25:02.790Z,02b98b45e7538ae76a7ec1906c80f7c9c845310eae219b8eb158f18a1cdf6407,Org1MSP,Func4,"[10184"",""1018400"",""13285"",""1328500""]""",Org1MSP Org2MSP ,VALID,, 10184 13285,,WT,144,14081,0
2022-04-07T17:25:02.793Z,645b567a5b36f0a706dcedbcd74b996f4341a669142ebff29e2b4ed43fc1e35d,Org1MSP,Func4,"[10029"",""1002900"",""10114"",""1011400""]""",Org1MSP Org2MSP ,VALID,, 10029 10114,,WT,144,14119,0
2022-04-07T17:25:02.794Z,981dde79958c1f8f1ba98a4816d0e3a26cb2ff3fe03ff4dba8fe7137d76ed69b,Org1MSP,Func4,"[10426"",""1042600"",""10006"",""1000600""]""",Org1MSP Org2MSP ,VALID,, 10006 10426,,WT,144,14142,0
2022-04-07T17:25:02.795Z,d8082b0e868974ce3a9e5b47d660bd9c446ced5522c1756bfd1be35ffa91e0b7,Org1MSP,Func7,"[365"",""100"",""70"",""100""]""",Org1MSP Org2MSP ,VALID, 365 70, 365 70,,UT,144,14161,0
2022-04-07T17:25:02.797Z,8ef65bcc8455c2270c6780cb9d54a6a24aa75e58948332fdeeb9a712d58c1139,Org1MSP,Func4,"[10188"",""1018800"",""10000"",""1000000""]""",Org1MSP Org2MSP ,VALID,, 10000 10188,,WT,144,14137,0
2022-04-07T17:25:02.800Z,6c17de6f4682a3d3e860972cb9214f2f98c54704def6542ae341f249d47b8a75,Org1MSP,Func4,"[16029"",""1602900"",""11806"",""1180600""]""",Org1MSP Org2MSP ,VALID,, 11806 16029,,WT,144,14124,0
2022-04-07T17:25:02.801Z,62fa80282b116b52b5499f914ab1a95fe1f4a6f8c1c610d75cb4db84ba263037,Org1MSP,Func4,"[11125"",""1112500"",""10131"",""1013100""]""",Org1MSP Org2MSP ,VALID,, 10131 11125,,WT,144,14118,0
2022-04-07T17:25:02.888Z,960086388b5ee98d8599cc892d61acb693f03345c3cd1ad6d64c678bf838a3f8,Org1MSP,Func4,"[10073"",""1007300"",""10029"",""1002900""]""",Org1MSP Org2MSP ,VALID,, 10029 10073,,WT,144,14141,0
2022-04-07T17:25:02.889Z,0667518ef5e11051742a6937fa18c5cc6ede4844c5caff43c20ad821795207de,Org1MSP,Func4,"[10002"",""1000200"",""10000"",""1000000""]""",Org1MSP Org2MSP ,VALID,, 10000 10002,,WT,144,14083,0
2022-04-07T17:25:02.889Z,e91379cae16a0be2bb91744d286d0b62a13770d7193580f12021129c61441bee,Org1MSP,Func4,"[10014"",""1001400"",""13316"",""1331600""]""",Org1MSP Org2MSP ,VALID,, 10014 13316,,WT,144,14164,0
2022-04-07T17:25:02.889Z,e2c9ebf20296cb56aec8b8551137b400b716a6899e89bac35bc1c4719e702cb3,Org1MSP,Func1,"[1"",""234""]""",Org1MSP Org2MSP ,VALID, 1 234,,,RT,144,14175,0
2022-04-07T17:25:02.892Z,44426c610268324a2f121586db59d42a0609472b1266a3ab3bc50dce1c69a27b,Org1MSP,Func4,"[10001"",""1000100"",""12722"",""1272200""]""",Org1MSP Org2MSP ,VALID,, 10001 12722,,WT,144,14103,0
2022-04-07T17:25:02.894Z,cf91a2b3f1eb5f21dc12f5081d84b7d57238b899c23ec8adcde200a0a3311178,Org1MSP,Func7,"[40"",""100"",""431"",""100""]""",Org1MSP Org2MSP ,VALID, 40 431, 40 431,,UT,144,14159,0
2022-04-07T17:25:02.896Z,ae7107ab320fa7af9c7a784caf00cfa73ced6b46e12693f7803fdbf3170a1e3d,Org1MSP,Func1,"[2"",""168""]""",Org1MSP Org2MSP ,VALID, 168 2,,,RT,144,14170,0
2022-04-07T17:25:02.897Z,c68fda847ea8dd27a26842d6bce7b41be90818b94301a10ae840bfccfc545c32,Org1MSP,Func4,"[10005"",""1000500"",""10003"",""1000300""]""",Org1MSP Org2MSP ,VALID,, 10003 10005,,WT,144,14157,0
2022-04-07T17:25:02.897Z,e77dcd8fbf63546823199e53656ed9b8cd760c6deaf0b4efdbc77afab7eb2178,Org1MSP,Func4,"[10005"",""1000500"",""10061"",""1006100""]""",Org1MSP Org2MSP ,VALID,, 10005 10061,,WT,144,14163,0
2022-04-07T17:25:02.899Z,9d8334a66c4d58a48b7be4cb483f4aec5cadf0ab01fd5393d015c62a91b2a941,Org1MSP,Func4,"[10698"",""1069800"",""10002"",""1000200""]""",Org1MSP Org2MSP ,VALID,, 10002 10698,,WT,144,14145,0
2022-04-07T17:25:02.989Z,5f8a9fdbd5d71f3708a4b9d494fb8b05db483d56ef149e14c8ee6954b8ef6540,Org1MSP,Func1,"[1048"",""51""]""",Org1MSP Org2MSP ,VALID, 1048 51,,,RT,144,14117,0
2022-04-07T17:25:02.989Z,a6da353f53816c3f2ba69080b09d101c67f25dbcc6e1b0db3a4478527e3f844a,Org1MSP,Func7,"[113"",""100"",""1794"",""100""]""",Org1MSP Org2MSP ,VALID, 113 1794, 113 1794,,UT,144,14147,0
2022-04-07T17:25:02.990Z,16ad35e3c34d4e92ef7566438ca65d3419dd5859b44fb89284a78847d94c6509,Org1MSP,Func4,"[10002"",""1000200"",""16086"",""1608600""]""",Org1MSP Org2MSP ,VALID,, 10002 16086,,WT,144,14091,0
2022-04-07T17:25:02.990Z,78afddd85e8d934980a58050850b9df19945f282b6937e1176f038ad4b1ff514,Org1MSP,Func7,"[3"",""100"",""13"",""100""]""",Org1MSP Org2MSP ,VALID, 13 3, 13 3,,UT,144,14176,0
2022-04-07T17:25:02.992Z,593ecc908d9bca0afcd9444a976f5de19eab403cd914ed9bfd6ef30a77d3a336,Org1MSP,Func4,"[10009"",""1000900"",""10870"",""1087000""]""",Org1MSP Org2MSP ,VALID,, 10009 10870,,WT,144,14111,0
2022-04-07T17:25:02.994Z,08806adb61bfba0c0f5cadb9a8c01aa610dab9b99f4806f1409006e102a3ced6,Org1MSP,Func4,"[10020"",""1002000"",""10168"",""1016800""]""",Org1MSP Org2MSP ,VALID,, 10020 10168,,WT,144,14084,0
2022-04-07T17:25:02.994Z,76a2cae2526d00e822d98a6c49905cd189c65440e44e5abe01a8f8d58e658d40,Org1MSP,Func4,"[11251"",""1125100"",""10000"",""1000000""]""",Org1MSP Org2MSP ,VALID,, 10000 11251,,WT,145,14220,0
2022-04-07T17:25:02.996Z,cb3fbda906d0296ed917497f9a382555ff4ad9bd63381aa7a28027680d5e9de1,Org1MSP,Func4,"[10000"",""1000000"",""10182"",""1018200""]""",Org1MSP Org2MSP ,VALID,, 10000 10182,,WT,144,14158,0
2022-04-07T17:25:02.996Z,c6d4099ac2d98e10dd6e7c20b0c93aacc41ef98ef837bc976c9387628bd33a30,Org1MSP,Func7,"[6347"",""100"",""597"",""100""]""",Org1MSP Org2MSP ,VALID, 597 6347, 597 6347,,UT,145,14248,0
2022-04-07T17:25:03.000Z,a878f5ea71dc78c191cd8a51ca09db96d2bdf27e31d64674447ffb441825d541,Org1MSP,Func7,"[333"",""100"",""2080"",""100""]""",Org1MSP Org2MSP ,VALID, 2080 333, 2080 333,,UT,145,14240,0
2022-04-07T17:25:03.089Z,0608ea42e0a7808d92dc91c3c68223b48085cb7e304dc53a8b02e4cac07bc758,Org1MSP,Func4,"[10114"",""1011400"",""10003"",""1000300""]""",Org1MSP Org2MSP ,VALID,, 10003 10114,,WT,145,14181,0
2022-04-07T17:25:03.089Z,c4c358ee10103a03d929a656fd5c4b185fd9abec52c75b237fd6fa7d6a54c001,Org1MSP,Func4,"[10001"",""1000100"",""11281"",""1128100""]""",Org1MSP Org2MSP ,VALID,, 10001 11281,,WT,145,14247,0
2022-04-07T17:25:03.091Z,25531e2fd62dba40da869baabe9da01ffae0c66f1bce77335a5b961ad33774ef,Org1MSP,Func4,"[10000"",""1000000"",""10091"",""1009100""]""",Org1MSP Org2MSP ,VALID,, 10000 10091,,WT,145,14186,0
2022-04-07T17:25:03.092Z,8c417c795d94c7d98afc85f186026f0c71500a17306ecf86902f33b821f02c29,Org1MSP,Func4,"[10000"",""1000000"",""10059"",""1005900""]""",Org1MSP Org2MSP ,VALID,, 10000 10059,,WT,145,14229,0
2022-04-07T17:25:03.093Z,b93d7a6ac352c292c161e69767cbe7f254bcf8c9b55e83b915f3dddee6df1c64,Org1MSP,Func1,"[417"",""756""]""",Org1MSP Org2MSP ,VALID, 417 756,,,RT,145,14242,0
2022-04-07T17:25:03.094Z,9348b177561eb7b5aa1641f1fd96793cd1fd65c1ce203acec7c6526f5b9bb8ed,Org1MSP,Func4,"[10000"",""1000000"",""10005"",""1000500""]""",Org1MSP Org2MSP ,VALID,, 10000 10005,,WT,145,14231,0
2022-04-07T17:25:03.095Z,c1ecabfb6523622f0b1e60178449c0404917a9145be8ff5b6d6f2ea2d7bdcce8,Org1MSP,Func4,"[12330"",""1233000"",""10000"",""1000000""]""",Org1MSP Org2MSP ,VALID,, 10000 12330,,WT,145,14246,0
2022-04-07T17:25:03.097Z,d05e7572eb4f41e6619a6a3abdb9dbc3c6da17a76a417b89262ffb6a92c4f1d8,Org1MSP,Func4,"[10032"",""1003200"",""10253"",""1025300""]""",Org1MSP Org2MSP ,VALID,, 10032 10253,,WT,145,14255,0
2022-04-07T17:25:03.099Z,33a94b8ab4bda06ed6e5ee118e1232d2f5d7133036d65109883461b6c1770eab,Org1MSP,Func4,"[10038"",""1003800"",""13890"",""1389000""]""",Org1MSP Org2MSP ,VALID,, 10038 13890,,WT,145,14198,0
2022-04-07T17:25:03.189Z,7f719653aa8edf4b206cf3dd77a95a25eb01c2ce05c154cb7d28d70933ba3bfa,Org1MSP,Func1,"[86"",""4""]""",Org1MSP Org2MSP ,VALID, 4 86,,,RT,145,14222,0
2022-04-07T17:25:03.191Z,4ac9c89a7599f8261dffb038cfce4a26dbfe649c70f7917c878990272538b05c,Org1MSP,Func1,"[5706"",""752""]""",Org1MSP Org2MSP ,VALID, 5706 752,,,RT,145,14206,0
2022-04-07T17:25:03.191Z,7459a78572058905ed6e61e2a65358dd73bfbfb1a8f1df930093e0d906ef86fb,Org1MSP,Func4,"[10002"",""1000200"",""11249"",""1124900""]""",Org1MSP Org2MSP ,VALID,, 10002 11249,,WT,145,14219,0
2022-04-07T17:25:03.191Z,db14a62916effa6dd7ab3c6e38db9823fb79fdf81adcf2e054fe970b24cc943d,Org1MSP,Func4,"[11249"",""1124900"",""10004"",""1000400""]""",Org1MSP Org2MSP ,VALID,, 10004 11249,,WT,145,14259,0
2022-04-07T17:25:03.192Z,10b67ba07a64422436850ba4fa46ae3ba35ebc4f3b706dc48faa37e79ad8cd71,Org1MSP,Func4,"[10022"",""1002200"",""16391"",""1639100""]""",Org1MSP Org2MSP ,VALID,, 10022 16391,,WT,145,14183,0
2022-04-07T17:25:03.192Z,6bb195427e0b56356ba15cd84bcd18fcd22268789507f9b66b0acf766e833080,Org1MSP,Func4,"[10002"",""1000200"",""10002"",""1000200""]""",Org1MSP Org2MSP ,VALID,, 10002,,WT,145,14214,0
2022-04-07T17:25:03.195Z,aa10ef23960d094aabb1e6ecab9294e724c1155bab6b0d25cf9e2eb2d94b4cfa,Org1MSP,Func4,"[10006"",""1000600"",""10084"",""1008400""]""",Org1MSP Org2MSP ,VALID,, 10006 10084,,WT,145,14241,0
2022-04-07T17:25:03.196Z,ceecb9c5a9eefe9e6329609691b263bd732f0715bf88f79e27aa06097eccc2ef,Org1MSP,Func7,"[72"",""100"",""105"",""100""]""",Org1MSP Org2MSP ,VALID, 105 72, 105 72,,UT,145,14253,0
2022-04-07T17:25:03.198Z,25832c925db34b9e2715ef3f9e355acb644b570340108bd871db9c0e7400c970,Org1MSP,Func4,"[11553"",""1155300"",""10021"",""1002100""]""",Org1MSP Org2MSP ,VALID,, 10021 11553,,WT,145,14187,0
2022-04-07T17:25:03.198Z,824267d62336eb33c7ada16802ffa09780ea8b3b1c0fbd64e69c9f78e2b283c6,Org1MSP,Func4,"[10031"",""1003100"",""10015"",""1001500""]""",Org1MSP Org2MSP ,VALID,, 10015 10031,,WT,145,14223,0
2022-04-07T17:25:03.289Z,57343984e5450fdf7f8f72a23862c8c6805c7a16652c383b00dd0bf9cfd220d4,Org1MSP,Func4,"[10029"",""1002900"",""10065"",""1006500""]""",Org1MSP Org2MSP ,VALID,, 10029 10065,,WT,145,14208,0
2022-04-07T17:25:03.289Z,831171cacf28e5575a764e4d3e4372d702b33aa33debf7dbf90b7d2db8841837,Org1MSP,Func4,"[10042"",""1004200"",""16478"",""1647800""]""",Org1MSP Org2MSP ,VALID,, 10042 16478,,WT,145,14224,0
2022-04-07T17:25:03.289Z,a14a80c5307a0e47d5212d24f90c9b6925924467be94c1a29c6e07a1f4fc4afb,Org1MSP,Func4,"[10008"",""1000800"",""10066"",""1006600""]""",Org1MSP Org2MSP ,VALID,, 10008 10066,,WT,145,14235,0
2022-04-07T17:25:03.291Z,a7698799bf5958f501b573f9ba6b8d3f0f9c46d4d8c683a4477b4902f2da16fa,Org1MSP,Func7,"[3489"",""100"",""3165"",""100""]""",Org1MSP Org2MSP ,VALID, 3165 3489, 3165 3489,,UT,145,14237,0
2022-04-07T17:25:03.293Z,04bb01b9357b4ba0ca99b60011719bef00d34d43bfc59828a59852eb26fcfb65,Org1MSP,Func4,"[12308"",""1230800"",""10000"",""1000000""]""",Org1MSP Org2MSP ,VALID,, 10000 12308,,WT,145,14180,0
2022-04-07T17:25:03.293Z,a806af58a459c24a98fe9d569f21b66072ccdee39d165dcfc0fa9a3845f11fda,Org1MSP,Func4,"[10309"",""1030900"",""12980"",""1298000""]""",Org1MSP Org2MSP ,VALID,, 10309 12980,,WT,145,14238,0
2022-04-07T17:25:03.297Z,f6b32c902ccbf41857206c9b5e58dea2011c7b1a6de36dd83f01b3a8151be4a1,Org1MSP,Func4,"[10310"",""1031000"",""11825"",""1182500""]""",Org1MSP Org2MSP ,VALID,, 10310 11825,,WT,145,14264,0
2022-04-07T17:25:03.298Z,d1036edf32d30b152b858d76dc4d479d57f2949a67cf47ec6f3a578825d956a1,Org1MSP,Func1,"[7"",""2""]""",Org1MSP Org2MSP ,VALID, 2 7,,,RT,145,14256,0
2022-04-07T17:25:03.298Z,dccb058169e6bb28dd7fbfacb4eb3941000e4e94e60496a819c22a9fe65ff55c,Org1MSP,Func4,"[10388"",""1038800"",""17459"",""1745900""]""",Org1MSP Org2MSP ,VALID,, 10388 17459,,WT,145,14260,0
2022-04-07T17:25:03.388Z,3e142d8d12dd581bc42746f0a88078e7872e31d4ce7cc9d4b0d84cc397758d01,Org1MSP,Func4,"[10248"",""1024800"",""10130"",""1013000""]""",Org1MSP Org2MSP ,VALID,, 10130 10248,,WT,145,14200,0
2022-04-07T17:25:03.389Z,2bf380363849e392d883edac3d252a6ff4fe4726df104e470827df74091a1ec3,Org1MSP,Func4,"[10496"",""1049600"",""10059"",""1005900""]""",Org1MSP Org2MSP ,VALID,, 10059 10496,,WT,145,14191,0
2022-04-07T17:25:03.390Z,4411b5fe82ec82a00ea0e5efddbb0d748bee434f1653ef11af3f74bdcc2adac6,Org1MSP,Func4,"[10001"",""1000100"",""10022"",""1002200""]""",Org1MSP Org2MSP ,VALID,, 10001 10022,,WT,145,14201,0
2022-04-07T17:25:03.392Z,bdde74f0a0a42583c3cd5c5042574b02842610540deaf92ddce6aba6ce67bac4,Org1MSP,Func4,"[14920"",""1492000"",""10000"",""1000000""]""",Org1MSP Org2MSP ,VALID,, 10000 14920,,WT,145,14245,0
2022-04-07T17:25:03.395Z,859cb9455f0d3985816c5c84800f8d44c7a18843e3751e5f60ddc1d7237eeda8,Org1MSP,Func4,"[14154"",""1415400"",""10097"",""1009700""]""",Org1MSP Org2MSP ,VALID,, 10097 14154,,WT,145,14227,0
2022-04-07T17:25:03.395Z,d0408ea36a10d1185a53078909b85e076b5f26c9acb2308251654a05a8754710,Org1MSP,Func1,"[7"",""1""]""",Org1MSP Org2MSP ,VALID, 1 7,,,RT,145,14254,0
2022-04-07T17:25:03.396Z,3165138eedd89e23381f2f895ad454c8f7ae3a7e33fa8c2033fc3a16525a382a,Org1MSP,Func7,"[6"",""100"",""2768"",""100""]""",Org1MSP Org2MSP ,VALID, 2768 6, 2768 6,,UT,145,14194,0
2022-04-07T17:25:03.397Z,cc49293d30f43c928aa6dbe1cc4dfde6c9667b64ae52a1eede80610b266a7238,Org1MSP,Func4,"[10000"",""1000000"",""10000"",""1000000""]""",Org1MSP Org2MSP ,VALID,, 10000,,WT,145,14251,0
2022-04-07T17:25:03.398Z,31f6c9e6a9ce89082891efa97002cff7918e106f34cd8ec8e9dd6662d9d2b911,Org1MSP,Func1,"[3"",""34""]""",Org1MSP Org2MSP ,VALID, 3 34,,,RT,145,14195,0
2022-04-07T17:25:03.398Z,64f70e4cfa79ec12892e12c5a9ddccf1b71b9246fcbbfb807eaa3a13c8d7c983,Org1MSP,Func4,"[12238"",""1223800"",""10005"",""1000500""]""",Org1MSP Org2MSP ,VALID,, 10005 12238,,WT,145,14212,0
2022-04-07T17:25:03.489Z,a81952a50e3367c94018e626c0dc6f3577b2efe94986bdb912513a806898580d,Org1MSP,Func4,"[10120"",""1012000"",""10440"",""1044000""]""",Org1MSP Org2MSP ,VALID,, 10120 10440,,WT,145,14239,0
2022-04-07T17:25:03.489Z,d2f53b36ac93b6381de5a0ad52bf787f19ec68c1e02c76162111f06cafb39f55,Org1MSP,Func1,"[1"",""30""]""",Org1MSP Org2MSP ,VALID, 1 30,,,RT,145,14269,0
2022-04-07T17:25:03.489Z,4c3ab3712270492d8959b3833fc229e229a0efd4c001144aa43d40c5876fc94a,Org1MSP,Func1,"[2"",""7055""]""",Org1MSP Org2MSP ,VALID, 2 7055,,,RT,145,14272,0
2022-04-07T17:25:03.491Z,12b0e9f73a2b725194f3b91da910279cc44001054c7eef57bb96f88604ccc482,Org1MSP,Func7,"[58"",""100"",""3"",""100""]""",Org1MSP Org2MSP ,VALID, 3 58, 3 58,,UT,145,14267,0
2022-04-07T17:25:03.492Z,30b65da6134ba9b8d52e0f23fe46997975b1266627c04d881ad7bd5e9a09884e,Org1MSP,Func4,"[10006"",""1000600"",""10049"",""1004900""]""",Org1MSP Org2MSP ,VALID,, 10006 10049,,WT,145,14193,0
2022-04-07T17:25:03.492Z,d81f33050287f1dae3fdf5a0d720b806f655fbdaa6100b6de358e1db5dfa5974,Org1MSP,Func4,"[10105"",""1010500"",""10003"",""1000300""]""",Org1MSP Org2MSP ,VALID,, 10003 10105,,WT,145,14258,0
2022-04-07T17:25:03.494Z,273901c563716387c57ebca43aa5d2a4a30ef96cd7bf19f31d9ff913b5c990bb,Org1MSP,Func4,"[10020"",""1002000"",""10014"",""1001400""]""",Org1MSP Org2MSP ,VALID,, 10014 10020,,WT,145,14188,0
2022-04-07T17:25:03.496Z,72bfaa55895c213f4ea3f30c9d7b064db21c4a15a7ee2cc84199245509a40c0a,Org1MSP,Func7,"[15"",""100"",""1553"",""100""]""",Org1MSP Org2MSP ,VALID, 15 1553, 15 1553,,UT,145,14218,0
2022-04-07T17:25:03.497Z,9d0e105d52179b10e5a629460676e93759480a3c0f3181f84a097b8bce82c355,Org1MSP,Func4,"[12849"",""1284900"",""10001"",""1000100""]""",Org1MSP Org2MSP ,VALID,, 10001 12849,,WT,145,14234,0
2022-04-07T17:25:03.498Z,a28c05d1d0c8fc0f05237a996c34706751433f3ad162865a1da2a87b2590492e,Org1MSP,Func4,"[10049"",""1004900"",""12730"",""1273000""]""",Org1MSP Org2MSP ,VALID,, 10049 12730,,WT,145,14236,0
2022-04-07T17:25:03.589Z,0ee7fa51b07cc9b2379fc15ded5e208a99fb6f8b803fbdf714bb7282f22bad4e,Org1MSP,Func4,"[10054"",""1005400"",""12685"",""1268500""]""",Org1MSP Org2MSP ,VALID,, 10054 12685,,WT,145,14182,0
2022-04-07T17:25:03.589Z,2a98dc84fe2971b5c28cdb74493d2b3a2f4d6955e3870ec98b2c4d3c1c1cfb99,Org1MSP,Func4,"[10002"",""1000200"",""10009"",""1000900""]""",Org1MSP Org2MSP ,VALID,, 10002 10009,,WT,145,14190,0
2022-04-07T17:25:03.589Z,c19c9f5aba59755ec3e5c03c3dfb9e021c835358226bf01748b05051562b9334,Org1MSP,Func7,"[4"",""100"",""794"",""100""]""",Org1MSP Org2MSP ,VALID, 4 794, 4 794,,UT,145,14274,0
2022-04-07T17:25:03.590Z,7bb867218ca50ef3f296859505744c2b9e3b6d8decf4f3541ec9cc5b7c920d79,Org1MSP,Func4,"[10007"",""1000700"",""10765"",""1076500""]""",Org1MSP Org2MSP ,VALID,, 10007 10765,,WT,145,14221,0
2022-04-07T17:25:03.592Z,3d7689c686cdf57afaceedd48d92e557e122e7624027fb4dd1582c4ea705ff16,Org1MSP,Func1,"[2"",""283""]""",Org1MSP Org2MSP ,VALID, 2 283,,,RT,145,14271,0
2022-04-07T17:25:03.593Z,ccb7e9836a22829d282b9862e66084093e799beca2373b43f841634efee80806,Org1MSP,Func4,"[10004"",""1000400"",""19577"",""1957700""]""",Org1MSP Org2MSP ,VALID,, 10004 19577,,WT,145,14252,0
2022-04-07T17:25:03.594Z,6d8915b4a588c2a86e9035e898fd226e9f7111173841e9c723b7b190c087878f,Org1MSP,Func4,"[10075"",""1007500"",""10077"",""1007700""]""",Org1MSP Org2MSP ,VALID,, 10075 10077,,WT,145,14216,0
2022-04-07T17:25:03.596Z,48dfa1d9cd0e69d8763dd5a07438ef5f5c239662401a94b80beb0322659ed791,Org1MSP,Func1,"[6490"",""369""]""",Org1MSP Org2MSP ,VALID, 369 6490,,,RT,145,14204,0
2022-04-07T17:25:03.597Z,e29c1c754ceba39a438834922154a6263131aaacb6154c5a1884be2e2abb982d,Org1MSP,Func4,"[11125"",""1112500"",""10000"",""1000000""]""",Org1MSP Org2MSP ,VALID,, 10000 11125,,WT,145,14262,0
2022-04-07T17:25:03.598Z,66f8fd7dcf42dcb942eefc8908abba31e74e5fbaf348b35ad2a4f6d64ca1aab0,Org1MSP,Func4,"[10000"",""1000000"",""10051"",""1005100""]""",Org1MSP Org2MSP ,VALID,, 10000 10051,,WT,145,14213,0
2022-04-07T17:25:03.689Z,1c68679f3fdf8770a6d5c4eafd7b8ea131afd622a4a0ca9c18a044f906f014b0,Org1MSP,Func4,"[10282"",""1028200"",""10000"",""1000000""]""",Org1MSP Org2MSP ,VALID,, 10000 10282,,WT,145,14184,0
2022-04-07T17:25:03.690Z,6bc87e9899027b879046e2594ac54822d4c7ace354d25835357ce7dd5fd9c62b,Org1MSP,Func4,"[13858"",""1385800"",""10000"",""1000000""]""",Org1MSP Org2MSP ,VALID,, 10000 13858,,WT,145,14215,0
2022-04-07T17:25:03.692Z,62a7026f75dcd02f711fe5ca2282b667a87b125956bb1c2ea81a4a1208941688,Org1MSP,Func1,"[509"",""50""]""",Org1MSP Org2MSP ,VALID, 50 509,,,RT,145,14211,0
2022-04-07T17:25:03.694Z,5bf27704a3e257bd3462073b990ff4bde6f852adefe10d397f08884575d6f90c,Org1MSP,Func4,"[10420"",""1042000"",""10122"",""1012200""]""",Org1MSP Org2MSP ,VALID,, 10122 10420,,WT,145,14209,0
2022-04-07T17:25:03.696Z,471a47b5c8eea65581e5356df3f0516c87321eb93a92a4a5b794f9ec55b87fdb,Org1MSP,Func4,"[10924"",""1092400"",""11098"",""1109800""]""",Org1MSP Org2MSP ,VALID,, 10924 11098,,WT,145,14203,0
2022-04-07T17:25:03.697Z,910464b795828d1f004afb02b7f6f9dbdb2e9e3b6ba98947128e5fcbdc0c6836,Org1MSP,Func4,"[10040"",""1004000"",""10009"",""1000900""]""",Org1MSP Org2MSP ,VALID,, 10009 10040,,WT,145,14230,0
2022-04-07T17:25:03.698Z,842da8ed43f33b38a87e31ce5eaf72fd099387aaab838d9947d5763f01451480,Org1MSP,Func4,"[10011"",""1001100"",""10007"",""1000700""]""",Org1MSP Org2MSP ,VALID,, 10007 10011,,WT,145,14225,0
2022-04-07T17:25:03.698Z,bb25aa0315223c6e95a96e0094d9063b0401504d1353209bfafe75819779b148,Org1MSP,Func4,"[12710"",""1271000"",""10254"",""1025400""]""",Org1MSP Org2MSP ,VALID,, 10254 12710,,WT,145,14244,0
2022-04-07T17:25:03.698Z,f861506938f6037edd9b08ea304b7619a01cf9a3a6176c552b603b01c0ae17ea,Org1MSP,Func4,"[14751"",""1475100"",""13506"",""1350600""]""",Org1MSP Org2MSP ,VALID,, 13506 14751,,WT,145,14266,0
2022-04-07T17:25:03.700Z,4a90ef4c0f49b96f6d79259b96bf35c54b2d8839218046ebea4f1adf75b37517,Org1MSP,Func4,"[10001"",""1000100"",""10290"",""1029000""]""",Org1MSP Org2MSP ,VALID,, 10001 10290,,WT,145,14205,0
2022-04-07T17:25:03.789Z,5645e0a49d5e1deba9378e2c58ccbb6594145590f2c50d4b8a73c1cce0004665,Org1MSP,Func4,"[10273"",""1027300"",""10003"",""1000300""]""",Org1MSP Org2MSP ,VALID,, 10003 10273,,WT,145,14207,0
2022-04-07T17:25:03.789Z,b97cbd1331d2e76500b059541ec0e098129bbb47532ca1ba0d1d150aaa21c365,Org1MSP,Func4,"[10002"",""1000200"",""10976"",""1097600""]""",Org1MSP Org2MSP ,VALID,, 10002 10976,,WT,145,14243,0
2022-04-07T17:25:03.790Z,85409e8573f433e82278eab3afe7e9cb70a4b609d3c26a922030898388c6e6e8,Org1MSP,Func4,"[10554"",""1055400"",""11280"",""1128000""]""",Org1MSP Org2MSP ,VALID,, 10554 11280,,WT,145,14226,0
2022-04-07T17:25:03.790Z,dfdb22507e577e6d4142aeb9da68c2545a2fc07a59cbc7d383bbec98cccbbd1b,Org1MSP,Func4,"[10000"",""1000000"",""10024"",""1002400""]""",Org1MSP Org2MSP ,VALID,, 10000 10024,,WT,145,14261,0
2022-04-07T17:25:03.792Z,1499cd7eb11c20e19012f43c8be5b099a43882102ac88e296ad86059b2beaa88,Org1MSP,Func7,"[2"",""100"",""7164"",""100""]""",Org1MSP Org2MSP ,VALID, 2 7164, 2 7164,,UT,145,14276,0
2022-04-07T17:25:03.795Z,394c388fce67a5f8e8a3b1e005b5dae085d3f7736067d62cfc007d5b1a79b530,Org1MSP,Func4,"[10000"",""1000000"",""10000"",""1000000""]""",Org1MSP Org2MSP ,VALID,, 10000,,WT,145,14199,0
2022-04-07T17:25:03.797Z,8ad0ada1fae5a10f40a26d91be5350afcf9752fffc5b53b902b0a0dec04ee1d1,Org1MSP,Func4,"[10002"",""1000200"",""10000"",""1000000""]""",Org1MSP Org2MSP ,VALID,, 10000 10002,,WT,145,14228,0
2022-04-07T17:25:03.798Z,f742bc8ecbe9cbdad89185164b59926177ea0a05d1c858c175bbd40419c2f9c8,Org1MSP,Func4,"[10020"",""1002000"",""10568"",""1056800""]""",Org1MSP Org2MSP ,VALID,, 10020 10568,,WT,145,14265,0
2022-04-07T17:25:03.800Z,c92c88d49c88bd4a2ac829030b081fc80acd0f74e518712e346a165157984c99,Org1MSP,Func4,"[10083"",""1008300"",""18703"",""1870300""]""",Org1MSP Org2MSP ,VALID,, 10083 18703,,WT,145,14250,0
2022-04-07T17:25:03.891Z,4711def078934e56f516d891a0522a60d19bf156890e4b831591581353c7b4ee,Org1MSP,Func4,"[10003"",""1000300"",""10849"",""1084900""]""",Org1MSP Org2MSP ,VALID,, 10003 10849,,WT,145,14202,0
2022-04-07T17:25:03.891Z,c73d745d44e4caef190569f914106517de785533b27ef48600327fa87eb5917d,Org1MSP,Func4,"[10202"",""1020200"",""10306"",""1030600""]""",Org1MSP Org2MSP ,VALID,, 10202 10306,,WT,145,14249,0
2022-04-07T17:25:03.892Z,2fa8e222676dc87067cbb5822f61264bcc8f3c2a8943ab481c7a9f4f996bda39,Org1MSP,Func4,"[10027"",""1002700"",""11438"",""1143800""]""",Org1MSP Org2MSP ,VALID,, 10027 11438,,WT,145,14192,0
2022-04-07T17:25:03.893Z,948a58b764aab18747032a2677709afcdf13cbb1c56f8b926675a6f0a45a8445,Org1MSP,Func4,"[10559"",""1055900"",""10002"",""1000200""]""",Org1MSP Org2MSP ,VALID,, 10002 10559,,WT,145,14232,0
2022-04-07T17:25:03.894Z,32d51c144c65330d004d361bcf67240155faab822f383fc6c15ce46eb2cb06c3,Org1MSP,Func4,"[10009"",""1000900"",""10421"",""1042100""]""",Org1MSP Org2MSP ,VALID,, 10009 10421,,WT,145,14196,0
2022-04-07T17:25:03.897Z,234b771f7d9a41e3f02c60e3796e274fe3374a69bd12b02869f065c77322286b,Org1MSP,Func4,"[10129"",""1012900"",""13089"",""1308900""]""",Org1MSP Org2MSP ,VALID,, 10129 13089,,WT,145,14185,0
2022-04-07T17:25:03.898Z,28753e7cc4e7b7e424a2de480d77f247431393964162c877321115a744bf010e,Org1MSP,Func1,"[1885"",""73""]""",Org1MSP Org2MSP ,VALID, 1885 73,,,RT,145,14189,0
2022-04-07T17:25:03.898Z,ff9717f096bb8eb85b3941c825dc8d21e715605f316f1b5c5c3403e9d187390c,Org1MSP,Func7,"[1"",""100"",""201"",""100""]""",Org1MSP Org2MSP ,VALID, 1 201, 1 201,,UT,145,14275,0
2022-04-07T17:25:03.989Z,f42927691af2553fb0e820d332a2033868f0de5c2887b09be77f4335ad7acd76,Org1MSP,Func1,"[23"",""31""]""",Org1MSP Org2MSP ,VALID, 23 31,,,RT,145,14263,0
2022-04-07T17:25:03.989Z,2f3d835e34a4dce2325071830aa0e6781b6bf3aba5610e7e410b526ddb89cddb,Org1MSP,Func1,"[2"",""563""]""",Org1MSP Org2MSP ,VALID, 2 563,,,RT,145,14273,0
2022-04-07T17:25:03.991Z,6e18327eefb06119423c868088eb1f618017ef0d0d6ab9df7957ae7ff35ccf73,Org1MSP,Func4,"[10012"",""1001200"",""13159"",""1315900""]""",Org1MSP Org2MSP ,VALID,, 10012 13159,,WT,145,14217,0
2022-04-07T17:25:03.991Z,66b7d092716a55b64e335987751ace56b430021ed9adeaa050c7729aa16a6268,Org1MSP,Func1,"[1"",""14""]""",Org1MSP Org2MSP ,VALID, 1 14,,,RT,145,14270,0
2022-04-07T17:25:03.992Z,9aa4ee3e9bfcc2f6402c4c3f54e7ee5f47f29ea4e0505631c879155ada2b3a7d,Org1MSP,Func4,"[10076"",""1007600"",""14085"",""1408500""]""",Org1MSP Org2MSP ,VALID,, 10076 14085,,WT,145,14233,0
2022-04-07T17:25:03.993Z,d469011854ee5e40114acfbd8cf97080f6e2f510818929dcf4caa36ea9695901,Org1MSP,Func7,"[4126"",""100"",""457"",""100""]""",Org1MSP Org2MSP ,VALID, 4126 457, 4126 457,,UT,145,14257,0
2022-04-07T17:25:03.994Z,3375f6618c46a545de94c6e19b6628283f2eae9a90a18e25a37798832196c3c4,Org1MSP,Func4,"[10069"",""1006900"",""10483"",""1048300""]""",Org1MSP Org2MSP ,VALID,, 10069 10483,,WT,145,14197,0
2022-04-07T17:25:03.996Z,60122d50e16aaaa2681a8dcf7a5eaff48935487cf51fbe8c96719883d3adaeaa,Org1MSP,Func7,"[9"",""100"",""1006"",""100""]""",Org1MSP Org2MSP ,VALID, 1006 9, 1006 9,,UT,145,14210,0
2022-04-07T17:25:03.998Z,5aafaf2e424c903303323c646008407844ceeeb85a1a939d9b5224367d1fcecd,Org1MSP,Func1,"[4"",""1130""]""",Org1MSP Org2MSP ,VALID, 1130 4,,,RT,145,14268,0
2022-04-07T17:25:04.089Z,162f6927dc98b1977ba6e037df7ec5008e0d2ba3cb75720a71c2c7847a0dacaf,Org1MSP,Func1,"[1"",""6240""]""",Org1MSP Org2MSP ,VALID, 1 6240,,,RT,146,14283,0
2022-04-07T17:25:04.089Z,1e9200fc1594f0c41e01e107c4b16e141419567c254876deec750f3f0a693a7f,Org1MSP,Func4,"[10000"",""1000000"",""10410"",""1041000""]""",Org1MSP Org2MSP ,VALID,, 10000 10410,,WT,146,14286,0
2022-04-07T17:25:04.089Z,99201bfe95ecd0629394ad725fd5e2d71ef25755f06578d228ea44a2336b0f80,Org1MSP,Func4,"[10576"",""1057600"",""10004"",""1000400""]""",Org1MSP Org2MSP ,VALID,, 10004 10576,,WT,146,14329,0
2022-04-07T17:25:04.092Z,c260157e0f948fc9a1acd5349c1fd375e631b063ec1338426de59c708e903031,Org1MSP,Func4,"[10002"",""1000200"",""10000"",""1000000""]""",Org1MSP Org2MSP ,VALID,, 10000 10002,,WT,146,14345,0
2022-04-07T17:25:04.093Z,14df75a92caf1ec58aa44b2a961a8adca400e1acc47c8a64fa9a45e7fd8a7eaa,Org1MSP,Func4,"[10005"",""1000500"",""10177"",""1017700""]""",Org1MSP Org2MSP ,VALID,, 10005 10177,,WT,146,14281,0
2022-04-07T17:25:04.093Z,43e50b7f82ffa0d8d8ee48176cd792c8ae26faf0e9e5ac2ee57a8ae5810fa4f3,Org1MSP,Func4,"[10001"",""1000100"",""11045"",""1104500""]""",Org1MSP Org2MSP ,VALID,, 10001 11045,,WT,146,14297,0
2022-04-07T17:25:04.094Z,315c38825b67df4b87af2eb4b0e67f67b4ffb43f88535e74172a6e53964910ec,Org1MSP,Func1,"[4861"",""3""]""",Org1MSP Org2MSP ,VALID, 3 4861,,,RT,146,14292,0
2022-04-07T17:25:04.095Z,3d1a742c4ffdcac7bc399f15c21643270ecddd12ce271aae12137e1ea2c37dd3,Org1MSP,Func7,"[1937"",""100"",""637"",""100""]""",Org1MSP Org2MSP ,VALID, 1937 637, 1937 637,,UT,146,14294,0
2022-04-07T17:25:04.099Z,fa87eb0ddb7aad8eb7211cbcf01ff6bb73d1c4cfa4b497e9ef062e6873f0128b,Org1MSP,Func4,"[10005"",""1000500"",""10011"",""1001100""]""",Org1MSP Org2MSP ,VALID,, 10005 10011,,WT,146,14365,0
2022-04-07T17:25:04.188Z,80260eaa279cf04db1c7b118eb985c4f72d6ca21405aadc93aa6ba214126a3b0,Org1MSP,Func4,"[10225"",""1022500"",""10004"",""1000400""]""",Org1MSP Org2MSP ,VALID,, 10004 10225,,WT,146,14321,0
2022-04-07T17:25:04.190Z,b22ea3c6214ae00dcad9438dc6419e4d865f45d38343f797c4581b359b5529f6,Org1MSP,Func4,"[10015"",""1001500"",""10271"",""1027100""]""",Org1MSP Org2MSP ,VALID,, 10015 10271,,WT,146,14339,0
2022-04-07T17:25:04.190Z,d68678e42d0f65a42099204b3c9682ec0bdd66ddf6714637a25179a176ed06c0,Org1MSP,Func1,"[54"",""3795""]""",Org1MSP Org2MSP ,VALID, 3795 54,,,RT,146,14354,0
2022-04-07T17:25:04.192Z,7cb0107aacb7b0768a3143fdd34a423073bb9ce61eaa5c31dc63c1d2de259bbf,Org1MSP,Func1,"[3"",""1632""]""",Org1MSP Org2MSP ,VALID, 1632 3,,,RT,146,14318,0
2022-04-07T17:25:04.192Z,f1b9efc339d0c601b86ce5cde520a2a728cf7d0cc09b2a8e9f481080b098e6f6,Org1MSP,Func4,"[15937"",""1593700"",""10106"",""1010600""]""",Org1MSP Org2MSP ,VALID,, 10106 15937,,WT,146,14360,0
2022-04-07T17:25:04.194Z,c56efb5e7886b1553ce3f23c20a73cc76651589610cd21ee866316695786740f,Org1MSP,Func1,"[246"",""426""]""",Org1MSP Org2MSP ,VALID, 246 426,,,RT,146,14346,0
2022-04-07T17:25:04.195Z,d493d8854964088d5214f4d68fb030752d8259f970a9aaa4f054afbb490b0a91,Org1MSP,Func4,"[10194"",""1019400"",""10025"",""1002500""]""",Org1MSP Org2MSP ,VALID,, 10025 10194,,WT,146,14351,0
2022-04-07T17:25:04.196Z,d75452982cea56973448215906379721b84b5420e021bf68bb7b53471aa8c0b3,Org1MSP,Func7,"[200"",""100"",""5415"",""100""]""",Org1MSP Org2MSP ,VALID, 200 5415, 200 5415,,UT,146,14355,0
2022-04-07T17:25:04.198Z,5cbc5c762581eb4d1eb8ab7883ffbf9d59c39b094c19237ba266307b2412b77d,Org1MSP,Func4,"[10002"",""1000200"",""10616"",""1061600""]""",Org1MSP Org2MSP ,VALID,, 10002 10616,,WT,146,14309,0
2022-04-07T17:25:04.289Z,46ec3dfb3cf1beff3f354d8d9ce06937e856659173d70b9d4398a053c741d705,Org1MSP,Func4,"[11586"",""1158600"",""10027"",""1002700""]""",Org1MSP Org2MSP ,VALID,, 10027 11586,,WT,146,14300,0
2022-04-07T17:25:04.289Z,5b4adf78264c4c3e4656cf293f560b471ff677ad63297471b00fe91be2283c80,Org1MSP,Func4,"[10225"",""1022500"",""10341"",""1034100""]""",Org1MSP Org2MSP ,VALID,, 10225 10341,,WT,146,14308,0
2022-04-07T17:25:04.290Z,8b82e59b08ca7765419bd85aa725a39e5ac53deab6a69f05b442e7daf9d80eeb,Org1MSP,Func4,"[10001"",""1000100"",""15504"",""1550400""]""",Org1MSP Org2MSP ,VALID,, 10001 15504,,WT,146,14322,0
2022-04-07T17:25:04.291Z,1eacbc5230e1d46dcfba85003e18d0c3f35bd27d42f68cb669991a4902e3040b,Org1MSP,Func4,"[10000"",""1000000"",""12223"",""1222300""]""",Org1MSP Org2MSP ,VALID,, 10000 12223,,WT,146,14287,0
2022-04-07T17:25:04.292Z,fb02170f9dbb9a4a0be93b0fe01fd4067b6e9a09ca88eb0b90b68214af31de9e,Org1MSP,Func4,"[10007"",""1000700"",""11071"",""1107100""]""",Org1MSP Org2MSP ,VALID,, 10007 11071,,WT,146,14366,0
2022-04-07T17:25:04.293Z,6b3e422df544bb2e7de9741ddbfadec546c4fa59056f09210b3e3e1a369e229b,Org1MSP,Func4,"[10005"",""1000500"",""10009"",""1000900""]""",Org1MSP Org2MSP ,VALID,, 10005 10009,,WT,146,14315,0
2022-04-07T17:25:04.295Z,eb87b53a10d8c63be07a330705e1c56a11a91a239a7f771e74d5b1ecc2a23e8a,Org1MSP,Func4,"[10002"",""1000200"",""10005"",""1000500""]""",Org1MSP Org2MSP ,VALID,, 10002 10005,,WT,146,14358,0
2022-04-07T17:25:04.296Z,96d35490298cfe361b25f19f95aee0ef380724b66c3c1d29648d87e5b51d24f5,Org1MSP,Func4,"[10140"",""1014000"",""13362"",""1336200""]""",Org1MSP Org2MSP ,VALID,, 10140 13362,,WT,146,14328,0
2022-04-07T17:25:04.297Z,91c4ca1217c379295d390025928033c0b30e2a21ba34dbd4a80565e214a6c1d9,Org1MSP,Func4,"[10003"",""1000300"",""10007"",""1000700""]""",Org1MSP Org2MSP ,VALID,, 10003 10007,,WT,146,14325,0
2022-04-07T17:25:04.298Z,d235e265c053f1c41280ce759cf39252dccb5d8dc7bbb36031aeec4881bb1d60,Org1MSP,Func4,"[10000"",""1000000"",""10000"",""1000000""]""",Org1MSP Org2MSP ,VALID,, 10000,,WT,146,14349,0
2022-04-07T17:25:04.390Z,d0976e12d730ab77e9ca836514ca38b1b4dd277a1f07b891395d64faf624941e,Org1MSP,Func4,"[13002"",""1300200"",""18747"",""1874700""]""",Org1MSP Org2MSP ,VALID,, 13002 18747,,WT,146,14348,0
2022-04-07T17:25:04.392Z,f6e3ac1e5cfe8c65acfa838c4add7976a79ff386a314846f8196251ae1977d2a,Org1MSP,Func7,"[85"",""100"",""143"",""100""]""",Org1MSP Org2MSP ,VALID, 143 85, 143 85,,UT,146,14363,0
2022-04-07T17:25:04.394Z,f6b57001d348e7090679b3a97f2f2a884c461e71fdcd4d5d92ace5f95505ca8d,Org1MSP,Func1,"[2"",""123""]""",Org1MSP Org2MSP ,VALID, 123 2,,,RT,146,14362,0
2022-04-07T17:25:04.395Z,53e4691a12f5527d0002793af3743b5e6f7d25af87baa711c234d1bb21f209c5,Org1MSP,Func4,"[10002"",""1000200"",""10122"",""1012200""]""",Org1MSP Org2MSP ,VALID,, 10002 10122,,WT,146,14305,0
2022-04-07T17:25:04.397Z,1c5812ec2a639fe8262b23718bf4eb808b663ef034b5c5a26dddd95a4e722cb2,Org1MSP,Func4,"[10001"",""1000100"",""10753"",""1075300""]""",Org1MSP Org2MSP ,VALID,, 10001 10753,,WT,146,14285,0
2022-04-07T17:25:04.397Z,6693b3c6be0e017b2241fc9ac7b47d6457c3ec439d67825803ae0a2016b24171,Org1MSP,Func4,"[10011"",""1001100"",""15770"",""1577000""]""",Org1MSP Org2MSP ,VALID,, 10011 15770,,WT,146,14312,0
2022-04-07T17:25:04.398Z,b96bd3b3c171e9cdf203c590c24d8c840cccceca99ddafa444c2d987e1b46a7d,Org1MSP,Func7,"[969"",""100"",""32"",""100""]""",Org1MSP Org2MSP ,VALID, 32 969, 32 969,,UT,146,14344,0
2022-04-07T17:25:04.403Z,3f60106804e1062a24f0e805c5b364305cc31ddcc6de9db00c62d75d8ebe47c9,Org1MSP,Func4,"[10376"",""1037600"",""10000"",""1000000""]""",Org1MSP Org2MSP ,VALID,, 10000 10376,,WT,146,14295,0
2022-04-07T17:25:04.403Z,a4f922c545b8395ad460c409802a9494ddfabca62238dcaa7e795293c7ff3792,Org1MSP,Func4,"[10011"",""1001100"",""14370"",""1437000""]""",Org1MSP Org2MSP ,VALID,, 10011 14370,,WT,146,14333,0
2022-04-07T17:25:04.488Z,4ced2b1d52cf7446bc84c4a3b2c992705df90aaae9602b9a8dd67d7c53c27661,Org1MSP,Func4,"[11115"",""1111500"",""10398"",""1039800""]""",Org1MSP Org2MSP ,VALID,, 10398 11115,,WT,146,14303,0
2022-04-07T17:25:04.489Z,331b1e9fc25acd394351603f99453357f5e2b75b554c56f176332aef58061c26,Org1MSP,Func7,"[43"",""100"",""930"",""100""]""",Org1MSP Org2MSP ,ENDORSEMENT_POLICY_FAILURE, 43 930, 43 930,,UT,146,14293,0
2022-04-07T17:25:04.490Z,2764543800701d58488dadb15896c33b88ca177eecb3fe4ee34747a3e3d18674,Org1MSP,Func4,"[10094"",""1009400"",""10008"",""1000800""]""",Org1MSP Org2MSP ,VALID,, 10008 10094,,WT,146,14288,0
2022-04-07T17:25:04.490Z,a5c77641a9ee344485da1aa6347bf33570f6e5e2be382322b43a118e2054f201,Org1MSP,Func4,"[10203"",""1020300"",""15917"",""1591700""]""",Org1MSP Org2MSP ,VALID,, 10203 15917,,WT,146,14334,0
2022-04-07T17:25:04.492Z,f5f49323014ea44ee495bb47de39d4baafa1aedfedfd7fd6a4d27af5d0852fae,Org1MSP,Func1,"[22"",""5804""]""",Org1MSP Org2MSP ,ENDORSEMENT_POLICY_FAILURE, 22 5804,,,RT,146,14361,0
2022-04-07T17:25:04.494Z,93d50bae753ba84f0628e5b2fb1488fca42838760025747d9d183b0c4b84e373,Org1MSP,Func1,"[667"",""5394""]""",Org1MSP Org2MSP ,ENDORSEMENT_POLICY_FAILURE, 5394 667,,,RT,146,14327,0
2022-04-07T17:25:04.497Z,aca460acc2c6d3b80bd5c055434060c106ea27d6aac5b5de48d34d4b69ea7adc,Org1MSP,Func4,"[11703"",""1170300"",""10726"",""1072600""]""",Org1MSP Org2MSP ,VALID,, 10726 11703,,WT,146,14337,0
2022-04-07T17:25:04.497Z,b7a3d652148722386c285c3fb39414fb32d71eee4f459a6d121be5b92977d1c3,Org1MSP,Func4,"[11309"",""1130900"",""11679"",""1167900""]""",Org1MSP Org2MSP ,VALID,, 11309 11679,,WT,146,14341,0
2022-04-07T17:25:04.498Z,48ec4c8e7d6e0ba126220558073215a3f7883e5c74580fd1c85d82d00d2ce894,Org1MSP,Func4,"[13816"",""1381600"",""10080"",""1008000""]""",Org1MSP Org2MSP ,VALID,, 10080 13816,,WT,146,14302,0
2022-04-07T17:25:04.589Z,9a6601beac4c2bb956d3e2a13e26467a6a6477a892662d056aa5b87de992764b,Org1MSP,Func4,"[10027"",""1002700"",""10337"",""1033700""]""",Org1MSP Org2MSP ,VALID,, 10027 10337,,WT,146,14330,0
2022-04-07T17:25:04.589Z,a9a24fa600ca50c837a9b7b9a7d3acfb47e8b96b47b5503c1d6c2e3edaa38c11,Org1MSP,Func4,"[12509"",""1250900"",""10006"",""1000600""]""",Org1MSP Org2MSP ,VALID,, 10006 12509,,WT,146,14336,0
2022-04-07T17:25:04.589Z,b80943a31c331d83adfbe7a85e556cf3d00c3e67c5c43f7e9c4879f2f2f4c537,Org1MSP,Func4,"[10039"",""1003900"",""10000"",""1000000""]""",Org1MSP Org2MSP ,VALID,, 10000 10039,,WT,146,14342,0
2022-04-07T17:25:04.591Z,2cf73129558c2c4d45e86ae52e74f4c4af9f817693fb7fd74738719fb45daa8b,Org1MSP,Func1,"[910"",""1356""]""",Org1MSP Org2MSP ,VALID, 1356 910,,,RT,146,14291,0
2022-04-07T17:25:04.593Z,cd9e621e4043d3964a9c969fa9a11fe0b4f7833eb3f5b6efc4936b461de28e68,Org1MSP,Func4,"[10313"",""1031300"",""10001"",""1000100""]""",Org1MSP Org2MSP ,VALID,, 10001 10313,,WT,146,14347,0
2022-04-07T17:25:04.593Z,ca91745de36e9c58cf4855182d568dfbc5bf7399ec63a8bf05fe377829d60437,Org1MSP,Func1,"[3"",""1""]""",Org1MSP Org2MSP ,VALID, 1 3,,,RT,146,14370,0
2022-04-07T17:25:04.596Z,909f21a1f5e7491ccb56adcb8efc157b8c7c1fa3caca0015cb52ba40cadd1e39,Org1MSP,Func4,"[11679"",""1167900"",""17666"",""1766600""]""",Org1MSP Org2MSP ,VALID,, 11679 17666,,WT,146,14324,0
2022-04-07T17:25:04.597Z,04b1e5b9031e5b0e765b3c4816706abf170b203765ffd25eeff44d99d402272d,Org1MSP,Func4,"[10000"",""1000000"",""10012"",""1001200""]""",Org1MSP Org2MSP ,VALID,, 10000 10012,,WT,146,14278,0
2022-04-07T17:25:04.597Z,b8dfd85d1f533ea5b3455e41c34b8411ec78c2d632f78b79e5979cb7ccddaf02,Org1MSP,Func4,"[10184"",""1018400"",""10023"",""1002300""]""",Org1MSP Org2MSP ,VALID,, 10023 10184,,WT,146,14343,0
2022-04-07T17:25:04.598Z,e8768b366fd01b863097ac96f9bc003231cd4da307805a35affe7a2d17275cc7,Org1MSP,Func4,"[10033"",""1003300"",""10048"",""1004800""]""",Org1MSP Org2MSP ,VALID,, 10033 10048,,WT,146,14357,0
2022-04-07T17:25:04.689Z,46feb307f14ff1a02d1649db3eadda73d37f17106ba5be40e8f2f0f2e2fe3c2e,Org1MSP,Func1,"[1173"",""4429""]""",Org1MSP Org2MSP ,VALID, 1173 4429,,,RT,146,14301,0
2022-04-07T17:25:04.689Z,7e8c8a0938c9608e6768aae60ee3b4c0980327087d11dd2bc6f1e1c48bf9741a,Org1MSP,Func4,"[10009"",""1000900"",""10051"",""1005100""]""",Org1MSP Org2MSP ,VALID,, 10009 10051,,WT,146,14319,0
2022-04-07T17:25:04.689Z,f568e0ba0fb81fd3c2b05e895b303ec6e0fb95508a6b98b2f41f38c4abf841f6,Org1MSP,Func1,"[3"",""689""]""",Org1MSP Org2MSP ,VALID, 3 689,,,RT,146,14369,0
2022-04-07T17:25:04.692Z,1b9de4dd02cc966e6c2539cfb3e1d799bf745dd7824a8fa3e554b7dccd290908,Org1MSP,Func4,"[11962"",""1196200"",""14560"",""1456000""]""",Org1MSP Org2MSP ,VALID,, 11962 14560,,WT,146,14284,0
2022-04-07T17:25:04.692Z,72f3fc381f71dca9f32764bdbb8067afff850ac51fe5d77d437ce7a523411db0,Org1MSP,Func7,"[59"",""100"",""1031"",""100""]""",Org1MSP Org2MSP ,VALID, 1031 59, 1031 59,,UT,146,14316,0
2022-04-07T17:25:04.693Z,d9535386c70fea41196ead1faf256de2ff86664584af4628531ce20365748ed1,Org1MSP,Func4,"[10042"",""1004200"",""10049"",""1004900""]""",Org1MSP Org2MSP ,VALID,, 10042 10049,,WT,146,14356,0
2022-04-07T17:25:04.694Z,9cdb88592d4614ba9962b1fabfbd6bd2f75eb4271ad726beefa5cd6ee9517ee4,Org1MSP,Func4,"[10000"",""1000000"",""10022"",""1002200""]""",Org1MSP Org2MSP ,VALID,, 10000 10022,,WT,146,14331,0
2022-04-07T17:25:04.697Z,ace6e4b513e6875e66873f80e24298f24dd592fd952c43fbdfcdb7531aa53e12,Org1MSP,Func4,"[10019"",""1001900"",""11393"",""1139300""]""",Org1MSP Org2MSP ,VALID,, 10019 11393,,WT,146,14338,0
2022-04-07T17:25:04.698Z,03abe73276d3f7180a4600d89163236062441e69ea2bd0b34f4fb007c0d06050,Org1MSP,Func4,"[13079"",""1307900"",""10080"",""1008000""]""",Org1MSP Org2MSP ,VALID,, 10080 13079,,WT,146,14277,0
2022-04-07T17:25:04.698Z,5af7ce1a09c55c7fb70e59c060b9afa0e53c1ca4c3002a7db9e6efb642edeab6,Org1MSP,Func4,"[19737"",""1973700"",""10785"",""1078500""]""",Org1MSP Org2MSP ,VALID,, 10785 19737,,WT,146,14307,0
2022-04-07T17:25:04.790Z,a9523e26b2f16fa250151e11525665588ba468746b27e933ad58e988cf7036e3,Org1MSP,Func4,"[10119"",""1011900"",""13200"",""1320000""]""",Org1MSP Org2MSP ,VALID,, 10119 13200,,WT,146,14335,0
2022-04-07T17:25:04.790Z,d5c827c0e3c8a7eaac3125bf3e8fbb045bba05b2d8723e056d28b36a67210a48,Org1MSP,Func4,"[11748"",""1174800"",""10128"",""1012800""]""",Org1MSP Org2MSP ,VALID,, 10128 11748,,WT,146,14353,0
2022-04-07T17:25:04.791Z,0f6e76af9982aca8db71fd7a06c5e8c8c2366db1877be2ce5e1591be29561577,Org1MSP,Func7,"[8"",""100"",""23"",""100""]""",Org1MSP Org2MSP ,VALID, 23 8, 23 8,,UT,146,14280,0
2022-04-07T17:25:04.791Z,451de15f58adc10d9400298b4b254e7424a694b551114f4b9c590cd7021c3208,Org1MSP,Func4,"[17152"",""1715200"",""10190"",""1019000""]""",Org1MSP Org2MSP ,VALID,, 10190 17152,,WT,146,14298,0
2022-04-07T17:25:04.792Z,51825ef4fcbe9f9b766a0c9103e6bb1205094cb0817301764f6af6180b7bc263,Org1MSP,Func4,"[12000"",""1200000"",""14286"",""1428600""]""",Org1MSP Org2MSP ,VALID,, 12000 14286,,WT,146,14304,0
2022-04-07T17:25:04.794Z,500ed04d1c06058a077ccdfda420dc405efb5502373c132a62b8923aa9f32147,Org1MSP,Func1,"[1"",""4""]""",Org1MSP Org2MSP ,VALID, 1 4,,,RT,146,14367,0
2022-04-07T17:25:04.795Z,2b51f954bf911215dcd50c68db75f5643c9f01b799b4c7077be753d3cbe37c4a,Org1MSP,Func4,"[11828"",""1182800"",""10040"",""1004000""]""",Org1MSP Org2MSP ,VALID,, 10040 11828,,WT,146,14289,0
2022-04-07T17:25:04.796Z,0ec8319e7a831c49afa96c5da86a5bde5c1d28470dbab776a259a6e5bfe95367,Org1MSP,Func4,"[10127"",""1012700"",""10113"",""1011300""]""",Org1MSP Org2MSP ,VALID,, 10113 10127,,WT,146,14279,0
2022-04-07T17:25:04.798Z,df2b29943c369eaa37df9478f51834e25dcf0b7968d196e14f3c7f76d7863cd2,Org1MSP,Func1,"[1912"",""3""]""",Org1MSP Org2MSP ,VALID, 1912 3,,,RT,146,14368,0
2022-04-07T17:25:04.802Z,b2f583d2e438c51e0ccfb9db65d28887cc31368e43838744a82a7a6318a5629f,Org1MSP,Func1,"[66"",""10""]""",Org1MSP Org2MSP ,VALID, 10 66,,,RT,146,14340,0
2022-04-07T17:25:04.890Z,62c98ed5164f985b5c2846e1e0e683a9c071693a2776d4f08f1c659d64d8c548,Org1MSP,Func4,"[10010"",""1001000"",""10000"",""1000000""]""",Org1MSP Org2MSP ,VALID,, 10000 10010,,WT,146,14310,0
2022-04-07T17:25:04.890Z,69284d4fbe0aefa10a5ce7966e0f3973d29819aa15ce043b6368554569b6c9dd,Org1MSP,Func4,"[10006"",""1000600"",""10000"",""1000000""]""",Org1MSP Org2MSP ,VALID,, 10000 10006,,WT,146,14313,0
2022-04-07T17:25:04.891Z,2bebaa80a12a7efb6d841fe91cbff24552e39e65d0d4dfa73009ce69a8ed6be3,Org1MSP,Func7,"[982"",""100"",""250"",""100""]""",Org1MSP Org2MSP ,VALID, 250 982, 250 982,,UT,146,14290,0
2022-04-07T17:25:04.891Z,8dcd664259748215fcadf926cf11dd7f5f7cfae96a68cf23264d72ab7b5dcd6c,Org1MSP,Func4,"[12320"",""1232000"",""11712"",""1171200""]""",Org1MSP Org2MSP ,VALID,, 11712 12320,,WT,146,14323,0
2022-04-07T17:25:04.892Z,d59eb02cfce96bf73d55a28fc6d27d70389413f4c2efcaae311a57ed3c842e61,Org1MSP,Func4,"[11351"",""1135100"",""10021"",""1002100""]""",Org1MSP Org2MSP ,VALID,, 10021 11351,,WT,146,14352,0
2022-04-07T17:25:04.895Z,158df7474448e913d5c8668204a7d8a7ab66e2a561ed3490751cb51679186682,Org1MSP,Func4,"[10016"",""1001600"",""10026"",""1002600""]""",Org1MSP Org2MSP ,VALID,, 10016 10026,,WT,146,14282,0
2022-04-07T17:25:04.895Z,63fb538cb3d102d5a0a5a56727464614eb8abd934ae81fc272057872d380e01b,Org1MSP,Func7,"[19"",""100"",""6"",""100""]""",Org1MSP Org2MSP ,VALID, 19 6, 19 6,,UT,146,14311,0
2022-04-07T17:25:04.896Z,d37a253c49e15fc43e6d13a136331da00c916cc0850784e69dc9129d4b7e7b35,Org1MSP,Func1,"[2820"",""938""]""",Org1MSP Org2MSP ,VALID, 2820 938,,,RT,146,14350,0
2022-04-07T17:25:04.898Z,f88e50b45076fc715e5b8c24174219c2bee66c9083fe1566581ea5b2861eb580,Org1MSP,Func4,"[10000"",""1000000"",""10072"",""1007200""]""",Org1MSP Org2MSP ,VALID,, 10000 10072,,WT,146,14364,0
2022-04-07T17:25:04.903Z,7e91b76a1f4a49f780be93263bd0e5e08f8d57ec76951f0c5d86409b09cb4c35,Org1MSP,Func4,"[10026"",""1002600"",""10000"",""1000000""]""",Org1MSP Org2MSP ,VALID,, 10000 10026,,WT,146,14320,0
2022-04-07T17:25:04.989Z,56157363d91e76c0e6191bf7129bf655cd1bf7a192de23bc65426b966d5ba689,Org1MSP,Func4,"[10001"",""1000100"",""14385"",""1438500""]""",Org1MSP Org2MSP ,VALID,, 10001 14385,,WT,146,14306,0
2022-04-07T17:25:04.989Z,ec2d7a4e9839435819ff563113e8ef2986229bb0ec2a4d30a1375c6b37e41d0d,Org1MSP,Func4,"[10008"",""1000800"",""10001"",""1000100""]""",Org1MSP Org2MSP ,VALID,, 10001 10008,,WT,146,14359,0
2022-04-07T17:25:04.991Z,7bdeeb6c3165855145b5ac56e23a243227f00da4ea5034c774b8a47c881ce2e7,Org1MSP,Func4,"[11118"",""1111800"",""10089"",""1008900""]""",Org1MSP Org2MSP ,VALID,, 10089 11118,,WT,146,14317,0
2022-04-07T17:25:04.992Z,6ab4e94e1a49c3008bd25cbd875bdc8ace2e025e565342f3e2aaf31ae1aad0db,Org1MSP,Func1,"[7396"",""13""]""",Org1MSP Org2MSP ,VALID, 13 7396,,,RT,146,14314,0
2022-04-07T17:25:04.993Z,a1a1da4db4b845514ca0ac55ff4944b3bf663c17cd6a6f2f29b153ebd8b92b66,Org1MSP,Func4,"[10003"",""1000300"",""10001"",""1000100""]""",Org1MSP Org2MSP ,VALID,, 10001 10003,,WT,146,14332,0
2022-04-07T17:25:04.994Z,45363ddcc741f1ba375a8c9dbc1f89a1ea20e96163fb8338e0d834a58c139ff0,Org1MSP,Func1,"[33"",""5086""]""",Org1MSP Org2MSP ,VALID, 33 5086,,,RT,146,14299,0
2022-04-07T17:25:04.996Z,421e959305dc91363cbbabf3e06d4406200355ba1b5cace3c0c583955b2d8007,Org1MSP,Func4,"[10007"",""1000700"",""10105"",""1010500""]""",Org1MSP Org2MSP ,VALID,, 10007 10105,,WT,146,14296,0
2022-04-07T17:25:04.999Z,92bd0ee86111345013cd0c972fea8815aa02dffe3473420a0ede1939d4201076,Org1MSP,Func4,"[10054"",""1005400"",""10001"",""1000100""]""",Org1MSP Org2MSP ,VALID,, 10001 10054,,WT,146,14326,0
2022-04-07T17:25:05.088Z,0e8ef3d96998f020a10f6b396e70bb9e54fec8fd22846401e3ec5d76ea123933,Org1MSP,Func7,"[1283"",""100"",""542"",""100""]""",Org1MSP Org2MSP ,VALID, 1283 542, 1283 542,,UT,147,14375,0
2022-04-07T17:25:05.089Z,9105b34963399107d77f0d785fce4cbd7a27d9c8cd3495e0d66f8d79282f674e,Org1MSP,Func7,"[2678"",""100"",""600"",""100""]""",Org1MSP Org2MSP ,VALID, 2678 600, 2678 600,,UT,147,14428,0
2022-04-07T17:25:05.089Z,ff891daebfefcd31e19c21f804e55517cacd324b41404917fe166772667161ac,Org1MSP,Func7,"[108"",""100"",""12"",""100""]""",Org1MSP Org2MSP ,VALID, 108 12, 108 12,,UT,147,14474,0
2022-04-07T17:25:05.091Z,c8eb7d874db08142a6f6a5eee707eb8428455aa6e3d6ea8b1745583c3a5a4667,Org1MSP,Func4,"[10575"",""1057500"",""10169"",""1016900""]""",Org1MSP Org2MSP ,VALID,, 10169 10575,,WT,147,14454,0
2022-04-07T17:25:05.092Z,01fe13be8c25d7bf08436141981d6f67b9cdca632b2df5ea29569b608847c972,Org1MSP,Func4,"[10010"",""1001000"",""10005"",""1000500""]""",Org1MSP Org2MSP ,VALID,, 10005 10010,,WT,147,14371,0
2022-04-07T17:25:05.092Z,8d6ab6bbfcda6a5c330f7b121cf8adb57cfb3571e77fccfad4ae5d4a8694147f,Org1MSP,Func4,"[16280"",""1628000"",""10002"",""1000200""]""",Org1MSP Org2MSP ,VALID,, 10002 16280,,WT,147,14426,0
2022-04-07T17:25:05.094Z,4ee2ed0a52330627e7b1398562b536e727636b72ecb5f475e88256dfcf378483,Org1MSP,Func1,"[11"",""8""]""",Org1MSP Org2MSP ,VALID, 11 8,,,RT,147,14404,0
2022-04-07T17:25:05.096Z,865a3b82598fcca94aad7b940bdb66c34620889d984d3e028982157841495dc1,Org1MSP,Func4,"[10156"",""1015600"",""10068"",""1006800""]""",Org1MSP Org2MSP ,VALID,, 10068 10156,,WT,147,14420,0
2022-04-07T17:25:05.098Z,bd91f2529729cd7d322f26e48224f5f16cb9b0ca31603a83e224b1a928779f8f,Org1MSP,Func4,"[10021"",""1002100"",""10672"",""1067200""]""",Org1MSP Org2MSP ,VALID,, 10021 10672,,WT,147,14450,0
2022-04-07T17:25:05.099Z,f2e44effb93bed31d303811722e68c82a0d6784948e20d12dcf44a95c3e01006,Org1MSP,Func1,"[1"",""10""]""",Org1MSP Org2MSP ,VALID, 1 10,,,RT,147,14469,0
2022-04-07T17:25:05.189Z,54eaddc8dd87c6c9b1166d6eb3d8bc528a6da4f7e6ed4024f4cc1ea271c8ba11,Org1MSP,Func7,"[13"",""100"",""30"",""100""]""",Org1MSP Org2MSP ,VALID, 13 30, 13 30,,UT,147,14406,0
2022-04-07T17:25:05.190Z,3cfdb7768a6370f1c7ef362ad8dbae5b536219d5f947914bcf8eb81bd60d3a54,Org1MSP,Func4,"[10090"",""1009000"",""15954"",""1595400""]""",Org1MSP Org2MSP ,VALID,, 10090 15954,,WT,147,14397,0
2022-04-07T17:25:05.191Z,8c979d0a85239489ea522af4714650b52e4a59a677e60976655a5954bb60b8ff,Org1MSP,Func4,"[10000"",""1000000"",""18354"",""1835400""]""",Org1MSP Org2MSP ,VALID,, 10000 18354,,WT,147,14425,0
2022-04-07T17:25:05.191Z,e193aa44428518ffae65a4e434b5b247bfef13535aadd8265d8219bb34d1827a,Org1MSP,Func4,"[18154"",""1815400"",""15178"",""1517800""]""",Org1MSP Org2MSP ,VALID,, 15178 18154,,WT,147,14459,0
2022-04-07T17:25:05.192Z,ff8f44f449796cbb7c6c8895bf7b3654f5d77d6b79a33573f32a056bd8deddf8,Org1MSP,Func4,"[10166"",""1016600"",""10000"",""1000000""]""",Org1MSP Org2MSP ,VALID,, 10000 10166,,WT,147,14475,0
2022-04-07T17:25:05.193Z,264f613055088f7468dfcb84089909563be9695dcb97945f9c0db151fd4b0b74,Org1MSP,Func4,"[10021"",""1002100"",""10000"",""1000000""]""",Org1MSP Org2MSP ,VALID,, 10000 10021,,WT,147,14384,0
2022-04-07T17:25:05.193Z,66b24a0f644e0b7a4ca48be8e3ff85c0fe2fc138e0b86e13bd5cf6359b2962c2,Org1MSP,Func4,"[10008"",""1000800"",""10173"",""1017300""]""",Org1MSP Org2MSP ,VALID,, 10008 10173,,WT,147,14410,0
2022-04-07T17:25:05.196Z,a3275ac5375bdf9a3a3601845892aa09cb1403f8af434df565e66f4e9fbb8a8e,Org1MSP,Func4,"[12077"",""1207700"",""11225"",""1122500""]""",Org1MSP Org2MSP ,VALID,, 11225 12077,,WT,147,14435,0
2022-04-07T17:25:05.197Z,76285ade425cf910e58c9145a313e6e64e9e2e30bb845ae2305c8d7cfadd6f27,Org1MSP,Func4,"[13278"",""1327800"",""12488"",""1248800""]""",Org1MSP Org2MSP ,VALID,, 12488 13278,,WT,147,14413,0
2022-04-07T17:25:05.199Z,0d41b63e8909b347004fc187b67610bf600d96c1ff2a1f7582a39f9a09271a66,Org1MSP,Func4,"[18221"",""1822100"",""10170"",""1017000""]""",Org1MSP Org2MSP ,VALID,, 10170 18221,,WT,147,14374,0
2022-04-07T17:25:05.289Z,3958d94d6389cf207c60f182feaa350a1340c1e6e1429f472f96eee6ea30c61b,Org1MSP,Func1,"[1"",""3036""]""",Org1MSP Org2MSP ,VALID, 1 3036,,,RT,147,14394,0
2022-04-07T17:25:05.289Z,a548e634c11f85209afb94b20a2e66e91f983e9690973e6abfa844c5662cc27e,Org1MSP,Func4,"[10000"",""1000000"",""12459"",""1245900""]""",Org1MSP Org2MSP ,VALID,, 10000 12459,,WT,147,14436,0
2022-04-07T17:25:05.289Z,b54ffb1e377ec2b47ab22bb2e00e7a50f7d7ff13afa55e2a0eaff6fb83f29c12,Org1MSP,Func4,"[10011"",""1001100"",""10135"",""1013500""]""",Org1MSP Org2MSP ,VALID,, 10011 10135,,WT,147,14447,0
2022-04-07T17:25:05.292Z,495f905105d5ea968320f31e88eb89ea196f72bd16d68c52f261ce8953b6c278,Org1MSP,Func4,"[14493"",""1449300"",""10228"",""1022800""]""",Org1MSP Org2MSP ,VALID,, 10228 14493,,WT,147,14402,0
2022-04-07T17:25:05.292Z,bcddfc4dbf4ee2f9fe52e1f3120e5d2c876df98dcf32dbe826fa972b3d77bd7d,Org1MSP,Func4,"[10155"",""1015500"",""10144"",""1014400""]""",Org1MSP Org2MSP ,VALID,, 10144 10155,,WT,147,14449,0
2022-04-07T17:25:05.293Z,736cd67b60c17001b9091655971c2d050677071b8651173d7f1c3bcab5e08c22,Org1MSP,Func4,"[12650"",""1265000"",""10000"",""1000000""]""",Org1MSP Org2MSP ,VALID,, 10000 12650,,WT,147,14412,0
2022-04-07T17:25:05.295Z,4e3a47a38ecd8ccf437cb15256be2448f5cc2a98a5711f1013e5e81d79b92726,Org1MSP,Func7,"[73"",""100"",""5"",""100""]""",Org1MSP Org2MSP ,VALID, 5 73, 5 73,,UT,147,14403,0
2022-04-07T17:25:05.296Z,e7b6989cb5a1e731e89455e2f4a789d71f08b425c7647db434a28e3a983ad6e8,Org1MSP,Func7,"[5975"",""100"",""55"",""100""]""",Org1MSP Org2MSP ,VALID, 55 5975, 55 5975,,UT,147,14462,0
2022-04-07T17:25:05.297Z,25a6c4b8cd687d24e24025422bacd4528b8ac8115cc55fc7a39fe4fe6413356a,Org1MSP,Func4,"[11129"",""1112900"",""10126"",""1012600""]""",Org1MSP Org2MSP ,VALID,, 10126 11129,,WT,147,14383,0
2022-04-07T17:25:05.299Z,326c3a78fba2ac3cf5f0431fd00c608f77ecb836213457adb7868f2c5c0e1b8c,Org1MSP,Func4,"[16198"",""1619800"",""10035"",""1003500""]""",Org1MSP Org2MSP ,VALID,, 10035 16198,,WT,147,14391,0
2022-04-07T17:25:05.388Z,99f68fe721ba2bd0f9abc0224a5213747d9dbd75247a4d041bb165814bad3faf,Org1MSP,Func4,"[16214"",""1621400"",""17150"",""1715000""]""",Org1MSP Org2MSP ,VALID,, 16214 17150,,WT,147,14432,0
2022-04-07T17:25:05.390Z,0b32ab24be45437cfae9b6496fec5f10865a686c6582e2a83248309af0bc287c,Org1MSP,Func4,"[10578"",""1057800"",""13131"",""1313100""]""",Org1MSP Org2MSP ,VALID,, 10578 13131,,WT,147,14373,0
2022-04-07T17:25:05.390Z,3bf6a1647867076ad515c261f84ba51fe461f6e78033a4a0adecbbcb254c8ba8,Org1MSP,Func4,"[10003"",""1000300"",""10000"",""1000000""]""",Org1MSP Org2MSP ,VALID,, 10000 10003,,WT,147,14396,0
2022-04-07T17:25:05.391Z,207c42cb792210b08db1e119d338ea9cfa7161c1b0687180cc06f93737fb913c,Org1MSP,Func4,"[11223"",""1122300"",""10131"",""1013100""]""",Org1MSP Org2MSP ,VALID,, 10131 11223,,WT,147,14378,0
2022-04-07T17:25:05.391Z,81f6c732e73730bd096bbc00e628d5467458ec162ea2006370c68fe8fb79efb5,Org1MSP,Func1,"[189"",""9""]""",Org1MSP Org2MSP ,VALID, 189 9,,,RT,147,14418,0
2022-04-07T17:25:05.393Z,3fafe98929935da5499b10c99897131e56ad459775a4d9d6af9d2ebda1bce2fb,Org1MSP,Func4,"[10019"",""1001900"",""10025"",""1002500""]""",Org1MSP Org2MSP ,VALID,, 10019 10025,,WT,147,14399,0
2022-04-07T17:25:05.394Z,dfa8f1ca8ec6ad2490747c5624ff58b09f315a91e1eb7de7186116120a0a3958,Org1MSP,Func7,"[518"",""100"",""78"",""100""]""",Org1MSP Org2MSP ,VALID, 518 78, 518 78,,UT,147,14458,0
2022-04-07T17:25:05.397Z,92f3f25ba7f923dd06422acc2fae781a57db1c1e94e20d51e49ed7ed69b8fe5c,Org1MSP,Func4,"[10001"",""1000100"",""12922"",""1292200""]""",Org1MSP Org2MSP ,VALID,, 10001 12922,,WT,147,14429,0
2022-04-07T17:25:05.398Z,277ac1327eacf197f6bdc3c24e3ce0998c34f4e261145e8ad7f939541b1be708,Org1MSP,Func4,"[10008"",""1000800"",""10163"",""1016300""]""",Org1MSP Org2MSP ,VALID,, 10008 10163,,WT,147,14386,0
2022-04-07T17:25:05.398Z,eb99fc13d9e708046971b14d085b0cdfc60a669720a077431568bb80bb39bfb3,Org1MSP,Func1,"[63"",""1263""]""",Org1MSP Org2MSP ,VALID, 1263 63,,,RT,147,14464,0
2022-04-07T17:25:05.489Z,c2b810ba6363dc3b960040408afe9964c401db20da0cd13e1797da36fafe79b3,Org1MSP,Func4,"[10474"",""1047400"",""10024"",""1002400""]""",Org1MSP Org2MSP ,VALID,, 10024 10474,,WT,147,14452,0
2022-04-07T17:25:05.490Z,7e792534bc3a0a548c8f6335a4c29059180f065197c96f5525918f0079df19bd,Org1MSP,Func4,"[13832"",""1383200"",""10004"",""1000400""]""",Org1MSP Org2MSP ,VALID,, 10004 13832,,WT,147,14416,0
2022-04-07T17:25:05.490Z,f416516a27a3b37e26c6015734eb341eb86ad1a5faf4debf46f882b12b869328,Org1MSP,Func4,"[17212"",""1721200"",""10280"",""1028000""]""",Org1MSP Org2MSP ,VALID,, 10280 17212,,WT,147,14471,0
2022-04-07T17:25:05.491Z,90ebc33c62cd7cbfd3b4bf701abad61745e3f2bec58f0116b3450bea116d7ffb,Org1MSP,Func4,"[10451"",""1045100"",""10015"",""1001500""]""",Org1MSP Org2MSP ,VALID,, 10015 10451,,WT,147,14427,0
2022-04-07T17:25:05.492Z,346fcc4b4554452c9dfd6bf516fbb1a0fd872144d4651327377ce8d8f53df228,Org1MSP,Func4,"[18855"",""1885500"",""10006"",""1000600""]""",Org1MSP Org2MSP ,VALID,, 10006 18855,,WT,147,14392,0
2022-04-07T17:25:05.495Z,ec093e6dd7232dcdd7ab3f9e6a98ba01cba9125e6f6e982e0f86268bd286883c,Org1MSP,Func1,"[1054"",""1447""]""",Org1MSP Org2MSP ,VALID, 1054 1447,,,RT,147,14465,0
2022-04-07T17:25:05.496Z,5f493cdc739a754caee6175a84e079b01639f07ec9751667d2b10d9c84e575fc,Org1MSP,Func4,"[10001"",""1000100"",""10641"",""1064100""]""",Org1MSP Org2MSP ,VALID,, 10001 10641,,WT,147,14409,0
2022-04-07T17:25:05.496Z,a1606046f1e257606f57c8cecb12a4c1767065c0e7e061dc17d023b3344c790a,Org1MSP,Func1,"[1"",""8740""]""",Org1MSP Org2MSP ,VALID, 1 8740,,,RT,147,14434,0
2022-04-07T17:25:05.498Z,a86c383eee9ccc9624227e9b0b346510787b00081cf2304fc335beff958c275f,Org1MSP,Func4,"[10018"",""1001800"",""18539"",""1853900""]""",Org1MSP Org2MSP ,VALID,, 10018 18539,,WT,147,14438,0
2022-04-07T17:25:05.498Z,f7d2a7b1fde5f164586c27f07c8e5b22ec70bb9ba259f9fede8d0e8eceb18321,Org1MSP,Func7,"[10"",""100"",""2590"",""100""]""",Org1MSP Org2MSP ,VALID, 10 2590, 10 2590,,UT,147,14478,0
2022-04-07T17:25:05.589Z,20c1a1c24850be61bc55fad5ce569ee01aeb75c64c1e56c104f07677a4f95383,Org1MSP,Func4,"[15407"",""1540700"",""10025"",""1002500""]""",Org1MSP Org2MSP ,VALID,, 10025 15407,,WT,147,14379,0
2022-04-07T17:25:05.590Z,074275d8c8156dd89adbeecbb1967145f14dc140d3d1aa3d3ab39ddff32ac936,Org1MSP,Func4,"[10000"",""1000000"",""10210"",""1021000""]""",Org1MSP Org2MSP ,VALID,, 10000 10210,,WT,147,14372,0
2022-04-07T17:25:05.590Z,870cc59b7de834a10d34550465c7b531948e135ca29c44906d382e340adf0708,Org1MSP,Func4,"[10120"",""1012000"",""10859"",""1085900""]""",Org1MSP Org2MSP ,VALID,, 10120 10859,,WT,147,14421,0
2022-04-07T17:25:05.590Z,f1f5abf402344992125f5e1bd1fcae3662ede662e5c46e662f1f0fa4514bb6b1,Org1MSP,Func4,"[10005"",""1000500"",""11474"",""1147400""]""",Org1MSP Org2MSP ,VALID,, 10005 11474,,WT,147,14467,0
2022-04-07T17:25:05.592Z,3abb872828d39d219e84844ad5b96d618f3c12824c1e7384d200210319526a49,Org1MSP,Func4,"[10023"",""1002300"",""10001"",""1000100""]""",Org1MSP Org2MSP ,VALID,, 10001 10023,,WT,147,14395,0
2022-04-07T17:25:05.593Z,abe136b9fb0eb37334b93aa8d5a5916b83dbd3cda39fff4db18d6b8a9516e6f3,Org1MSP,Func1,"[3611"",""227""]""",Org1MSP Org2MSP ,VALID, 227 3611,,,RT,147,14441,0
2022-04-07T17:25:05.594Z,ed521a8a031f4849ee58338069e29734b76f8b177194d2f06e6c2f86aa97dd24,Org1MSP,Func1,"[8"",""3""]""",Org1MSP Org2MSP ,VALID, 3 8,,,RT,147,14476,0
2022-04-07T17:25:05.598Z,3ddf3338570b064547362bba54fa661439e9878e513e38e2214bca03dbe341ad,Org1MSP,Func4,"[12176"",""1217600"",""10000"",""1000000""]""",Org1MSP Org2MSP ,VALID,, 10000 12176,,WT,147,14398,0
2022-04-07T17:25:05.598Z,4f925b231e52748b8f14505dcda460776a0432e51ddb5319459ee1174cb20f88,Org1MSP,Func4,"[10500"",""1050000"",""16074"",""1607400""]""",Org1MSP Org2MSP ,VALID,, 10500 16074,,WT,147,14405,0
2022-04-07T17:25:05.598Z,f21de6ea0c89a0074011238e6383377b725ea20e78e247c92ea41695192d0898,Org1MSP,Func4,"[10981"",""1098100"",""10081"",""1008100""]""",Org1MSP Org2MSP ,VALID,, 10081 10981,,WT,147,14468,0
2022-04-07T17:25:05.690Z,21a3bd4d467be1ba2d381ae6fc259ce431efa246a963862ea8cde2f18eb5ea6c,Org1MSP,Func4,"[10000"",""1000000"",""11379"",""1137900""]""",Org1MSP Org2MSP ,VALID,, 10000 11379,,WT,147,14380,0
2022-04-07T17:25:05.690Z,bb629838f4ca03f04e2d58f705d891119f935d05011225dfa73fad8495baa642,Org1MSP,Func4,"[11381"",""1138100"",""10015"",""1001500""]""",Org1MSP Org2MSP ,VALID,, 10015 11381,,WT,147,14448,0
2022-04-07T17:25:05.690Z,d79ea568d1b40f71dc893944f029cdb6d934f718140a3dcc2ab8c316d275026b,Org1MSP,Func4,"[10055"",""1005500"",""10001"",""1000100""]""",Org1MSP Org2MSP ,VALID,, 10001 10055,,WT,147,14457,0
2022-04-07T17:25:05.692Z,37141b5e363c9c3c0d5c42a21f97fc1b59f34f00d478467073790acbb2597f6f,Org1MSP,Func4,"[10002"",""1000200"",""10000"",""1000000""]""",Org1MSP Org2MSP ,VALID,, 10000 10002,,WT,147,14393,0
2022-04-07T17:25:05.693Z,e91a9f44c10b485773adef6654194df5326181d7c15eb560feb6cb91798230eb,Org1MSP,Func4,"[10031"",""1003100"",""10038"",""1003800""]""",Org1MSP Org2MSP ,VALID,, 10031 10038,,WT,147,14463,0
2022-04-07T17:25:05.694Z,ca35e95bffa5874ef3a2b861e87009929c084ec712b051f655a122e450968efe,Org1MSP,Func4,"[10050"",""1005000"",""11789"",""1178900""]""",Org1MSP Org2MSP ,VALID,, 10050 11789,,WT,147,14455,0
2022-04-07T17:25:05.694Z,3ea93d6eb23a5b5217dfb0f439540c0395d11eb24de0fc10b27fb7c39c100a2c,Org1MSP,Func7,"[11"",""100"",""366"",""100""]""",Org1MSP Org2MSP ,VALID, 11 366, 11 366,,UT,147,14477,0
2022-04-07T17:25:05.697Z,95affba52ff6f66bd5b4281a74778e05b3b598e60836ac12fe08e775249db071,Org1MSP,Func7,"[50"",""100"",""8"",""100""]""",Org1MSP Org2MSP ,VALID, 50 8, 50 8,,UT,147,14479,0
2022-04-07T17:25:05.698Z,1c1385d32dcdcf684f09de35342616cf64c7fb6b5e364173236e7e5e9dc53b50,Org1MSP,Func7,"[210"",""100"",""4899"",""100""]""",Org1MSP Org2MSP ,VALID, 210 4899, 210 4899,,UT,147,14377,0
2022-04-07T17:25:05.698Z,2704248bbaff53aa563055e7f9a52d095e708a1979d36d680993e8fae3302055,Org1MSP,Func1,"[4"",""2""]""",Org1MSP Org2MSP ,VALID, 2 4,,,RT,147,14385,0
2022-04-07T17:25:05.788Z,fe7af208c615838f10a8ae58d8df2f34c2e53ee120248282733374589a9bd8fd,Org1MSP,Func4,"[12602"",""1260200"",""10044"",""1004400""]""",Org1MSP Org2MSP ,VALID,, 10044 12602,,WT,147,14473,0
2022-04-07T17:25:05.789Z,a7f24a07ebb7a4f7487b088ea45bff7993566a6553c086f7fa5cd7a04770ea4a,Org1MSP,Func7,"[1165"",""100"",""1027"",""100""]""",Org1MSP Org2MSP ,VALID, 1027 1165, 1027 1165,,UT,147,14437,0
2022-04-07T17:25:05.789Z,f45b126989a8f770dcb4ffde620196f9d16c4976391ded6507603c4d4896b641,Org1MSP,Func4,"[10003"",""1000300"",""10072"",""1007200""]""",Org1MSP Org2MSP ,VALID,, 10003 10072,,WT,147,14472,0
2022-04-07T17:25:05.790Z,9c6694e677e275124232102e731a6eb85922f692dfe3e9483fa56a6d10188f44,Org1MSP,Func4,"[10010"",""1001000"",""10291"",""1029100""]""",Org1MSP Org2MSP ,VALID,, 10010 10291,,WT,147,14433,0
2022-04-07T17:25:05.792Z,29fd93372385900f48defe4c2baf924a986c51813def6f1e8b5f29c902123c39,Org1MSP,Func4,"[10005"",""1000500"",""10000"",""1000000""]""",Org1MSP Org2MSP ,VALID,, 10000 10005,,WT,147,14387,0
2022-04-07T17:25:05.794Z,ada25e82a8507e0651bfed9af3424836f454ff60cbbfc060a2542b048279c51c,Org1MSP,Func4,"[10702"",""1070200"",""10443"",""1044300""]""",Org1MSP Org2MSP ,VALID,, 10443 10702,,WT,147,14443,0
2022-04-07T17:25:05.795Z,c1ee0f07a20e0a56ecaa437a548b48e24b0b20c1155428ccf88b50597fa1208c,Org1MSP,Func4,"[10069"",""1006900"",""10095"",""1009500""]""",Org1MSP Org2MSP ,VALID,, 10069 10095,,WT,147,14451,0
2022-04-07T17:25:05.796Z,9951bf58e5d446110e07ceb3858dd44673083762d92dd0c0ac9cf35e423e6a97,Org1MSP,Func4,"[10000"",""1000000"",""12235"",""1223500""]""",Org1MSP Org2MSP ,VALID,, 10000 12235,,WT,147,14431,0
2022-04-07T17:25:05.798Z,5a13ff43f0aa00a6e57bc60045070912e0832123058f2b3bd2a763ef77d64e43,Org1MSP,Func1,"[16"",""1""]""",Org1MSP Org2MSP ,VALID, 1 16,,,RT,147,14407,0
2022-04-07T17:25:05.798Z,e52c30414f592bd6caa99393e5ba74d6e80b96771f7fd24213ec04424deb71b7,Org1MSP,Func1,"[17"",""532""]""",Org1MSP Org2MSP ,VALID, 17 532,,,RT,147,14461,0
2022-04-07T17:25:05.888Z,0ee2e77376d0146b5418eeadf650cd3a5a3ec2d88f482e5a3ad36262d2154607,Org1MSP,Func4,"[10000"",""1000000"",""12825"",""1282500""]""",Org1MSP Org2MSP ,VALID,, 10000 12825,,WT,147,14376,0
2022-04-07T17:25:05.889Z,21c6ae2279fe88c59badcb27c84072b8e68ef24183be40b07e859849c16ca63d,Org1MSP,Func4,"[10052"",""1005200"",""10003"",""1000300""]""",Org1MSP Org2MSP ,VALID,, 10003 10052,,WT,147,14381,0
2022-04-07T17:25:05.889Z,acfe2f4d4902d97fc5aa5f3c237a6c82d3fc25ec5a4b293f523b5d326b9df07f,Org1MSP,Func7,"[131"",""100"",""7"",""100""]""",Org1MSP Org2MSP ,VALID, 131 7, 131 7,,UT,147,14442,0
2022-04-07T17:25:05.890Z,c63539ffb83702c78becaa25869e968cceb81c3934e68d5c0b08ea9d4a95db05,Org1MSP,Func4,"[10001"",""1000100"",""10059"",""1005900""]""",Org1MSP Org2MSP ,VALID,, 10001 10059,,WT,147,14453,0
2022-04-07T17:25:05.893Z,801d9927f5341cff55cbc3dc45428d98a6a623b2a9ab09e72fd57e6eccb96d30,Org1MSP,Func1,"[4"",""17""]""",Org1MSP Org2MSP ,VALID, 17 4,,,RT,147,14417,0
2022-04-07T17:25:05.895Z,89c2c371d4abb418ce682ca689ad95777e6ae5a27a005c33ea8a205a0e4c96c5,Org1MSP,Func4,"[10708"",""1070800"",""10018"",""1001800""]""",Org1MSP Org2MSP ,VALID,, 10018 10708,,WT,147,14423,0
2022-04-07T17:25:05.896Z,890c24bccc7ed196a1b20746f3823df2caac8fea02648ce3fa55b84b5b6b7d5d,Org1MSP,Func4,"[10012"",""1001200"",""13369"",""1336900""]""",Org1MSP Org2MSP ,VALID,, 10012 13369,,WT,147,14422,0
2022-04-07T17:25:05.896Z,e1f9914e0e4fd2164fceb9f3a4d2b06659bfd5a117b290ee5ddc97417d7c855f,Org1MSP,Func4,"[10174"",""1017400"",""10106"",""1010600""]""",Org1MSP Org2MSP ,VALID,, 10106 10174,,WT,147,14460,0
2022-04-07T17:25:05.897Z,b06539824c21ae0c6f2c19d38368ffd59ba9f054a98cdaf26ea3047d8ccbb0b2,Org1MSP,Func4,"[14224"",""1422400"",""10001"",""1000100""]""",Org1MSP Org2MSP ,VALID,, 10001 14224,,WT,147,14446,0
2022-04-07T17:25:05.898Z,41bc1e10d8d33081ada5694810cbe8e3e3274fc1c76a62dc8dbce9b62aa69732,Org1MSP,Func4,"[15636"",""1563600"",""10033"",""1003300""]""",Org1MSP Org2MSP ,VALID,, 10033 15636,,WT,147,14400,0
2022-04-07T17:25:05.989Z,2cfd817e9a94f38c98d59564432ad519cc5f6314d6d1f830d48c59386901fffa,Org1MSP,Func1,"[57"",""255""]""",Org1MSP Org2MSP ,VALID, 255 57,,,RT,147,14389,0
2022-04-07T17:25:05.989Z,ab57640ac513d62236e4fd97a47d46e86e3d90fe590096605ba7e27fb6ede61c,Org1MSP,Func4,"[10111"",""1011100"",""10562"",""1056200""]""",Org1MSP Org2MSP ,VALID,, 10111 10562,,WT,147,14440,0
2022-04-07T17:25:05.989Z,edba0894b66994d1ba8a655439e0d94d3358e355586443c6716818a643f3f088,Org1MSP,Func4,"[11265"",""1126500"",""10001"",""1000100""]""",Org1MSP Org2MSP ,VALID,, 10001 11265,,WT,147,14466,0
2022-04-07T17:25:05.990Z,a9bb0cce095df6ddf6d0dbcee2010bb08b185b5115b36ed0ed36ef2de438dcd0,Org1MSP,Func4,"[10001"",""1000100"",""10029"",""1002900""]""",Org1MSP Org2MSP ,VALID,, 10001 10029,,WT,147,14439,0
2022-04-07T17:25:05.994Z,2b2caf349848a9c3a988a5ec49c93bdeceead337ea759198bf0b62b7541ef9c8,Org1MSP,Func4,"[10023"",""1002300"",""13515"",""1351500""]""",Org1MSP Org2MSP ,VALID,, 10023 13515,,WT,147,14388,0
2022-04-07T17:25:05.996Z,af9aa2ce1947bc4e32121f0a4198a9b390baea574e5e1e84abd2031488359e42,Org1MSP,Func7,"[42"",""100"",""14"",""100""]""",Org1MSP Org2MSP ,VALID, 14 42, 14 42,,UT,147,14445,0
2022-04-07T17:25:05.997Z,4235796c5703096332882e68ff20adb3a2e1ca5f59087a8e12d3a6cc1bb58608,Org1MSP,Func4,"[10179"",""1017900"",""10011"",""1001100""]""",Org1MSP Org2MSP ,VALID,, 10011 10179,,WT,147,14401,0
2022-04-07T17:25:05.997Z,8a2c3449ec1e49172a63733c167849014587d172fcbd52a41711405e9554e036,Org1MSP,Func7,"[25"",""100"",""163"",""100""]""",Org1MSP Org2MSP ,VALID, 163 25, 163 25,,UT,147,14424,0
2022-04-07T17:25:05.998Z,2f4382a7aad13ff7fd9ec03fba5d3ceb14cbdadc5839db30bfad22cfd1d950c0,Org1MSP,Func4,"[10042"",""1004200"",""10002"",""1000200""]""",Org1MSP Org2MSP ,VALID,, 10002 10042,,WT,147,14390,0
2022-04-07T17:25:05.998Z,7d314ebdc630df7ee979d797e243b78fc8d5488b790d2078a9027d4ef834dff2,Org1MSP,Func1,"[9"",""1""]""",Org1MSP Org2MSP ,VALID, 1 9,,,RT,147,14414,0
2022-04-07T17:25:06.089Z,94192e134bcb06b22b71d9ade00c0fc7e0d3a100daa0fa1795db3a1aeff53399,Org1MSP,Func7,"[2978"",""100"",""1647"",""100""]""",Org1MSP Org2MSP ,VALID, 1647 2978, 1647 2978,,UT,147,14430,0
2022-04-07T17:25:06.089Z,cb762e2803dd1f4794362aaff05cca051a26127b18b244cd85aed36c0d44bd9a,Org1MSP,Func7,"[436"",""100"",""550"",""100""]""",Org1MSP Org2MSP ,VALID, 436 550, 436 550,,UT,147,14456,0
2022-04-07T17:25:06.090Z,23a396622fa198478c8c37a26dfd1993937d05f6d0f982ca775dbaad3c50f89d,Org1MSP,Func4,"[10156"",""1015600"",""17948"",""1794800""]""",Org1MSP Org2MSP ,VALID,, 10156 17948,,WT,147,14382,0
2022-04-07T17:25:06.092Z,723ebf200b230a0104645b4e80a9d4657776042bc3bfffdb81a1651895265316,Org1MSP,Func4,"[10000"",""1000000"",""10006"",""1000600""]""",Org1MSP Org2MSP ,VALID,, 10000 10006,,WT,147,14411,0
2022-04-07T17:25:06.094Z,5b9268db17e20a01edd8969089e657716dd5ed05ff0a0cf70fbafba1f3764ec0,Org1MSP,Func1,"[1004"",""3""]""",Org1MSP Org2MSP ,VALID, 1004 3,,,RT,147,14408,0
2022-04-07T17:25:06.094Z,f363aa07c926af02a46be5d9546270d57ba29ce06af096948917ad9c79054200,Org1MSP,Func4,"[10003"",""1000300"",""10643"",""1064300""]""",Org1MSP Org2MSP ,VALID,, 10003 10643,,WT,147,14470,0
2022-04-07T17:25:06.096Z,7d3551e5b9d689093d0562bf4be9159b3d5a24d2489d41b75e2928b644e12eb8,Org1MSP,Func4,"[19605"",""1960500"",""19882"",""1988200""]""",Org1MSP Org2MSP ,VALID,, 19605 19882,,WT,147,14415,0
2022-04-07T17:25:06.097Z,849131e01b372e0f92bb539a38c30a3df1a821e64477387bde825a0e31e3bd24,Org1MSP,Func1,"[1206"",""2378""]""",Org1MSP Org2MSP ,VALID, 1206 2378,,,RT,147,14419,0
2022-04-07T17:25:06.097Z,af7c1c188f76cc1e51b9ac447c2eaa9bdcda8ddc10dc0fa94678874075801f3e,Org1MSP,Func4,"[18299"",""1829900"",""10027"",""1002700""]""",Org1MSP Org2MSP ,VALID,, 10027 18299,,WT,147,14444,0
2022-04-07T17:25:06.189Z,853ac2007606caefa4b06bf22270bb3dc417ed4e9dbd1bc57447d2c427ea0803,Org1MSP,Func4,"[10000"",""1000000"",""13604"",""1360400""]""",Org1MSP Org2MSP ,VALID,, 10000 13604,,WT,148,14534,0
2022-04-07T17:25:06.189Z,8fcabd9446144d6c84da36dff5eb2acae23131d38fe3d468b68e15570c840448,Org1MSP,Func7,"[941"",""100"",""278"",""100""]""",Org1MSP Org2MSP ,VALID, 278 941, 278 941,,UT,148,14538,0
2022-04-07T17:25:06.189Z,dc72da33bf92e0550e3a1e99b7cc80da61813a00c2e47ece1e8630b111afd431,Org1MSP,Func4,"[10024"",""1002400"",""10667"",""1066700""]""",Org1MSP Org2MSP ,VALID,, 10024 10667,,WT,148,14561,0
2022-04-07T17:25:06.190Z,c5e413a40213772b9e97ecf973ebf685061c3a3cc1ce9d21acf57e70b52580ea,Org1MSP,Func4,"[10000"",""1000000"",""10011"",""1001100""]""",Org1MSP Org2MSP ,VALID,, 10000 10011,,WT,148,14555,0
2022-04-07T17:25:06.192Z,240af08b7d73d9e2c9bcd9606d385060eff179a7a39522235377adcbc627dbec,Org1MSP,Func4,"[10027"",""1002700"",""11262"",""1126200""]""",Org1MSP Org2MSP ,VALID,, 10027 11262,,WT,148,14493,0
2022-04-07T17:25:06.193Z,7fe305676759da56d307566ca8589751a505dc41da9ff0111fa9a1c4475ef801,Org1MSP,Func1,"[4"",""249""]""",Org1MSP Org2MSP ,VALID, 249 4,,,RT,148,14533,0
2022-04-07T17:25:06.194Z,7db4ee2a0b923e583bea0a1aef6df8574654bbbef1fda96eb1aa5aa25f1d08f6,Org1MSP,Func4,"[10190"",""1019000"",""16751"",""1675100""]""",Org1MSP Org2MSP ,VALID,, 10190 16751,,WT,148,14531,0
2022-04-07T17:25:06.196Z,028708c054c9a07b4fe69c3a6d86037db6944b18ab42f5539df8297d23da6fe3,Org1MSP,Func4,"[10003"",""1000300"",""10113"",""1011300""]""",Org1MSP Org2MSP ,VALID,, 10003 10113,,WT,148,14482,0
2022-04-07T17:25:06.197Z,704c7105d0a8f4a5e5e354d9d292672dd750bc8dd85fc3a431ad1c41e4046cbe,Org1MSP,Func7,"[221"",""100"",""8620"",""100""]""",Org1MSP Org2MSP ,VALID, 221 8620, 221 8620,,UT,148,14522,0
2022-04-07T17:25:06.197Z,7b5a17a7fe6235b3ad3faa7bbb4d36eef7b8cebb9b19cbe9f41995ebb6d256ae,Org1MSP,Func4,"[10005"",""1000500"",""13502"",""1350200""]""",Org1MSP Org2MSP ,VALID,, 10005 13502,,WT,148,14528,0
2022-04-07T17:25:06.289Z,7322ddde440389cf3c4866b7eb1dcbf7f63f738cc1726521e212fe9f8de8c842,Org1MSP,Func4,"[15906"",""1590600"",""10018"",""1001800""]""",Org1MSP Org2MSP ,VALID,, 10018 15906,,WT,148,14523,0
2022-04-07T17:25:06.289Z,7eb93ae3d69dee8d30b9f30bc4c04cd3d174f5ce827665acc27c6928186db05d,Org1MSP,Func4,"[10000"",""1000000"",""10170"",""1017000""]""",Org1MSP Org2MSP ,VALID,, 10000 10170,,WT,148,14532,0
2022-04-07T17:25:06.290Z,882bb857ee69f790a1584ca11ca3c5aec5152b3bf6b7d4a03613303cc881a3e3,Org1MSP,Func4,"[11256"",""1125600"",""10000"",""1000000""]""",Org1MSP Org2MSP ,VALID,, 10000 11256,,WT,148,14535,0
2022-04-07T17:25:06.290Z,fd810b4c88e87076e0101da369741a7ac9f8f8f70048e2147aef973fd5c54dd7,Org1MSP,Func4,"[10020"",""1002000"",""10000"",""1000000""]""",Org1MSP Org2MSP ,VALID,, 10000 10020,,WT,148,14570,0
2022-04-07T17:25:06.292Z,99bf4ffd3bf5027a06ed8d0b2edfda6b85c305c8466c922674eed18a9f0ee3c3,Org1MSP,Func1,"[2123"",""1""]""",Org1MSP Org2MSP ,VALID, 1 2123,,,RT,148,14543,0
2022-04-07T17:25:06.294Z,b3a0af658c54b63cd842f096a0c3ba93bbce78959d2736da77b963667d9979d2,Org1MSP,Func4,"[11319"",""1131900"",""15387"",""1538700""]""",Org1MSP Org2MSP ,VALID,, 11319 15387,,WT,148,14552,0
2022-04-07T17:25:06.294Z,e51bba81d886b4836b2891e40d92e10412835d272bdc8fbfbab276eeb25bf4ea,Org1MSP,Func7,"[480"",""100"",""6536"",""100""]""",Org1MSP Org2MSP ,VALID, 480 6536, 480 6536,,UT,148,14565,0
2022-04-07T17:25:06.295Z,917214869c2b2a8b294d177152b8e775ed438de7c6a8c2aba6b41cca1325cb4f,Org1MSP,Func4,"[10029"",""1002900"",""12757"",""1275700""]""",Org1MSP Org2MSP ,VALID,, 10029 12757,,WT,148,14539,0
2022-04-07T17:25:06.297Z,62f4fa4dba070a37956db89b94416641432429761b22cb7e2860370ccb395577,Org1MSP,Func4,"[10000"",""1000000"",""10018"",""1001800""]""",Org1MSP Org2MSP ,VALID,, 10000 10018,,WT,148,14518,0
2022-04-07T17:25:06.298Z,499e425053e898584c784ba82a83861139e5755a1f001d7f89eeead3d314d08b,Org1MSP,Func4,"[10957"",""1095700"",""14585"",""1458500""]""",Org1MSP Org2MSP ,VALID,, 10957 14585,,WT,148,14513,0
2022-04-07T17:25:06.389Z,1a8f664f45e53adf305be3bbe56b6f9ee333a1dada8150984a51c1e7217b60ee,Org1MSP,Func4,"[10004"",""1000400"",""10652"",""1065200""]""",Org1MSP Org2MSP ,VALID,, 10004 10652,,WT,148,14489,0
2022-04-07T17:25:06.389Z,480c23960fdb21a16c4ee521d739eb8419a0175b9c3a6dd8b1e77325afb1630d,Org1MSP,Func1,"[1607"",""5""]""",Org1MSP Org2MSP ,VALID, 1607 5,,,RT,148,14511,0
2022-04-07T17:25:06.390Z,e2e884f2ed8a5ded2c12f8b6331e9fdcc7272e08905d19c322b38207555c032a,Org1MSP,Func1,"[4651"",""3770""]""",Org1MSP Org2MSP ,VALID, 3770 4651,,,RT,148,14563,0
2022-04-07T17:25:06.391Z,8ebb38e0b31cd9770e1fefdc415f6fd5dc69ece8b0a668a79cd646b8538ec3b2,Org1MSP,Func4,"[12033"",""1203300"",""10044"",""1004400""]""",Org1MSP Org2MSP ,VALID,, 10044 12033,,WT,148,14537,0
2022-04-07T17:25:06.392Z,7d4b25909e9d78356e9e3082f95425258374fbde071aa3a2a1e2a9b5b24b35be,Org1MSP,Func4,"[10057"",""1005700"",""18506"",""1850600""]""",Org1MSP Org2MSP ,VALID,, 10057 18506,,WT,148,14529,0
2022-04-07T17:25:06.392Z,ab78247a27065e8c54b124875aad0a3235cf6f63b235fba36610700e685f12c6,Org1MSP,Func4,"[10014"",""1001400"",""10280"",""1028000""]""",Org1MSP Org2MSP ,VALID,, 10014 10280,,WT,148,14550,0
2022-04-07T17:25:06.395Z,1b39b4a765b6667e4d5fe19532cbccf554f04fef9c28d756ce80dabea6e0d128,Org1MSP,Func4,"[16487"",""1648700"",""10007"",""1000700""]""",Org1MSP Org2MSP ,VALID,, 10007 16487,,WT,148,14490,0
2022-04-07T17:25:06.396Z,ef0082fd7a39585de4097925cdca57564a6c60b3c9580d88649cfc68a9d963b5,Org1MSP,Func4,"[12416"",""1241600"",""13364"",""1336400""]""",Org1MSP Org2MSP ,VALID,, 12416 13364,,WT,148,14568,0
2022-04-07T17:25:06.397Z,318d8d293a52c86d11090eb0660f804d0d858e28ed57f9aec5751128fc0c3ac4,Org1MSP,Func4,"[14321"",""1432100"",""16582"",""1658200""]""",Org1MSP Org2MSP ,VALID,, 14321 16582,,WT,148,14502,0
2022-04-07T17:25:06.397Z,45c5bd4ff56a4dac6a5deeb97a568f63504a092b17946346996174bcc651dfa7,Org1MSP,Func4,"[10591"",""1059100"",""10395"",""1039500""]""",Org1MSP Org2MSP ,VALID,, 10395 10591,,WT,148,14510,0
2022-04-07T17:25:06.489Z,2ad0f905b6adde9e0bc58d7c9f1d453bebc5e406f81225d4ec8efab204c30d32,Org1MSP,Func1,"[66"",""1536""]""",Org1MSP Org2MSP ,VALID, 1536 66,,,RT,148,14498,0
2022-04-07T17:25:06.490Z,5ecc1b8880a77c679951cc69ef132cc7892f5b2c14eeccd1bd86d6d180e15a36,Org1MSP,Func7,"[107"",""100"",""1697"",""100""]""",Org1MSP Org2MSP ,VALID, 107 1697, 107 1697,,UT,148,14517,0
2022-04-07T17:25:06.491Z,2c41261cb0d4ad5ee131bbdec1f0fd66969c7de134e60d39829bb983e9fb3e19,Org1MSP,Func1,"[31"",""405""]""",Org1MSP Org2MSP ,VALID, 31 405,,,RT,148,14500,0
2022-04-07T17:25:06.493Z,3792c7143f8a6892c220b355c0f85df2e7c91ab0805f18533e1739ed34e19481,Org1MSP,Func1,"[8830"",""955""]""",Org1MSP Org2MSP ,VALID, 8830 955,,,RT,148,14504,0
2022-04-07T17:25:06.496Z,dd53c5c4050db6d4e24b1778ad5dc1f789882544ed01792953f70211a95bc835,Org1MSP,Func4,"[10099"",""1009900"",""10217"",""1021700""]""",Org1MSP Org2MSP ,VALID,, 10099 10217,,WT,148,14562,0
2022-04-07T17:25:06.497Z,31a927a8adb8dbfd0259604a56a9c9ae01590260ae2d0bc7383e3e05a4328511,Org1MSP,Func4,"[10377"",""1037700"",""10000"",""1000000""]""",Org1MSP Org2MSP ,VALID,, 10000 10377,,WT,148,14503,0
2022-04-07T17:25:06.497Z,ba3651bb62a6a6ec5b4a59b1c2831aa690f7ba92f38cd53608647857bf2df94b,Org1MSP,Func1,"[1653"",""26""]""",Org1MSP Org2MSP ,VALID, 1653 26,,,RT,148,14553,0
2022-04-07T17:25:06.498Z,28eb584c74ecc8afeac674a6b6a578db5a9d2bf10b73338b43a8dc45eb8670fd,Org1MSP,Func4,"[14438"",""1443800"",""11578"",""1157800""]""",Org1MSP Org2MSP ,VALID,, 11578 14438,,WT,148,14497,0
2022-04-07T17:25:06.498Z,a283eea555c397024d48098c1a4365c6b254eb7d2029e714a09e510eacce32eb,Org1MSP,Func4,"[10001"",""1000100"",""10020"",""1002000""]""",Org1MSP Org2MSP ,VALID,, 10001 10020,,WT,148,14547,0
2022-04-07T17:25:06.499Z,93a9144d003bb1b43a79b3461e27fb1d976c728fd6c702619e157219f0a9ad99,Org1MSP,Func4,"[10023"",""1002300"",""10890"",""1089000""]""",Org1MSP Org2MSP ,VALID,, 10023 10890,,WT,148,14540,0
2022-04-07T17:25:06.589Z,3967ab5849f21f169f1966c010c0a29cb9e81b02d2aaf593c66b39f42f369111,Org1MSP,Func7,"[106"",""100"",""233"",""100""]""",Org1MSP Org2MSP ,VALID, 106 233, 106 233,,UT,148,14506,0
2022-04-07T17:25:06.590Z,bd96b51f01a1738de6284d152efd75d56c6601a2e49144e169aa86547725db91,Org1MSP,Func7,"[23"",""100"",""4717"",""100""]""",Org1MSP Org2MSP ,VALID, 23 4717, 23 4717,,UT,148,14554,0
2022-04-07T17:25:06.590Z,61a42efaf2e12d6139f5610913836e514ec623470c39b695e203d2c6927bb759,Org1MSP,Func7,"[1"",""100"",""9"",""100""]""",Org1MSP Org2MSP ,VALID, 1 9, 1 9,,UT,148,14572,0
2022-04-07T17:25:06.594Z,f9ddfb8b578503532e24f909db74f25e2f564cea49fc3e128877f2915cf39566,Org1MSP,Func7,"[4"",""100"",""3"",""100""]""",Org1MSP Org2MSP ,VALID, 3 4, 3 4,,UT,148,14571,0
2022-04-07T17:25:06.597Z,9c497dc2236dce14417b22e5a40cbd3a1952c919a85e991d94aff09684479bf3,Org1MSP,Func4,"[10002"",""1000200"",""10000"",""1000000""]""",Org1MSP Org2MSP ,VALID,, 10000 10002,,WT,148,14545,0
2022-04-07T17:25:06.598Z,6a7824079889769f80e4f3f1c1a4146338220ec54d07d5252c1ad1ec3e50b9e7,Org1MSP,Func4,"[18220"",""1822000"",""10745"",""1074500""]""",Org1MSP Org2MSP ,VALID,, 10745 18220,,WT,148,14521,0
2022-04-07T17:25:06.600Z,48cb9fdf22bc4fc01606daadc1c636cd80881852b14a5313c3279bd843f5a31e,Org1MSP,Func1,"[1044"",""365""]""",Org1MSP Org2MSP ,VALID, 1044 365,,,RT,148,14512,0
2022-04-07T17:25:06.689Z,9bc73e128f5753bd90fbc259080b21551807070f4900ef0666952a65dca7f748,Org1MSP,Func7,"[478"",""100"",""27"",""100""]""",Org1MSP Org2MSP ,VALID, 27 478, 27 478,,UT,148,14544,0
2022-04-07T17:25:06.690Z,018a3bec6a0a25bcfee4668ac8dcbf781f43fe27d89acff4236b1aa9013596bb,Org1MSP,Func4,"[10037"",""1003700"",""14293"",""1429300""]""",Org1MSP Org2MSP ,VALID,, 10037 14293,,WT,148,14480,0
2022-04-07T17:25:06.690Z,080829ca3884a85acc83ac5b20099f1edbd424bad9e3997c9b4f1fad1e71f9af,Org1MSP,Func4,"[10001"",""1000100"",""10282"",""1028200""]""",Org1MSP Org2MSP ,VALID,, 10001 10282,,WT,148,14485,0
2022-04-07T17:25:06.691Z,4b7a5c579b1ad244d195e0c53a35752e2c39cb955eedb7d25c012bb1b525b8c1,Org1MSP,Func4,"[11666"",""1166600"",""10000"",""1000000""]""",Org1MSP Org2MSP ,VALID,, 10000 11666,,WT,148,14514,0
2022-04-07T17:25:06.692Z,39d87ffbb48f15903e32a2b7e243990b6bb6b4bf0e6be69bd5288bad6c78e9f1,Org1MSP,Func4,"[10065"",""1006500"",""10001"",""1000100""]""",Org1MSP Org2MSP ,VALID,, 10001 10065,,WT,148,14507,0
2022-04-07T17:25:06.693Z,2616800cac150893c13d4506d4a3ab4659968b8df2343b73f255291e922b9be4,Org1MSP,Func4,"[10062"",""1006200"",""10000"",""1000000""]""",Org1MSP Org2MSP ,VALID,, 10000 10062,,WT,148,14495,0
2022-04-07T17:25:06.694Z,089232dc5636859b9f2520b80037b0a1257c5544a859b266ca45809cad15405c,Org1MSP,Func1,"[403"",""326""]""",Org1MSP Org2MSP ,VALID, 326 403,,,RT,148,14486,0
2022-04-07T17:25:06.696Z,07ab514e7422b0b309b758d7faa596caf0d226a56e451ca20ea0261ad500680b,Org1MSP,Func4,"[11264"",""1126400"",""10001"",""1000100""]""",Org1MSP Org2MSP ,VALID,, 10001 11264,,WT,148,14484,0
2022-04-07T17:25:06.698Z,d91fc73a13af929992cd38fd28752dd9f1ce39bb6bb5718c8b78df7136d862b8,Org1MSP,Func4,"[12096"",""1209600"",""10000"",""1000000""]""",Org1MSP Org2MSP ,VALID,, 10000 12096,,WT,148,14558,0
2022-04-07T17:25:06.698Z,dc1969930e6240742779a960e5205de4ceae4668ee678dea2c977fd6f6ca5a24,Org1MSP,Func4,"[10600"",""1060000"",""10477"",""1047700""]""",Org1MSP Org2MSP ,VALID,, 10477 10600,,WT,148,14560,0
2022-04-07T17:25:06.789Z,3d351dbef3ba593aae93bf12e8a017d53a0b06dd5873376c95a18e33778b7be2,Org1MSP,Func4,"[12610"",""1261000"",""11143"",""1114300""]""",Org1MSP Org2MSP ,VALID,, 11143 12610,,WT,148,14508,0
2022-04-07T17:25:06.789Z,765a52609708f965e545a83fa1d71e6af57235ed9ffe1f0adec8098de68146e6,Org1MSP,Func7,"[580"",""100"",""41"",""100""]""",Org1MSP Org2MSP ,VALID, 41 580, 41 580,,UT,148,14524,0
2022-04-07T17:25:06.789Z,d1312f3b97a6e7e63cd84bb98519e7c2f0cf3b356d8f6b59c0cb6b9536e8c8dd,Org1MSP,Func4,"[10019"",""1001900"",""10007"",""1000700""]""",Org1MSP Org2MSP ,VALID,, 10007 10019,,WT,148,14557,0
2022-04-07T17:25:06.791Z,2ebb2734fd2d39ee9fef5ebd60690ba4557a50af3d69f9e9326d06f43c300ab9,Org1MSP,Func4,"[10146"",""1014600"",""10000"",""1000000""]""",Org1MSP Org2MSP ,VALID,, 10000 10146,,WT,148,14501,0
2022-04-07T17:25:06.792Z,38f79f17b3712b7726f5660c689aca62a6fe72dfed086f33aa849c8e9dcf49a5,Org1MSP,Func1,"[1901"",""2214""]""",Org1MSP Org2MSP ,VALID, 1901 2214,,,RT,148,14505,0
2022-04-07T17:25:06.794Z,b08e1d418f91384bc236949a705d522e3a386a14d93f6f9475f5532c4f70119f,Org1MSP,Func4,"[10716"",""1071600"",""10033"",""1003300""]""",Org1MSP Org2MSP ,VALID,, 10033 10716,,WT,148,14551,0
2022-04-07T17:25:06.796Z,121b55bad974f4555e56e4f12bfb60d4b87dadd72a17ab21eb501c5a93a3854f,Org1MSP,Func7,"[6084"",""100"",""274"",""100""]""",Org1MSP Org2MSP ,VALID, 274 6084, 274 6084,,UT,148,14488,0
2022-04-07T17:25:06.798Z,640b7b49e33ced5d26122e6b50d1ef53dce5bbd46b67a6608bbb594d95cfd36b,Org1MSP,Func1,"[1064"",""178""]""",Org1MSP Org2MSP ,VALID, 1064 178,,,RT,148,14519,0
2022-04-07T17:25:06.798Z,a678e14961162b300711282ff08649fa44b7522c158ed281291b4777ab6cdb83,Org1MSP,Func4,"[10025"",""1002500"",""13554"",""1355400""]""",Org1MSP Org2MSP ,VALID,, 10025 13554,,WT,148,14549,0
2022-04-07T17:25:06.889Z,54105c9f0838bc4d06f749ad90482673982318a4da03b0f5bb733c014e774e37,Org1MSP,Func4,"[11561"",""1156100"",""11039"",""1103900""]""",Org1MSP Org2MSP ,VALID,, 11039 11561,,WT,148,14515,0
2022-04-07T17:25:06.889Z,54da1a2cd3dd4e1fd22756f751b4872076f9f769075f32207aa8cd095bb379b0,Org1MSP,Func4,"[19215"",""1921500"",""11355"",""1135500""]""",Org1MSP Org2MSP ,VALID,, 11355 19215,,WT,148,14516,0
2022-04-07T17:25:06.889Z,76eaa214f296429d07fd8f714beae3dcff0f1eab5470a2d2242bdc04139b1d4f,Org1MSP,Func4,"[10024"",""1002400"",""10054"",""1005400""]""",Org1MSP Org2MSP ,VALID,, 10024 10054,,WT,148,14525,0
2022-04-07T17:25:06.890Z,2723553378308c72ae5837992f8d8f55fafefceccfd6d05545f94522e983ed63,Org1MSP,Func4,"[10242"",""1024200"",""10003"",""1000300""]""",Org1MSP Org2MSP ,VALID,, 10003 10242,,WT,148,14496,0
2022-04-07T17:25:06.896Z,3ee5e146cbb9ba59be885602908b7abb0633c8f15fd3c383708ad5a21fd97408,Org1MSP,Func4,"[10117"",""1011700"",""10076"",""1007600""]""",Org1MSP Org2MSP ,VALID,, 10076 10117,,WT,148,14509,0
2022-04-07T17:25:06.897Z,21689067fa74de0f033c2dc92b43f5d3d562c01349a264d3681734746a06c875,Org1MSP,Func7,"[4602"",""100"",""10"",""100""]""",Org1MSP Org2MSP ,VALID, 10 4602, 10 4602,,UT,148,14492,0
2022-04-07T17:25:06.898Z,eda690b67997f89db71366754620e2107f128b2018924397261a0bc2a18fbbb1,Org1MSP,Func4,"[10023"",""1002300"",""13976"",""1397600""]""",Org1MSP Org2MSP ,VALID,, 10023 13976,,WT,148,14566,0
2022-04-07T17:25:06.899Z,7d6031235ada955dfe99ccbd2f714f4a4dcd72021c4ed5b14152085407ac6516,Org1MSP,Func7,"[6"",""100"",""224"",""100""]""",Org1MSP Org2MSP ,VALID, 224 6, 224 6,,UT,148,14530,0
2022-04-07T17:25:06.989Z,a3f980aa3d999e451ba06a591f1df8e311feb5b57be3ddd82de168fcf65e7df3,Org1MSP,Func1,"[6434"",""1""]""",Org1MSP Org2MSP ,VALID, 1 6434,,,RT,148,14548,0
2022-04-07T17:25:06.990Z,d969b19a506f038790d968bd7ad6f982e11aff21e41b824b9c0f1931b11b8fa7,Org1MSP,Func7,"[6365"",""100"",""1207"",""100""]""",Org1MSP Org2MSP ,VALID, 1207 6365, 1207 6365,,UT,148,14559,0
2022-04-07T17:25:06.990Z,eef04c99403e41c26d424b09a70d24d595a469276ae781c2a04909cfb8248910,Org1MSP,Func4,"[10000"",""1000000"",""10003"",""1000300""]""",Org1MSP Org2MSP ,VALID,, 10000 10003,,WT,148,14567,0
2022-04-07T17:25:06.990Z,f8754be74371e8160ece2f8d935988ea9087e325d1242e2f572e3d42159aa2a5,Org1MSP,Func4,"[11406"",""1140600"",""17470"",""1747000""]""",Org1MSP Org2MSP ,VALID,, 11406 17470,,WT,148,14569,0
2022-04-07T17:25:06.992Z,0fe8cbdaeac66e6cfe69412a137e98a304fdfd0c2f15c5e62848cbf4d2b67c94,Org1MSP,Func7,"[86"",""100"",""6007"",""100""]""",Org1MSP Org2MSP ,VALID, 6007 86, 6007 86,,UT,148,14487,0
2022-04-07T17:25:06.993Z,95366da6ea38e48ec8d34e52e2d3774e3abd9ec51c2a51167175fd39763ed7df,Org1MSP,Func4,"[10780"",""1078000"",""13200"",""1320000""]""",Org1MSP Org2MSP ,VALID,, 10780 13200,,WT,148,14541,0
2022-04-07T17:25:06.996Z,01de7e426b0998502a9c8b93b3539245407687082677e813519ac04f4b7e11a7,Org1MSP,Func4,"[11078"",""1107800"",""11422"",""1142200""]""",Org1MSP Org2MSP ,VALID,, 11078 11422,,WT,148,14481,0
2022-04-07T17:25:06.998Z,1d197f20911ceaab478d3d29c61335c30249deb5df8d083a5795fd5dd22c762f,Org1MSP,Func4,"[10814"",""1081400"",""10818"",""1081800""]""",Org1MSP Org2MSP ,VALID,, 10814 10818,,WT,148,14491,0
2022-04-07T17:25:06.998Z,96004efb07cb744233f96785f57ff657a72b256745a08f2863a76016f9f7ebee,Org1MSP,Func4,"[10000"",""1000000"",""10005"",""1000500""]""",Org1MSP Org2MSP ,VALID,, 10000 10005,,WT,148,14542,0
2022-04-07T17:25:07.000Z,03dc92eceb94b83c815189ade097bae3510ba42fee4d9be75f4e8dfc03fe518a,Org1MSP,Func4,"[10002"",""1000200"",""11067"",""1106700""]""",Org1MSP Org2MSP ,VALID,, 10002 11067,,WT,148,14483,0
2022-04-07T17:25:07.088Z,2b6116d7e37de24f9e01548ca5bb0b3fbcb7e89b274a7ff1ae4df254b52fd285,Org1MSP,Func4,"[10179"",""1017900"",""10002"",""1000200""]""",Org1MSP Org2MSP ,VALID,, 10002 10179,,WT,148,14499,0
2022-04-07T17:25:07.088Z,e47eef1cac9069edd05d5a3dffda2e7ce3b85b92e6360db007e68926afd9635f,Org1MSP,Func4,"[10001"",""1000100"",""10072"",""1007200""]""",Org1MSP Org2MSP ,VALID,, 10001 10072,,WT,148,14564,0
2022-04-07T17:25:07.089Z,7892f142e5f5ede17ed0ad777a5a745f4dd9136ff473cfbf66774cd8b4b21496,Org1MSP,Func1,"[11"",""1""]""",Org1MSP Org2MSP ,VALID, 1 11,,,RT,148,14526,0
2022-04-07T17:25:07.094Z,65ff18a2bc7c7c34b5e85bf0e486a858bfa5978d7ccb2f159d4f72a8fabccd5f,Org1MSP,Func7,"[17"",""100"",""3395"",""100""]""",Org1MSP Org2MSP ,VALID, 17 3395, 17 3395,,UT,148,14520,0
2022-04-07T17:25:07.094Z,cc697dd6ae02f4070b7c49f84b949c7b5cdf077826731b2e35dc98424f47ce3f,Org1MSP,Func4,"[10435"",""1043500"",""10527"",""1052700""]""",Org1MSP Org2MSP ,VALID,, 10435 10527,,WT,148,14556,0
2022-04-07T17:25:07.095Z,257e6f561ee8ba0a98c0c957a5d4b6b9717c5029e31f43d6b52ffcf0129bcd4b,Org1MSP,Func4,"[10001"",""1000100"",""10044"",""1004400""]""",Org1MSP Org2MSP ,VALID,, 10001 10044,,WT,148,14494,0
2022-04-07T17:25:07.097Z,790902c6b07f6cf73161927d1d634ce7d089b3196e92878420831e15891d6bce,Org1MSP,Func4,"[10012"",""1001200"",""10004"",""1000400""]""",Org1MSP Org2MSP ,VALID,, 10004 10012,,WT,148,14527,0
2022-04-07T17:25:07.097Z,8b8297b604c4aece290330fdb08ad3152c7b35a6dee2522e7dde243a46d4298c,Org1MSP,Func4,"[10001"",""1000100"",""10015"",""1001500""]""",Org1MSP Org2MSP ,VALID,, 10001 10015,,WT,148,14536,0
2022-04-07T17:25:07.098Z,9c9a5862adcfc8ef774da92c608ec47fedd953578eb629fc78ef1035dcec2470,Org1MSP,Func4,"[10508"",""1050800"",""10014"",""1001400""]""",Org1MSP Org2MSP ,VALID,, 10014 10508,,WT,148,14546,0
2022-04-07T17:25:07.188Z,c69e97a6eb19bc4205a7b4b160913e54ea8ec577165dcd4c2bb4adbdd3532b11,Org1MSP,Func4,"[10023"",""1002300"",""10145"",""1014500""]""",Org1MSP Org2MSP ,VALID,, 10023 10145,,WT,149,14634,0
2022-04-07T17:25:07.189Z,3f7b6376505e21fe674b503a2839fc346af425532f8cd1ec986c4f958488d0cf,Org1MSP,Func1,"[1"",""13""]""",Org1MSP Org2MSP ,VALID, 1 13,,,RT,149,14596,0
2022-04-07T17:25:07.189Z,f88be85dc4af503278b22b9c0b73d650d7a9b7ea648078bb212d262813d8f293,Org1MSP,Func4,"[10004"",""1000400"",""10047"",""1004700""]""",Org1MSP Org2MSP ,VALID,, 10004 10047,,WT,149,14647,0
2022-04-07T17:25:07.191Z,3dced4de5fc0363f550330868ee8ac35b21b942ce4b33b3b935b063213b36bb2,Org1MSP,Func4,"[10051"",""1005100"",""10069"",""1006900""]""",Org1MSP Org2MSP ,VALID,, 10051 10069,,WT,149,14595,0
2022-04-07T17:25:07.192Z,e0e5a7f6eea045d571d4dccdcb4fdc6ed086c7862bc935b3dfffb15a7f7a7ff7,Org1MSP,Func7,"[999"",""100"",""5744"",""100""]""",Org1MSP Org2MSP ,VALID, 5744 999, 5744 999,,UT,149,14642,0
2022-04-07T17:25:07.193Z,ba66cda9965a707d64860b9c286746309c9c760766b420f195c76d6cf9bd51f1,Org1MSP,Func4,"[10000"",""1000000"",""10022"",""1002200""]""",Org1MSP Org2MSP ,VALID,, 10000 10022,,WT,149,14630,0
2022-04-07T17:25:07.194Z,8251740c472595d0e28ce77080c001ec1d3f936e450544a31d283c145d6014b3,Org1MSP,Func4,"[10173"",""1017300"",""10001"",""1000100""]""",Org1MSP Org2MSP ,VALID,, 10001 10173,,WT,149,14615,0
2022-04-07T17:25:07.198Z,3c8d85e527328251555b3ff649ecdf5dcb665e29cb4ddd6c5ccf7dbf7b6e5636,Org1MSP,Func1,"[97"",""2""]""",Org1MSP Org2MSP ,VALID, 2 97,,,RT,149,14594,0
2022-04-07T17:25:07.200Z,2bb3d645b75400ea37e6ecd0d5917bc93a989bff1ab2b25aff632f47dd28ac49,Org1MSP,Func4,"[10051"",""1005100"",""11664"",""1166400""]""",Org1MSP Org2MSP ,VALID,, 10051 11664,,WT,149,14586,0
2022-04-07T17:25:07.289Z,0f3e201d4fbcb0509ec6e39142d7aba8672e8de696aaea8b9ec0d85a159d8ff7,Org1MSP,Func4,"[10265"",""1026500"",""10003"",""1000300""]""",Org1MSP Org2MSP ,VALID,, 10003 10265,,WT,149,14575,0
2022-04-07T17:25:07.289Z,88edeb11a6ca80bd2f9a709be525d1c2d4f0ed6bb22ce845495e6395a8a348cc,Org1MSP,Func1,"[2"",""8""]""",Org1MSP Org2MSP ,VALID, 2 8,,,RT,149,14616,0
2022-04-07T17:25:07.289Z,bde8f2cccbf346c0b9fa2999df617458a03c2fbbccab637e0f8e9d64c470eed6,Org1MSP,Func4,"[10075"",""1007500"",""10567"",""1056700""]""",Org1MSP Org2MSP ,VALID,, 10075 10567,,WT,149,14632,0
2022-04-07T17:25:07.290Z,1530b1628dc77f92a64033e5fbd3d0168b46a57d44e7321afdb95fb29824e932,Org1MSP,Func4,"[10000"",""1000000"",""10061"",""1006100""]""",Org1MSP Org2MSP ,VALID,, 10000 10061,,WT,149,14579,0
2022-04-07T17:25:07.292Z,32ac29608feb31e7cc1d4dd0cd05f33f784b63a89d8b5ea3e1300b0f1ee084b1,Org1MSP,Func4,"[10002"",""1000200"",""12957"",""1295700""]""",Org1MSP Org2MSP ,VALID,, 10002 12957,,WT,149,14590,0
2022-04-07T17:25:07.293Z,2d6e271a48c0c0586114b4b97b3277acf37a886228049321e17465a47601c98f,Org1MSP,Func4,"[10011"",""1001100"",""10168"",""1016800""]""",Org1MSP Org2MSP ,VALID,, 10011 10168,,WT,149,14587,0
2022-04-07T17:25:07.296Z,626cc9b0eb71788f343c8673f2d8818007d1dfab6f03fe0333b56938b0da713d,Org1MSP,Func4,"[10045"",""1004500"",""10014"",""1001400""]""",Org1MSP Org2MSP ,VALID,, 10014 10045,,WT,149,14605,0
2022-04-07T17:25:07.296Z,b03e338a880b430639d652af33b1281d1e77fbd9a41e2f4f2b5f13394ccbd0fe,Org1MSP,Func4,"[10005"",""1000500"",""10002"",""1000200""]""",Org1MSP Org2MSP ,VALID,, 10002 10005,,WT,149,14625,0
2022-04-07T17:25:07.298Z,4260156fedf0eb54dc6fe4f614355f59c8b7d6b51a4dc14ba5ca7b26532b48f1,Org1MSP,Func4,"[10001"",""1000100"",""10060"",""1006000""]""",Org1MSP Org2MSP ,VALID,, 10001 10060,,WT,149,14599,0
2022-04-07T17:25:07.299Z,7f1a58e2439ca3d80e3d0fa666b58f31f5a298fbb2d88d765b013ea05fba4b26,Org1MSP,Func4,"[10368"",""1036800"",""10001"",""1000100""]""",Org1MSP Org2MSP ,VALID,, 10001 10368,,WT,149,14614,0
2022-04-07T17:25:07.389Z,0a54975490725dbe8d5bd5fc8cda3b8dd5c71569574571baad0f59b4fef5f04b,Org1MSP,Func4,"[14710"",""1471000"",""10011"",""1001100""]""",Org1MSP Org2MSP ,VALID,, 10011 14710,,WT,149,14574,0
2022-04-07T17:25:07.389Z,103fef91007d04391a1ca248cffc9afe9aec233ac1cc822253e2faf2438612ee,Org1MSP,Func7,"[19"",""100"",""131"",""100""]""",Org1MSP Org2MSP ,VALID, 131 19, 131 19,,UT,149,14577,0
2022-04-07T17:25:07.390Z,2152889f9f938b77495d85991925e4f7543d1955087e01f98edb14ee64ae5ae1,Org1MSP,Func1,"[30"",""222""]""",Org1MSP Org2MSP ,VALID, 222 30,,,RT,149,14584,0
2022-04-07T17:25:07.392Z,ea31ca4c37e8d671667af9012cbc1de963112dcef31413748992619ebaf3c886,Org1MSP,Func4,"[14273"",""1427300"",""10015"",""1001500""]""",Org1MSP Org2MSP ,VALID,, 10015 14273,,WT,149,14645,0
2022-04-07T17:25:07.393Z,3878cc58b40195d64b2584bc504b7d6e78fd6cb821347823a4ded54fcde167a5,Org1MSP,Func4,"[10003"",""1000300"",""11774"",""1177400""]""",Org1MSP Org2MSP ,VALID,, 10003 11774,,WT,149,14592,0
2022-04-07T17:25:07.395Z,fb86c1203c91e0e79a673123e2d46126ab7dd4cf121d961e3270b32b01c3c6a8,Org1MSP,Func7,"[1790"",""100"",""3204"",""100""]""",Org1MSP Org2MSP ,VALID, 1790 3204, 1790 3204,,UT,149,14649,0
2022-04-07T17:25:07.397Z,b3df371ff77950c008f9ede8a5f0e54dee6186b537a2d37fb93335aedd8e671a,Org1MSP,Func4,"[10002"",""1000200"",""10009"",""1000900""]""",Org1MSP Org2MSP ,VALID,, 10002 10009,,WT,149,14628,0
2022-04-07T17:25:07.400Z,d01d1dca275e598b0e30e204be83f73f9ce8c18cc6fe1a40bb637b68ab4c728b,Org1MSP,Func4,"[12984"",""1298400"",""10003"",""1000300""]""",Org1MSP Org2MSP ,VALID,, 10003 12984,,WT,149,14637,0
2022-04-07T17:25:07.488Z,54cfd6ca162fa04c6f41035e0bc6d8484897afb7c1c8ebdb2ac072d00472fec2,Org1MSP,Func4,"[10159"",""1015900"",""15521"",""1552100""]""",Org1MSP Org2MSP ,VALID,, 10159 15521,,WT,149,14603,0
2022-04-07T17:25:07.488Z,ec796938c10447667f996df41de80408c7b6712cf0743de9ed3c60c5e0ec2c41,Org1MSP,Func4,"[10001"",""1000100"",""10067"",""1006700""]""",Org1MSP Org2MSP ,VALID,, 10001 10067,,WT,149,14646,0
2022-04-07T17:25:07.489Z,fbfc57ea761239b986eb9796d19c5f59c2700f5fbbe3d05947d66353f5a45a4b,Org1MSP,Func7,"[8040"",""100"",""9486"",""100""]""",Org1MSP Org2MSP ,VALID, 8040 9486, 8040 9486,,UT,149,14650,0
2022-04-07T17:25:07.491Z,b615bc510e767228c83fc9d3b2d649a250c846645ceaa442b778efd13221711c,Org1MSP,Func1,"[1708"",""1""]""",Org1MSP Org2MSP ,VALID, 1 1708,,,RT,149,14629,0
2022-04-07T17:25:07.492Z,70bce56cd0d58dc3107d04d97de6ad0718725ba9444aacbd876a589210f3606e,Org1MSP,Func4,"[10039"",""1003900"",""11911"",""1191100""]""",Org1MSP Org2MSP ,VALID,, 10039 11911,,WT,149,14612,0
2022-04-07T17:25:07.493Z,42a6335d2901e3ca34e5c074831043820e6aa1ab21249ea0828a711e19183fb6,Org1MSP,Func1,"[56"",""881""]""",Org1MSP Org2MSP ,VALID, 56 881,,,RT,149,14600,0
2022-04-07T17:25:07.495Z,df00c52821ff15137279e3f586425c83c63758186224e0ed23448d433071b614,Org1MSP,Func7,"[2"",""100"",""15"",""100""]""",Org1MSP Org2MSP ,VALID, 15 2, 15 2,,UT,149,14655,0
2022-04-07T17:25:07.496Z,d057035d9acc4b384637af9057f49f263c41d27984dff63cadc5ff898777ac1f,Org1MSP,Func1,"[15"",""5""]""",Org1MSP Org2MSP ,VALID, 15 5,,,RT,149,14638,0
2022-04-07T17:25:07.497Z,4327a368d2cb57dac9f184367eae3ba0c52187ce0511d3ccfc213d7080496a5d,Org1MSP,Func7,"[2391"",""100"",""1617"",""100""]""",Org1MSP Org2MSP ,VALID, 1617 2391, 1617 2391,,UT,149,14601,0
2022-04-07T17:25:07.590Z,057e84e01d9067b51828271b3ce93e81a8a785db212033cf6bd8830d22ddf10f,Org1MSP,Func7,"[58"",""100"",""14"",""100""]""",Org1MSP Org2MSP ,VALID, 14 58, 14 58,,UT,149,14573,0
2022-04-07T17:25:07.590Z,7d1114c141aeb05836c3c2c4402b43b3bc37693c67a988469dc7c878e109f42f,Org1MSP,Func1,"[1"",""6""]""",Org1MSP Org2MSP ,VALID, 1 6,,,RT,149,14613,0
2022-04-07T17:25:07.590Z,d1b04967611b8ee49249185be6acaa518acf502952c2a09aa2c9aa4093797a7a,Org1MSP,Func4,"[10056"",""1005600"",""10000"",""1000000""]""",Org1MSP Org2MSP ,VALID,, 10000 10056,,WT,149,14640,0
2022-04-07T17:25:07.592Z,cc07fd403bd3588bd9bcd595f47d34991ed7ddabb568ccbbed71947b4ac5bdf4,Org1MSP,Func1,"[3"",""4""]""",Org1MSP Org2MSP ,ENDORSEMENT_POLICY_FAILURE, 3 4,,,RT,149,14636,0
2022-04-07T17:25:07.594Z,af1b025a8729a96a6c682e011a0650a60b3b35699ee6318d11048ec1e911cd62,Org1MSP,Func4,"[10141"",""1014100"",""10005"",""1000500""]""",Org1MSP Org2MSP ,VALID,, 10005 10141,,WT,149,14624,0
2022-04-07T17:25:07.595Z,b2f99cd0c37f2be7acf99f2671c49355f9ab3e50c7ef8816fbfa8874e30591ae,Org1MSP,Func4,"[11488"",""1148800"",""10010"",""1001000""]""",Org1MSP Org2MSP ,VALID,, 10010 11488,,WT,149,14626,0
2022-04-07T17:25:07.597Z,66389f6d6507f3e4cec6a2818b6cd2f9a15f76583ec89528f609921c071c4953,Org1MSP,Func4,"[10022"",""1002200"",""10036"",""1003600""]""",Org1MSP Org2MSP ,VALID,, 10022 10036,,WT,149,14609,0
2022-04-07T17:25:07.597Z,f8aa65e8015541f899ee837f0e4ccde7a3583b9c847cdf2623c1b2ef9f81085b,Org1MSP,Func4,"[10021"",""1002100"",""10001"",""1000100""]""",Org1MSP Org2MSP ,VALID,, 10001 10021,,WT,149,14648,0
2022-04-07T17:25:07.598Z,a0f5827b7d16d501ded1816450399ec095bdcc30171595d805e45392936c8ac9,Org1MSP,Func4,"[10000"",""1000000"",""10000"",""1000000""]""",Org1MSP Org2MSP ,VALID,, 10000,,WT,149,14621,0
2022-04-07T17:25:07.690Z,1a6f0d3729dadf029c27296aaea674e9db1d241f349ff9529a7ada62c93302d8,Org1MSP,Func1,"[6"",""2""]""",Org1MSP Org2MSP ,VALID, 2 6,,,RT,149,14651,0
2022-04-07T17:25:07.691Z,630ec19ac14ffcae862cbe01f4c020f6153b490808c67837332bda0698805da9,Org1MSP,Func4,"[10925"",""1092500"",""11111"",""1111100""]""",Org1MSP Org2MSP ,VALID,, 10925 11111,,WT,149,14606,0
2022-04-07T17:25:07.691Z,9cf061911e0066e0de7efe5fabda46a2f320d144ccf34e1e9d4ece4ed6710279,Org1MSP,Func4,"[14984"",""1498400"",""19151"",""1915100""]""",Org1MSP Org2MSP ,VALID,, 14984 19151,,WT,149,14620,0
2022-04-07T17:25:07.691Z,a97b0020ad68edf23a795a1fcc3c23c26201ddff317d2a528e3a51c596d6229d,Org1MSP,Func4,"[19029"",""1902900"",""11882"",""1188200""]""",Org1MSP Org2MSP ,VALID,, 11882 19029,,WT,149,14622,0
2022-04-07T17:25:07.693Z,5d5ccf243277bfaab2f00cb88eec5ae41e2f16b7095f9697a3796888ff8ad122,Org1MSP,Func4,"[17016"",""1701600"",""10000"",""1000000""]""",Org1MSP Org2MSP ,VALID,, 10000 17016,,WT,149,14604,0
2022-04-07T17:25:07.694Z,4d7a95e9b70a429e25833dd95d5bec888efae81400b703d085c5113f08c55beb,Org1MSP,Func4,"[10500"",""1050000"",""18481"",""1848100""]""",Org1MSP Org2MSP ,VALID,, 10500 18481,,WT,149,14602,0
2022-04-07T17:25:07.695Z,a9da49b3f45f709b0755fa2f1e5d14a9a9aee95c4c12532da4e35260ab684009,Org1MSP,Func4,"[10000"",""1000000"",""10002"",""1000200""]""",Org1MSP Org2MSP ,VALID,, 10000 10002,,WT,149,14623,0
2022-04-07T17:25:07.697Z,8b24dc3b3673a828d646c0b7c67366f62da3def29e72380a59f49ecc423bc3f3,Org1MSP,Func7,"[3"",""100"",""1639"",""100""]""",Org1MSP Org2MSP ,VALID, 1639 3, 1639 3,,UT,149,14653,0
2022-04-07T17:25:07.699Z,63f414aae7f77c25dfe8cb115e17ad81b8ee5883a7021221fa758380d9c7f477,Org1MSP,Func4,"[10006"",""1000600"",""10000"",""1000000""]""",Org1MSP Org2MSP ,VALID,, 10000 10006,,WT,149,14607,0
2022-04-07T17:25:07.700Z,c0ee65050204754028cd706a6e335287e6bcbd4a4bf62670e33e9482474ba4bb,Org1MSP,Func4,"[10006"",""1000600"",""10107"",""1010700""]""",Org1MSP Org2MSP ,VALID,, 10006 10107,,WT,149,14633,0
2022-04-07T17:25:07.789Z,979e36b1a665516cd344adffb62063d6f95983619630afffbd362eef1d213e93,Org1MSP,Func4,"[10001"",""1000100"",""10093"",""1009300""]""",Org1MSP Org2MSP ,VALID,, 10001 10093,,WT,149,14618,0
2022-04-07T17:25:07.790Z,196f4440ddc0f1aeb9eec11622973aca1af92fea5a890fc709d174e8d8b3bd02,Org1MSP,Func4,"[17697"",""1769700"",""10028"",""1002800""]""",Org1MSP Org2MSP ,VALID,, 10028 17697,,WT,149,14581,0
2022-04-07T17:25:07.790Z,3fce8657e646b23905f713e4357492bee7081003b40cb7c5cc523acc5b58afb3,Org1MSP,Func4,"[16855"",""1685500"",""10003"",""1000300""]""",Org1MSP Org2MSP ,VALID,, 10003 16855,,WT,149,14597,0
2022-04-07T17:25:07.790Z,dd6e1a50f7b058cc615c25e9b9f21e1cb097c3f584f2d076f4e7d8cc51990f66,Org1MSP,Func4,"[10089"",""1008900"",""10076"",""1007600""]""",Org1MSP Org2MSP ,VALID,, 10076 10089,,WT,149,14641,0
2022-04-07T17:25:07.792Z,bd0268e505ef6623a6ab0e1327d35e0a473adb4af7cb9fdd2769a13375513c53,Org1MSP,Func4,"[10001"",""1000100"",""10039"",""1003900""]""",Org1MSP Org2MSP ,VALID,, 10001 10039,,WT,149,14631,0
2022-04-07T17:25:07.793Z,31476323c86d81049ee60b2857172e6c2c9cec253b673aef142b236d9d732e91,Org1MSP,Func4,"[10015"",""1001500"",""10002"",""1000200""]""",Org1MSP Org2MSP ,VALID,, 10002 10015,,WT,149,14589,0
2022-04-07T17:25:07.795Z,e6eafba0776adb60d0d8ddbe377e14ab89c07f74ef44f14e0d7aa75dcfd40b71,Org1MSP,Func7,"[77"",""100"",""2632"",""100""]""",Org1MSP Org2MSP ,VALID, 2632 77, 2632 77,,UT,149,14644,0
2022-04-07T17:25:07.796Z,d09c5e9bcfd2b1b7bab5812acab821ecdbfabe37d15ee83351f681d7bf516789,Org1MSP,Func4,"[10713"",""1071300"",""10000"",""1000000""]""",Org1MSP Org2MSP ,VALID,, 10000 10713,,WT,149,14639,0
2022-04-07T17:25:07.797Z,1a4df8226bc6d0574b637f6bc617388615c034b0ee8c425c7dd818fb834ce0f1,Org1MSP,Func1,"[101"",""112""]""",Org1MSP Org2MSP ,VALID, 101 112,,,RT,149,14582,0
2022-04-07T17:25:07.797Z,f375a4be5bbdc6222f0ad562935437ba44c034542d17d8f69b26f7a846bda632,Org1MSP,Func1,"[4"",""245""]""",Org1MSP Org2MSP ,VALID, 245 4,,,RT,149,14654,0
2022-04-07T17:25:07.889Z,412dc2317efbac3d2acb58f7f762bbcadb69bc9e9d7eff18ab43bb4bf66ac00b,Org1MSP,Func4,"[18868"",""1886800"",""10991"",""1099100""]""",Org1MSP Org2MSP ,VALID,, 10991 18868,,WT,149,14598,0
2022-04-07T17:25:07.891Z,b3454fefad6e17fffebdd2730739170299360ae44df72e54e677308b9943742d,Org1MSP,Func4,"[12673"",""1267300"",""10022"",""1002200""]""",Org1MSP Org2MSP ,VALID,, 10022 12673,,WT,149,14627,0
2022-04-07T17:25:07.893Z,6e9b7254d9d246a8068890deae011ccdec0d2352475b522e279aa40d21b99bb4,Org1MSP,Func4,"[10022"",""1002200"",""10000"",""1000000""]""",Org1MSP Org2MSP ,VALID,, 10000 10022,,WT,149,14611,0
2022-04-07T17:25:07.893Z,e9d4ce8f5019acc770d77b173f768668e375688c98e785f9959f0c829b71a99a,Org1MSP,Func7,"[109"",""100"",""1"",""100""]""",Org1MSP Org2MSP ,VALID, 1 109, 1 109,,UT,149,14656,0
2022-04-07T17:25:07.897Z,667be74430a9164d53e7437723858b3a95163a4e464146ac4c7357f6bbd0fbc5,Org1MSP,Func4,"[10003"",""1000300"",""10032"",""1003200""]""",Org1MSP Org2MSP ,VALID,, 10003 10032,,WT,149,14610,0
2022-04-07T17:25:07.898Z,9871766c755d71b53a0afe2815e012302e2a11bd4fbb17aa634c41c6496e49af,Org1MSP,Func4,"[12442"",""1244200"",""10055"",""1005500""]""",Org1MSP Org2MSP ,VALID,, 10055 12442,,WT,149,14619,0
2022-04-07T17:25:07.900Z,6465fe5d2178212fdc968cf8c118d0271d6907d11293916b5e5bc4669bc5a7d9,Org1MSP,Func1,"[67"",""42""]""",Org1MSP Org2MSP ,VALID, 42 67,,,RT,149,14608,0
2022-04-07T17:25:07.901Z,34e9d2c84f3d4883a5e2b8ffe1f2030ea74ba8330e782d55956d8945cc0530d9,Org1MSP,Func1,"[23"",""34""]""",Org1MSP Org2MSP ,VALID, 23 34,,,RT,149,14591,0
2022-04-07T17:25:07.912Z,12c1a1a139e358be14dbff4ba08bd6eb3d101cc94ab6a0a85b73e8155903e35b,Org1MSP,Func4,"[10525"",""1052500"",""10026"",""1002600""]""",Org1MSP Org2MSP ,VALID,, 10026 10525,,WT,149,14578,0
2022-04-07T17:25:07.988Z,17fc587cd981f7bb176ecd5f25de07bec0a934944867857e7c7f84d804824a2c,Org1MSP,Func4,"[10386"",""1038600"",""10000"",""1000000""]""",Org1MSP Org2MSP ,VALID,, 10000 10386,,WT,149,14580,0
2022-04-07T17:25:07.989Z,1c791151e385886c6173571f3b2d837304754303161141dc7ec3b280405248e8,Org1MSP,Func1,"[240"",""1187""]""",Org1MSP Org2MSP ,VALID, 1187 240,,,RT,149,14583,0
2022-04-07T17:25:07.989Z,c526a269457fae055682805facdd30bfd98a4e6cbff6a5c3f5b688632653c866,Org1MSP,Func1,"[947"",""1""]""",Org1MSP Org2MSP ,VALID, 1 947,,,RT,149,14652,0
2022-04-07T17:25:07.991Z,e376f6826f0e41e408c81b722b0ecb56fb8c6f5ba5e6266f3c0d5b716002a2e0,Org1MSP,Func4,"[10003"",""1000300"",""10008"",""1000800""]""",Org1MSP Org2MSP ,VALID,, 10003 10008,,WT,149,14643,0
2022-04-07T17:25:07.992Z,38cceb6bd26b85396756f835c4a253d25a3dab060a21472d0527d273b520a40b,Org1MSP,Func4,"[10052"",""1005200"",""13518"",""1351800""]""",Org1MSP Org2MSP ,VALID,, 10052 13518,,WT,149,14593,0
2022-04-07T17:25:07.994Z,0fc35ae904dcc381a7863e43b28210f6fa8b0100051c3f02bc3b1abb0e7867e7,Org1MSP,Func4,"[10019"",""1001900"",""10054"",""1005400""]""",Org1MSP Org2MSP ,VALID,, 10019 10054,,WT,149,14576,0
2022-04-07T17:25:07.995Z,27c3d2e651d1f8ad325b3404ef05d4ab21990bedf6e370d49333fb206956256a,Org1MSP,Func4,"[10006"",""1000600"",""14624"",""1462400""]""",Org1MSP Org2MSP ,VALID,, 10006 14624,,WT,149,14585,0
2022-04-07T17:25:07.996Z,2ff44748e224db51588847353efd025c2dd030d36086f3aba5cad8f69954aec4,Org1MSP,Func1,"[12"",""748""]""",Org1MSP Org2MSP ,VALID, 12 748,,,RT,149,14588,0
2022-04-07T17:25:07.997Z,94a30bab45318b49cdd3412d7d3e8d403c9c5d2e18420ed0081b6c051ed42bc8,Org1MSP,Func4,"[10005"",""1000500"",""10001"",""1000100""]""",Org1MSP Org2MSP ,VALID,, 10001 10005,,WT,149,14617,0
2022-04-07T17:25:07.998Z,cbb8ba42f2161253370bd1202cb9903259742671d49d6038f8348b27c6b0dd31,Org1MSP,Func4,"[13717"",""1371700"",""12404"",""1240400""]""",Org1MSP Org2MSP ,VALID,, 12404 13717,,WT,149,14635,0
2022-04-07T17:25:49.260Z,eaac12186b295f7740d4681d70be12da685611ff3b96e78bd40a52d26796cd9e,Org1MSP,Func1,"[72"",""8""]""",Org1MSP Org2MSP ,VALID, 72 8,,,RT,150,14742,0
2022-04-07T17:25:49.261Z,144ad24ed7721b6fa32997a014a24278063135fb363d54b94f3d20c8d346603f,Org1MSP,Func4,"[10648"",""1064800"",""10002"",""1000200""]""",Org1MSP Org2MSP ,VALID,, 10002 10648,,WT,150,14664,0
2022-04-07T17:25:49.262Z,475acae5543ee5e8b77ca07322d6232c1ceb35886b7dc72be21cb365c0ab01d7,Org1MSP,Func4,"[10005"",""1000500"",""10448"",""1044800""]""",Org1MSP Org2MSP ,VALID,, 10005 10448,,WT,150,14681,0
2022-04-07T17:25:49.263Z,d4b6f0029d8e453b89e78c9b5a2a20a60903379d877174f395c46f4c41726c06,Org1MSP,Func4,"[15104"",""1510400"",""10099"",""1009900""]""",Org1MSP Org2MSP ,VALID,, 10099 15104,,WT,150,14728,0
2022-04-07T17:25:49.263Z,14eb7922069226ab71763e7e7e8b63372a9c496387d185458e5aef8ca642c6d3,Org1MSP,Func7,"[1146"",""100"",""1"",""100""]""",Org1MSP Org2MSP ,VALID, 1 1146, 1 1146,,UT,150,14754,0
2022-04-07T17:25:49.264Z,543388a5998e0f641ef3e94c0c9ea7db8c427db13991a61e6c9a16b0bf51914a,Org1MSP,Func1,"[2"",""319""]""",Org1MSP Org2MSP ,VALID, 2 319,,,RT,150,14687,0
2022-04-07T17:25:49.264Z,74410d94a47827762f53aecdbbeb9721da2616ab9552392c80acae7555a4438a,Org1MSP,Func4,"[10033"",""1003300"",""10461"",""1046100""]""",Org1MSP Org2MSP ,VALID,, 10033 10461,,WT,150,14696,0
2022-04-07T17:25:49.265Z,d4a3b63dd017c5ff37c1bde81e85398253ed36fec480e3aff8560143a52bce75,Org1MSP,Func1,"[71"",""94""]""",Org1MSP Org2MSP ,VALID, 71 94,,,RT,150,14727,0
2022-04-07T17:25:49.266Z,07a56ef48f646392666e7b498140237e5e6d09312e23f3234ef6b0bd9080669d,Org1MSP,Func4,"[10000"",""1000000"",""12143"",""1214300""]""",Org1MSP Org2MSP ,VALID,, 10000 12143,,WT,150,14658,0
2022-04-07T17:25:49.273Z,870791dfaa10df83eabb97083751db4462ac9dd381054d4406ff223b1509c0d9,Org1MSP,Func7,"[8"",""100"",""300"",""100""]""",Org1MSP Org2MSP ,VALID, 300 8, 300 8,,UT,150,14753,0
2022-04-07T17:25:49.359Z,07340859ecb91b5b6957f6c7ab6d7cada21039f7524f244fdfaccf48c6b8a0fc,Org1MSP,Func4,"[11656"",""1165600"",""10475"",""1047500""]""",Org1MSP Org2MSP ,VALID,, 10475 11656,,WT,150,14657,0
2022-04-07T17:25:49.359Z,4e05ef28a97d4fb84bc82ecce901afce15f3aac56da391c9f36ba83c0e4b7546,Org1MSP,Func4,"[10202"",""1020200"",""10009"",""1000900""]""",Org1MSP Org2MSP ,VALID,, 10009 10202,,WT,150,14685,0
2022-04-07T17:25:49.359Z,76da9ce72079ba31721f3667d8a8394270ec00e58a9c5f48ea6368a6c38ed340,Org1MSP,Func4,"[10000"",""1000000"",""10163"",""1016300""]""",Org1MSP Org2MSP ,VALID,, 10000 10163,,WT,150,14698,0
2022-04-07T17:25:49.359Z,d4dc00a1975df8d3f57ad39e9f5f66654c8f53aebabd4911a9b65fce65b3dbfa,Org1MSP,Func4,"[10001"",""1000100"",""11717"",""1171700""]""",Org1MSP Org2MSP ,VALID,, 10001 11717,,WT,150,14729,0
2022-04-07T17:25:49.362Z,43ff1400dcc6274809393089dc9528e5958e25421dc1c0636db97cbc2afb3a99,Org1MSP,Func1,"[615"",""310""]""",Org1MSP Org2MSP ,VALID, 310 615,,,RT,150,14679,0
2022-04-07T17:25:49.363Z,73f39be36999f0641ee842b6f72ff89bf8541b32deb39500435904ae3fbb92c7,Org1MSP,Func4,"[10040"",""1004000"",""10009"",""1000900""]""",Org1MSP Org2MSP ,VALID,, 10009 10040,,WT,150,14695,0
2022-04-07T17:25:49.364Z,e1ab1092bafa6b6101423a66a4e02f10e54ef58a51f3fc033a933b982c4597c4,Org1MSP,Func4,"[11034"",""1103400"",""10232"",""1023200""]""",Org1MSP Org2MSP ,VALID,, 10232 11034,,WT,150,14738,0
2022-04-07T17:25:49.368Z,4f0ba7df1c9d0633423c9a2e88808922b960de6e2cb7bbd8cc8e06e079f667ef,Org1MSP,Func7,"[7"",""100"",""37"",""100""]""",Org1MSP Org2MSP ,VALID, 37 7, 37 7,,UT,150,14686,0
2022-04-07T17:25:49.455Z,2e297f2ad56e54ca129f36de56a8857517821a14ef866ad741d04425ae462dfb,Org1MSP,Func4,"[10880"",""1088000"",""10020"",""1002000""]""",Org1MSP Org2MSP ,VALID,, 10020 10880,,WT,150,14670,0
2022-04-07T17:25:49.458Z,13bbdff84671e6b487e578ea5d2259b9490ae86d0b3b7ec6ab5683494d3b2f62,Org1MSP,Func4,"[10184"",""1018400"",""10027"",""1002700""]""",Org1MSP Org2MSP ,VALID,, 10027 10184,,WT,150,14663,0
2022-04-07T17:25:49.458Z,c96ea98e13c742effb7f37639f1502f7edd09b4b44a38ad6fbaf579bf418cde7,Org1MSP,Func7,"[258"",""100"",""549"",""100""]""",Org1MSP Org2MSP ,VALID, 258 549, 258 549,,UT,150,14723,0
2022-04-07T17:25:49.459Z,8c171cd7ff2df9782ec58fbfdba9a2e3209ac18807fd9da2a36b63b8a44d6892,Org1MSP,Func4,"[10000"",""1000000"",""10001"",""1000100""]""",Org1MSP Org2MSP ,VALID,, 10000 10001,,WT,150,14705,0
2022-04-07T17:25:49.460Z,9fe7ffc56f36e7db28ed7f2e317de1f282672978937b499f3a0779a44ecb3674,Org1MSP,Func4,"[10210"",""1021000"",""14515"",""1451500""]""",Org1MSP Org2MSP ,VALID,, 10210 14515,,WT,150,14710,0
2022-04-07T17:25:49.462Z,394a37307a46dd962e224bb8ec7db7e5625c928a1a96317d5ca1c44f30fa1eac,Org1MSP,Func4,"[10664"",""1066400"",""10001"",""1000100""]""",Org1MSP Org2MSP ,VALID,, 10001 10664,,WT,150,14673,0
2022-04-07T17:25:49.462Z,a136450b26fba4d3405bd16e617a202ce005cbe823494b9ef6d24a097b429e3a,Org1MSP,Func4,"[10020"",""1002000"",""14146"",""1414600""]""",Org1MSP Org2MSP ,VALID,, 10020 14146,,WT,150,14711,0
2022-04-07T17:25:49.464Z,38a32a71ddae411a163709cc467a24cd82cc2a5f08dc8eb24a10500820590a64,Org1MSP,Func1,"[46"",""15""]""",Org1MSP Org2MSP ,VALID, 15 46,,,RT,150,14672,0
2022-04-07T17:25:49.464Z,da40f437c62ad836fbd512561ac5c2c84e98b701d03447a70db8cd0ee84b92e9,Org1MSP,Func4,"[10001"",""1000100"",""13630"",""1363000""]""",Org1MSP Org2MSP ,VALID,, 10001 13630,,WT,150,14733,0
2022-04-07T17:25:49.467Z,da26dbe1cd9d8834599e4ea22757ce41d9ae6d4bf3ff3ba5fae2615009c40911,Org1MSP,Func4,"[10042"",""1004200"",""13881"",""1388100""]""",Org1MSP Org2MSP ,VALID,, 10042 13881,,WT,150,14732,0
2022-04-07T17:25:49.555Z,6096ae24173f3cb25ec47a36140abd52418cd8a2af59787242aa736faf2947d8,Org1MSP,Func4,"[12830"",""1283000"",""10000"",""1000000""]""",Org1MSP Org2MSP ,VALID,, 10000 12830,,WT,150,14693,0
2022-04-07T17:25:49.557Z,f11efc825d40aadfbae8ab406c61db27c1e6a2509824b0d7ac6da00401398b29,Org1MSP,Func4,"[10468"",""1046800"",""10188"",""1018800""]""",Org1MSP Org2MSP ,VALID,, 10188 10468,,WT,150,14744,0
2022-04-07T17:25:49.559Z,8a14f5adbdd2b24c04596417c34bee85e882714f2bddb3f90c34d50236fa9bac,Org1MSP,Func4,"[10025"",""1002500"",""10040"",""1004000""]""",Org1MSP Org2MSP ,VALID,, 10025 10040,,WT,150,14703,0
2022-04-07T17:25:49.559Z,cd3f0753e4c3d6be9bb2a8d992374b68f35b47f430bf2710779926c46e52b646,Org1MSP,Func1,"[134"",""2""]""",Org1MSP Org2MSP ,VALID, 134 2,,,RT,150,14725,0
2022-04-07T17:25:49.560Z,5e2489850c1bb2abb253fef13332ea8f31c0213b5c07185b8ba0a42a79be1efa,Org1MSP,Func4,"[10004"",""1000400"",""12858"",""1285800""]""",Org1MSP Org2MSP ,VALID,, 10004 12858,,WT,150,14689,0
2022-04-07T17:25:49.562Z,41d8da15c1b09c7ec24f6a4a0c82f8c74f51ae11aec4cb19094233d1bb4abaac,Org1MSP,Func4,"[10036"",""1003600"",""17660"",""1766000""]""",Org1MSP Org2MSP ,VALID,, 10036 17660,,WT,150,14678,0
2022-04-07T17:25:49.562Z,f64d244479cab161dbd9765bf8a725167f1ace02ae380ba1301ba2ff35cf718f,Org1MSP,Func4,"[10002"",""1000200"",""10001"",""1000100""]""",Org1MSP Org2MSP ,VALID,, 10001 10002,,WT,150,14745,0
2022-04-07T17:25:49.564Z,9857b4bcd089f5cabaf471bee7ebb5224a14e9b48f2a402194290f82a1ac3d81,Org1MSP,Func4,"[17736"",""1773600"",""19402"",""1940200""]""",Org1MSP Org2MSP ,VALID,, 17736 19402,,WT,150,14708,0
2022-04-07T17:25:49.564Z,99dd9d8fbf3567c39abfc06cad346fc10c32f5278f9e20d1557513febd162e76,Org1MSP,Func4,"[10006"",""1000600"",""10833"",""1083300""]""",Org1MSP Org2MSP ,VALID,, 10006 10833,,WT,150,14709,0
2022-04-07T17:25:49.567Z,7e97900192b56d83ed10d2850b7aff4ceffcf2c15dab4e4ea0528209f9f0e10d,Org1MSP,Func4,"[10080"",""1008000"",""10021"",""1002100""]""",Org1MSP Org2MSP ,VALID,, 10021 10080,,WT,150,14700,0
2022-04-07T17:25:49.656Z,1d2effa439f5e24945d0605501ada0711e3c07524c618932575d5556ea60da94,Org1MSP,Func4,"[10072"",""1007200"",""10079"",""1007900""]""",Org1MSP Org2MSP ,VALID,, 10072 10079,,WT,150,14665,0
2022-04-07T17:25:49.657Z,d96f68ccc58c0dc9364a87927a578e4459b70a9b8970c92c851d45cce7f05a12,Org1MSP,Func7,"[303"",""100"",""49"",""100""]""",Org1MSP Org2MSP ,VALID, 303 49, 303 49,,UT,150,14731,0
2022-04-07T17:25:49.659Z,403ddee8bda0a6d4dd0ecbc3feb59ef6bbbdef5ec64934a9cb7c11bc4190c743,Org1MSP,Func4,"[10002"",""1000200"",""10209"",""1020900""]""",Org1MSP Org2MSP ,VALID,, 10002 10209,,WT,150,14676,0
2022-04-07T17:25:49.659Z,48e56cc1a76c2e79bd878a4d4ace5b751f900811675893010eada64c09e395b2,Org1MSP,Func1,"[4887"",""4929""]""",Org1MSP Org2MSP ,VALID, 4887 4929,,,RT,150,14682,0
2022-04-07T17:25:49.660Z,39cbc44490fedfd0b7e598c694adb64841d27d64baa866745405e52e4e9edd18,Org1MSP,Func4,"[10007"",""1000700"",""10000"",""1000000""]""",Org1MSP Org2MSP ,VALID,, 10000 10007,,WT,150,14674,0
2022-04-07T17:25:49.660Z,a571b5e458b28d71116730ad08826793e62418629fab00e699fc59a4689e4304,Org1MSP,Func4,"[10001"",""1000100"",""10001"",""1000100""]""",Org1MSP Org2MSP ,VALID,, 10001,,WT,150,14715,0
2022-04-07T17:25:49.662Z,4aac98b06f2a1c396bd4a260165de9c8007eecc8147d36db7ffc5668e9da8e4f,Org1MSP,Func4,"[12279"",""1227900"",""14066"",""1406600""]""",Org1MSP Org2MSP ,VALID,, 12279 14066,,WT,150,14684,0
2022-04-07T17:25:49.662Z,8bad836358b874822d832840531b62bbc05c9267b0a9d5efe17d1d990f940f17,Org1MSP,Func4,"[10166"",""1016600"",""10023"",""1002300""]""",Org1MSP Org2MSP ,VALID,, 10023 10166,,WT,150,14704,0
2022-04-07T17:25:49.664Z,e0517f5168575103782a12115b6db0f03829bd0d3d7eb9b58aae26c25dffaeeb,Org1MSP,Func4,"[10661"",""1066100"",""10004"",""1000400""]""",Org1MSP Org2MSP ,VALID,, 10004 10661,,WT,150,14736,0
2022-04-07T17:25:49.669Z,2951af5cf04b3a5506c51a214981a95135ddec1d232c6016f0e2abbf085620a3,Org1MSP,Func4,"[10163"",""1016300"",""10828"",""1082800""]""",Org1MSP Org2MSP ,VALID,, 10163 10828,,WT,150,14669,0
2022-04-07T17:25:49.755Z,5ebd994e1b0c3d32ebb924880c1a662490105e870bdde5044b8c4dd64bcc2d11,Org1MSP,Func1,"[6"",""155""]""",Org1MSP Org2MSP ,VALID, 155 6,,,RT,150,14691,0
2022-04-07T17:25:49.758Z,a3a9c940ee3617fd4d10ff23ffc0c625f98c1a92508d3faebfed363246e54588,Org1MSP,Func4,"[10044"",""1004400"",""11134"",""1113400""]""",Org1MSP Org2MSP ,VALID,, 10044 11134,,WT,150,14714,0
2022-04-07T17:25:49.759Z,255cd356f9e3a2391ee0479692d54ae687e724a94e4352d2e54af5b6782432da,Org1MSP,Func4,"[10002"",""1000200"",""10000"",""1000000""]""",Org1MSP Org2MSP ,VALID,, 10000 10002,,WT,150,14667,0
2022-04-07T17:25:49.759Z,5685d9622f770130fd2dfc3156cb91449db1738faba370226dd946f39f93a3b8,Org1MSP,Func1,"[5314"",""8""]""",Org1MSP Org2MSP ,VALID, 5314 8,,,RT,150,14688,0
2022-04-07T17:25:49.760Z,cc92728073d68628906da4d294362272343798cdc118d2eb9a18e4b21559bcc6,Org1MSP,Func4,"[10069"",""1006900"",""13368"",""1336800""]""",Org1MSP Org2MSP ,VALID,, 10069 13368,,WT,150,14724,0
2022-04-07T17:25:49.762Z,c5e096857b13d0fa20e14671e5c0331d8c1cdd427b65ecf5999b7fea8f706979,Org1MSP,Func4,"[10167"",""1016700"",""10025"",""1002500""]""",Org1MSP Org2MSP ,VALID,, 10025 10167,,WT,150,14721,0
2022-04-07T17:25:49.762Z,ddadc9eaf1a10a6d3d8ba902d3a05e4af935c96b2263193669e0bac1f6cd89e1,Org1MSP,Func4,"[11746"",""1174600"",""10053"",""1005300""]""",Org1MSP Org2MSP ,VALID,, 10053 11746,,WT,150,14735,0
2022-04-07T17:25:49.763Z,fd3198b9525afbe9fa2c99f2a31e137d258b432a9d7ded558d92f9dbf0469ec7,Org1MSP,Func7,"[13"",""100"",""215"",""100""]""",Org1MSP Org2MSP ,VALID, 13 215, 13 215,,UT,150,14750,0
2022-04-07T17:25:49.764Z,d149fd2681f3bdc416d447d6c34c51cf356945c660b7632a6eeace864cc9456d,Org1MSP,Func4,"[10014"",""1001400"",""11983"",""1198300""]""",Org1MSP Org2MSP ,VALID,, 10014 11983,,WT,150,14726,0
2022-04-07T17:25:49.767Z,a889b0814792293e8b65fbe4fd31a18eaba3385848aede1c49567c97f7064d60,Org1MSP,Func4,"[12726"",""1272600"",""10027"",""1002700""]""",Org1MSP Org2MSP ,VALID,, 10027 12726,,WT,150,14716,0
2022-04-07T17:25:49.855Z,3e9ecad74d8a0ba685cba7d0d080e5608b1bdcdd32692a82013250c8cb654a21,Org1MSP,Func4,"[10348"",""1034800"",""10006"",""1000600""]""",Org1MSP Org2MSP ,VALID,, 10006 10348,,WT,150,14675,0
2022-04-07T17:25:49.858Z,c8e32bbc5ce8451f6c0bfe7bf56aee0fe228a5d479457fe9249ff3195936d786,Org1MSP,Func1,"[13"",""8275""]""",Org1MSP Org2MSP ,VALID, 13 8275,,,RT,150,14722,0
2022-04-07T17:25:49.858Z,eb9d61bc975f32c7a940db171d15431cc74e2bfeca4091f956a8bc34190c8e91,Org1MSP,Func4,"[10126"",""1012600"",""10000"",""1000000""]""",Org1MSP Org2MSP ,VALID,, 10000 10126,,WT,150,14743,0
2022-04-07T17:25:49.859Z,11f534d19a8f92f170ef7246dee48159fb2779cf99f163348029ca7fccccb904,Org1MSP,Func4,"[10039"",""1003900"",""10000"",""1000000""]""",Org1MSP Org2MSP ,VALID,, 10000 10039,,WT,150,14661,0
2022-04-07T17:25:49.860Z,89ebec59e7020ee94b7a2df73623849c5a65cd0ae2eeac27b72b536afea0c5a6,Org1MSP,Func4,"[11107"",""1110700"",""10003"",""1000300""]""",Org1MSP Org2MSP ,VALID,, 10003 11107,,WT,150,14702,0
2022-04-07T17:25:49.861Z,12d6f1e132b34048f057d351e94f7bdd8a945e4394c23474b2d4c41e3bbf3618,Org1MSP,Func4,"[13642"",""1364200"",""10048"",""1004800""]""",Org1MSP Org2MSP ,VALID,, 10048 13642,,WT,150,14662,0
2022-04-07T17:25:49.863Z,affc3fa3b6cd803951d6b41eb0a020943a495aad85321238fcf201be377852a3,Org1MSP,Func7,"[1779"",""100"",""21"",""100""]""",Org1MSP Org2MSP ,VALID, 1779 21, 1779 21,,UT,150,14718,0
2022-04-07T17:25:49.863Z,af063c80d22f854a9833cba98bbc214b1105fc71205ebfb05ae290eadfd9d9be,Org1MSP,Func7,"[43"",""100"",""3"",""100""]""",Org1MSP Org2MSP ,VALID, 3 43, 3 43,,UT,150,14749,0
2022-04-07T17:25:49.866Z,8cb22ef6c508856744a9e06bd1c4da45dd221d0c035a6b54e3e08f2d74d811fe,Org1MSP,Func4,"[10072"",""1007200"",""10003"",""1000300""]""",Org1MSP Org2MSP ,VALID,, 10003 10072,,WT,150,14706,0
2022-04-07T17:25:49.867Z,bdd1aa0b0430cab0d2ed83faa730bfa3efd4a2a964757de5892cc22330da9206,Org1MSP,Func4,"[10035"",""1003500"",""10020"",""1002000""]""",Org1MSP Org2MSP ,VALID,, 10020 10035,,WT,150,14720,0
2022-04-07T17:25:49.958Z,ac2a258cd3f10dda520c242831bdfb178fb8c8064793d2c5eb73f40bf337cfac,Org1MSP,Func4,"[10011"",""1001100"",""10009"",""1000900""]""",Org1MSP Org2MSP ,VALID,, 10009 10011,,WT,150,14717,0
2022-04-07T17:25:49.959Z,d879ef1cd9cf2d5336f4334229547bab0b8ad7acccace93d5a326992415d5e47,Org1MSP,Func4,"[10002"",""1000200"",""10389"",""1038900""]""",Org1MSP Org2MSP ,VALID,, 10002 10389,,WT,150,14730,0
2022-04-07T17:25:49.960Z,fbd1154fbd6c8fb79592f46edaa2ff17fd9aa4cb48e113fe7a437990ce0aa686,Org1MSP,Func4,"[10002"",""1000200"",""10000"",""1000000""]""",Org1MSP Org2MSP ,VALID,, 10000 10002,,WT,150,14746,0
2022-04-07T17:25:49.960Z,7be717bfb5ccc0e69fe75055ac06edd0a52855326c7af6a0f75ea7183aeac1b7,Org1MSP,Func7,"[2"",""100"",""70"",""100""]""",Org1MSP Org2MSP ,VALID, 2 70, 2 70,,UT,150,14751,0
2022-04-07T17:25:49.962Z,4132b6a9fdc6cd62edb74df01520d0cde6ee75bf2965b812efeda0b8d72460c0,Org1MSP,Func4,"[10002"",""1000200"",""10941"",""1094100""]""",Org1MSP Org2MSP ,VALID,, 10002 10941,,WT,150,14677,0
2022-04-07T17:25:49.963Z,86b7353e42dc30064a2431331415152132e7a7cd198ba90d4e1a9346c11ec3ab,Org1MSP,Func4,"[10003"",""1000300"",""10033"",""1003300""]""",Org1MSP Org2MSP ,VALID,, 10003 10033,,WT,150,14701,0
2022-04-07T17:25:49.963Z,93a0ad44c061e181b205c3fcdf7ff0b437db8648f85aa69039214d9d1503c538,Org1MSP,Func1,"[813"",""2716""]""",Org1MSP Org2MSP ,VALID, 2716 813,,,RT,150,14707,0
2022-04-07T17:25:49.964Z,a206fadb2e17b9b78a2df1205259789a8899a993c5567ef5093fb6a7a477fdf3,Org1MSP,Func4,"[10023"",""1002300"",""16381"",""1638100""]""",Org1MSP Org2MSP ,VALID,, 10023 16381,,WT,150,14712,0
2022-04-07T17:25:49.966Z,b66b5bd01f136bec403685d7eaad5b79ab03b6a905ac819ef23e865b31a01c31,Org1MSP,Func4,"[10975"",""1097500"",""14822"",""1482200""]""",Org1MSP Org2MSP ,VALID,, 10975 14822,,WT,150,14719,0
2022-04-07T17:25:50.057Z,4a9a50f43b5e5dfe75cf485f7c86c4168846a5fb7197a1e3300f5e7a63d2a511,Org1MSP,Func4,"[10013"",""1001300"",""11319"",""1131900""]""",Org1MSP Org2MSP ,VALID,, 10013 11319,,WT,150,14683,0
2022-04-07T17:25:50.058Z,fd8e668c2a02f556a09cc430a4eaca11cb684bbea800fa7ec8590a0bc4ddd3be,Org1MSP,Func1,"[1"",""135""]""",Org1MSP Org2MSP ,VALID, 1 135,,,RT,150,14748,0
2022-04-07T17:25:50.059Z,ea2f52e711a3f016e12bdc02ce197c77c22d6917f75f220e57bb53d87a6dcb6c,Org1MSP,Func1,"[6"",""557""]""",Org1MSP Org2MSP ,VALID, 557 6,,,RT,150,14741,0
2022-04-07T17:25:50.061Z,67d4d0f4ebc7c87a6cee99fc4e205eabbb99a50d290a76c9456bc37e676dcaa3,Org1MSP,Func4,"[10004"",""1000400"",""10010"",""1001000""]""",Org1MSP Org2MSP ,VALID,, 10004 10010,,WT,150,14694,0
2022-04-07T17:25:50.063Z,e0c601fa1079292524de4d80db77d050f76d599cd16db8d62b74b04caed2846f,Org1MSP,Func1,"[1081"",""61""]""",Org1MSP Org2MSP ,VALID, 1081 61,,,RT,150,14737,0
2022-04-07T17:25:50.067Z,99456893dbd146f1a9f88bbac61bdc51ccbcc7c5202b41daae4be89d674f2128,Org1MSP,Func7,"[14"",""100"",""6"",""100""]""",Org1MSP Org2MSP ,VALID, 14 6, 14 6,,UT,150,14752,0
2022-04-07T17:25:50.154Z,2efef1484c2001f00069aca81c1f3fe9e21a1dcea966b6848ef24edfb839391a,Org1MSP,Func4,"[10003"",""1000300"",""12474"",""1247400""]""",Org1MSP Org2MSP ,VALID,, 10003 12474,,WT,150,14671,0
2022-04-07T17:25:50.157Z,0d3b3e8df45f1978e3e209c5ae47ae63bd0337cc06070856a5c72749f31c5eb5,Org1MSP,Func1,"[891"",""921""]""",Org1MSP Org2MSP ,VALID, 891 921,,,RT,150,14660,0
2022-04-07T17:25:50.158Z,e815ce125e365fda0ba40d12d36b2636251fa32b778bbe34d16fb84ad206f63a,Org1MSP,Func4,"[10001"",""1000100"",""10003"",""1000300""]""",Org1MSP Org2MSP ,VALID,, 10001 10003,,WT,150,14739,0
2022-04-07T17:25:50.160Z,780a25cd43252daac257514c732891a69d679371b4d097377ba7c588cb15eda8,Org1MSP,Func1,"[6"",""2""]""",Org1MSP Org2MSP ,VALID, 2 6,,,RT,150,14699,0
2022-04-07T17:25:50.160Z,a296667777247e730560ba1b6cc649cb2435dac218ce5c31a938ba016c5c2d56,Org1MSP,Func4,"[10084"",""1008400"",""19440"",""1944000""]""",Org1MSP Org2MSP ,VALID,, 10084 19440,,WT,150,14713,0
2022-04-07T17:25:50.161Z,dbbf2a6dbd20188c501457385c6138ae15f3153ba25eff9f9f6194a6ae1a92c2,Org1MSP,Func4,"[11703"",""1170300"",""11364"",""1136400""]""",Org1MSP Org2MSP ,VALID,, 11364 11703,,WT,150,14734,0
2022-04-07T17:25:50.163Z,fbea67407b35ef0f0c69052b715981b5c5dbea043d6fbe8c3b52ace66ad415b0,Org1MSP,Func7,"[9"",""100"",""148"",""100""]""",Org1MSP Org2MSP ,VALID, 148 9, 148 9,,UT,150,14747,0
2022-04-07T17:25:50.165Z,744ff5ffba12fb693c4e6e8068abb4f6eab89d4a5db53718a25d38016c888f3f,Org1MSP,Func7,"[4"",""100"",""73"",""100""]""",Org1MSP Org2MSP ,VALID, 4 73, 4 73,,UT,150,14697,0
2022-04-07T17:25:50.256Z,5f6c4f2dfd8c0bdc658af68103b80448243b1117e6af0e5185b92517c845a2f0,Org1MSP,Func4,"[10000"",""1000000"",""11722"",""1172200""]""",Org1MSP Org2MSP ,VALID,, 10000 11722,,WT,150,14692,0
2022-04-07T17:25:50.258Z,4708159802bf1679bbaa11c20bc7ecac0b13505eaacc2cf458d38138ff2d2dc0,Org1MSP,Func1,"[3895"",""1210""]""",Org1MSP Org2MSP ,VALID, 1210 3895,,,RT,150,14680,0
2022-04-07T17:25:50.259Z,28370391ab51e40bf2a949c51ba65de6106f7f9108d4f5676396c00db6febf64,Org1MSP,Func4,"[10142"",""1014200"",""12618"",""1261800""]""",Org1MSP Org2MSP ,VALID,, 10142 12618,,WT,150,14668,0
2022-04-07T17:25:50.259Z,5e9196c83c5bbe0d380d09070ac428ddd34a4d1901b07668693327824ff8b6de,Org1MSP,Func7,"[23"",""100"",""732"",""100""]""",Org1MSP Org2MSP ,VALID, 23 732, 23 732,,UT,150,14690,0
2022-04-07T17:25:50.261Z,f7d55f6085dfb53e326f9205ff9d7ef6367cc637be0025067f15d770bf33cc3e,Org1MSP,Func1,"[3299"",""4""]""",Org1MSP Org2MSP ,VALID, 3299 4,,,RT,151,14837,0
2022-04-07T17:25:50.264Z,24cecfb87578bf0bee615918375caccb9ca02151b6b7031edb2877766cacd0e7,Org1MSP,Func7,"[5"",""100"",""4167"",""100""]""",Org1MSP Org2MSP ,VALID, 4167 5, 4167 5,,UT,150,14666,0
2022-04-07T17:25:50.264Z,e92ed78a823baf44727ea6521b63795583841890fd9d3f1c87ce606bc69f02a1,Org1MSP,Func4,"[10000"",""1000000"",""10003"",""1000300""]""",Org1MSP Org2MSP ,VALID,, 10000 10003,,WT,150,14740,0
2022-04-07T17:25:50.270Z,07fbe8e0e4020bb88102bca92996e5e94630679c48b6927f380ce5164eb8e156,Org1MSP,Func1,"[63"",""3""]""",Org1MSP Org2MSP ,VALID, 3 63,,,RT,150,14659,0
2022-04-07T17:25:50.270Z,67111148c29928d16900cbcf49e9caac4ecc47321ab56d3b3d62d95251a1c9f8,Org1MSP,Func4,"[17924"",""1792400"",""11707"",""1170700""]""",Org1MSP Org2MSP ,VALID,, 11707 17924,,WT,151,14784,0
2022-04-07T17:25:50.355Z,69862b05cf2bc422942d6fc4ec3ea5cc3d35914812470b48bb843623430c9cd7,Org1MSP,Func4,"[10001"",""1000100"",""10002"",""1000200""]""",Org1MSP Org2MSP ,VALID,, 10001 10002,,WT,151,14786,0
2022-04-07T17:25:50.356Z,873daa118357cecb944a015715b3b0be75f8c577bf58c7c82a55c8a18e903e87,Org1MSP,Func1,"[23"",""8""]""",Org1MSP Org2MSP ,VALID, 23 8,,,RT,151,14802,0
2022-04-07T17:25:50.358Z,944ca0d6fdf3ec0e39bca3be103edd38da2bde2d273d2ce72309b914e78e987c,Org1MSP,Func1,"[3981"",""26""]""",Org1MSP Org2MSP ,VALID, 26 3981,,,RT,151,14806,0
2022-04-07T17:25:50.359Z,2738b8474335b6ff29ef7c16db299d6175e0977381853083f7b44b7644a22095,Org1MSP,Func1,"[1"",""299""]""",Org1MSP Org2MSP ,VALID, 1 299,,,RT,151,14767,0
2022-04-07T17:25:50.362Z,69bcd90d3055505b01bfb5a7e1350537377921af7d40eb599b237e25c57ca9f2,Org1MSP,Func4,"[10057"",""1005700"",""10109"",""1010900""]""",Org1MSP Org2MSP ,VALID,, 10057 10109,,WT,151,14787,0
2022-04-07T17:25:50.362Z,a1e8a536bf745c3a23851ea31295ec0d6ac813e97aa28b4960edb4e570010dfc,Org1MSP,Func7,"[104"",""100"",""653"",""100""]""",Org1MSP Org2MSP ,VALID, 104 653, 104 653,,UT,151,14812,0
2022-04-07T17:25:50.362Z,ebe0a287027c81ec7d4a50c9b5a8e1c62d791d263331d3070d0914e9cffd93b6,Org1MSP,Func4,"[10121"",""1012100"",""10275"",""1027500""]""",Org1MSP Org2MSP ,VALID,, 10121 10275,,WT,151,14833,0
2022-04-07T17:25:50.458Z,8266ea06b6c87cbaf866bfd2231eaf2bea8121fea77a31eb278bd6e4d5813143,Org1MSP,Func4,"[10035"",""1003500"",""10697"",""1069700""]""",Org1MSP Org2MSP ,VALID,, 10035 10697,,WT,151,14798,0
2022-04-07T17:25:50.458Z,bd1ffe23f8da5ded0eab5aeb19a2c95a352e5484229a389524f935ca7e843997,Org1MSP,Func4,"[11132"",""1113200"",""10017"",""1001700""]""",Org1MSP Org2MSP ,VALID,, 10017 11132,,WT,151,14822,0
2022-04-07T17:25:50.459Z,2d4fd8e9bbe007094f73c58b0782a9891746b004d9e0eab4c61400a73b58621d,Org1MSP,Func4,"[16995"",""1699500"",""10038"",""1003800""]""",Org1MSP Org2MSP ,VALID,, 10038 16995,,WT,151,14772,0
2022-04-07T17:25:50.460Z,ac77bc8500b5c013c0c5686b7dd97c66331f3ffd19458256e305074b299f5530,Org1MSP,Func4,"[10001"",""1000100"",""10004"",""1000400""]""",Org1MSP Org2MSP ,VALID,, 10001 10004,,WT,151,14819,0
2022-04-07T17:25:50.461Z,a9550e44ff325560ea079c812d35e328034e6b4297ae15960c093688aca87551,Org1MSP,Func4,"[11742"",""1174200"",""10000"",""1000000""]""",Org1MSP Org2MSP ,VALID,, 10000 11742,,WT,151,14818,0
2022-04-07T17:25:50.462Z,1d4633a716ebabee989cad530e56e3305c068c31707838d2cb6aa63eb82c62a7,Org1MSP,Func4,"[10004"",""1000400"",""10000"",""1000000""]""",Org1MSP Org2MSP ,VALID,, 10000 10004,,WT,151,14763,0
2022-04-07T17:25:50.463Z,7b3aa8406419a79923f9d72181f36d0271be35ad4e923fe5a2e4cca68cef1b19,Org1MSP,Func4,"[10009"",""1000900"",""10000"",""1000000""]""",Org1MSP Org2MSP ,VALID,, 10000 10009,,WT,151,14793,0
2022-04-07T17:25:50.464Z,63b2e63393e881723ebf99c0d4c5a89a36533e2fcb3727ff06d8b57d5d3650ae,Org1MSP,Func4,"[10001"",""1000100"",""10000"",""1000000""]""",Org1MSP Org2MSP ,VALID,, 10000 10001,,WT,151,14781,0
2022-04-07T17:25:50.466Z,82374bf2b9c57aebf68d52ca701b61bb432e73e0b9008030539f297281865b35,Org1MSP,Func4,"[10000"",""1000000"",""19713"",""1971300""]""",Org1MSP Org2MSP ,VALID,, 10000 19713,,WT,151,14797,0
2022-04-07T17:25:50.558Z,0d210b0f92c9a7a34d1ba1dacb315cc6e5e1ea961c4403d37d9470f9f53d12b6,Org1MSP,Func4,"[10025"",""1002500"",""10663"",""1066300""]""",Org1MSP Org2MSP ,VALID,, 10025 10663,,WT,151,14758,0
2022-04-07T17:25:50.558Z,7e3901e0c4cfe4751972831f7c0403215efc7763c91e8665807124be7fd33e39,Org1MSP,Func4,"[10000"",""1000000"",""10238"",""1023800""]""",Org1MSP Org2MSP ,VALID,, 10000 10238,,WT,151,14794,0
2022-04-07T17:25:50.559Z,e06cb57c183e943ea37d9716ff541b5e82c969ee22b30b303088761fd12e425f,Org1MSP,Func7,"[45"",""100"",""175"",""100""]""",Org1MSP Org2MSP ,VALID, 175 45, 175 45,,UT,151,14846,0
2022-04-07T17:25:50.560Z,2ff2297a0133b80ddad8d385cf756369f57afb72e8234773f36fd2d4e48c2faa,Org1MSP,Func4,"[10685"",""1068500"",""10004"",""1000400""]""",Org1MSP Org2MSP ,VALID,, 10004 10685,,WT,151,14775,0
2022-04-07T17:25:50.561Z,99efb0b6b7c564a9e4a4edf8c87612ee9735866db68219c13792052223966b09,Org1MSP,Func1,"[51"",""42""]""",Org1MSP Org2MSP ,VALID, 42 51,,,RT,151,14808,0
2022-04-07T17:25:50.563Z,0a6ae50537f3a1b290066a3fee5d43ffa94b6b2c0e9be1edc6a9465575316c93,Org1MSP,Func4,"[10000"",""1000000"",""10142"",""1014200""]""",Org1MSP Org2MSP ,VALID,, 10000 10142,,WT,151,14756,0
2022-04-07T17:25:50.564Z,d435d045c9593c113c649ebc4ece0f5a0aa90000610ac04977001130a2b5dfaf,Org1MSP,Func1,"[37"",""2""]""",Org1MSP Org2MSP ,VALID, 2 37,,,RT,151,14828,0
2022-04-07T17:25:50.566Z,dbe09c516d194dd8123a9a62a1716e04e1757c74ba4226ad880d5bb06ef73fbb,Org1MSP,Func1,"[630"",""2835""]""",Org1MSP Org2MSP ,VALID, 2835 630,,,RT,151,14829,0
2022-04-07T17:25:50.655Z,59a6d9d891b7dbb052153448eccef5295ad24e665c0cfd4667c8e6e6ee3bada4,Org1MSP,Func1,"[8674"",""23""]""",Org1MSP Org2MSP ,ENDORSEMENT_POLICY_FAILURE, 23 8674,,,RT,151,14844,0
2022-04-07T17:25:50.656Z,15a185641547442c463da5fa95b710c717d3b07c6cb137e97ea53af3e9a15c30,Org1MSP,Func4,"[10286"",""1028600"",""10001"",""1000100""]""",Org1MSP Org2MSP ,VALID,, 10001 10286,,WT,151,14761,0
2022-04-07T17:25:50.658Z,9919ffc87e6622a000b0241c26f6c40bf2f8b2829ce39f538c82580920eaa7a4,Org1MSP,Func4,"[10000"",""1000000"",""12139"",""1213900""]""",Org1MSP Org2MSP ,VALID,, 10000 12139,,WT,151,14807,0
2022-04-07T17:25:50.660Z,274fa343777825031ff5ec41b3447c1aed2597194040ca6f9730cf4edc3e7316,Org1MSP,Func4,"[11633"",""1163300"",""10062"",""1006200""]""",Org1MSP Org2MSP ,VALID,, 10062 11633,,WT,151,14768,0
2022-04-07T17:25:50.662Z,2f999f8633ca2baa3a312ad6161bd6cce659361545b4b22b0ad3200964b5a2ae,Org1MSP,Func4,"[10003"",""1000300"",""10056"",""1005600""]""",Org1MSP Org2MSP ,VALID,, 10003 10056,,WT,151,14774,0
2022-04-07T17:25:50.663Z,6d2a71bb6f02c33cad10f32108b50008f28929528fa357243ba94d41e9019718,Org1MSP,Func7,"[125"",""100"",""7856"",""100""]""",Org1MSP Org2MSP ,ENDORSEMENT_POLICY_FAILURE, 125 7856, 125 7856,,UT,151,14790,0
2022-04-07T17:25:50.663Z,765d3942da259abdee7e97585aa03cd402e25fc2eff4b9d2a8d805022b7cb2fe,Org1MSP,Func4,"[10004"",""1000400"",""10000"",""1000000""]""",Org1MSP Org2MSP ,VALID,, 10000 10004,,WT,151,14791,0
2022-04-07T17:25:50.663Z,31adb39cdd8c737c4934139828cb7094753a61ad6d0accdf5603238a091f3303,Org1MSP,Func7,"[1"",""100"",""1"",""100""]""",Org1MSP Org2MSP ,ENDORSEMENT_POLICY_FAILURE, 1, 1,,UT,151,14849,0
2022-04-07T17:25:50.666Z,0c32d055996585434a45ed8ee985490ecc5e31fe706348c41f1b8fce29395af6,Org1MSP,Func4,"[10008"",""1000800"",""11021"",""1102100""]""",Org1MSP Org2MSP ,VALID,, 10008 11021,,WT,151,14757,0
2022-04-07T17:25:50.667Z,0f2b3ab2c51a9d62b63e9b6da11f4d775f4c30bfd346ca47d3db2a05eca6a7d6,Org1MSP,Func4,"[10456"",""1045600"",""10055"",""1005500""]""",Org1MSP Org2MSP ,VALID,, 10055 10456,,WT,151,14760,0
2022-04-07T17:25:50.755Z,4d20d93f472b5d152b2a9b227afe2e20972cbcc4eb4f32025834635fc46b4aea,Org1MSP,Func4,"[10037"",""1003700"",""15405"",""1540500""]""",Org1MSP Org2MSP ,VALID,, 10037 15405,,WT,151,14779,0
2022-04-07T17:25:50.757Z,5d649640dc9eb40a575709e7f070bc54c2bb9a9c7a34e85479e007a0eb176e8a,Org1MSP,Func4,"[10003"",""1000300"",""10000"",""1000000""]""",Org1MSP Org2MSP ,VALID,, 10000 10003,,WT,151,14780,0
2022-04-07T17:25:50.758Z,ed74ec390fd884e314bbb894d20133774af315732a3b6ae17291dc41f7de4d9a,Org1MSP,Func1,"[17"",""1""]""",Org1MSP Org2MSP ,VALID, 1 17,,,RT,151,14840,0
2022-04-07T17:25:50.760Z,2784b1f1346f8c3e6249e73bcb8b73a96866e61388adfcf6596e3906f6bd69cf,Org1MSP,Func1,"[297"",""419""]""",Org1MSP Org2MSP ,VALID, 297 419,,,RT,151,14769,0
2022-04-07T17:25:50.760Z,ff4d45871fa0371f9505ab461d426993490b474f3ac5798a227e81d9daf4f72d,Org1MSP,Func4,"[10015"",""1001500"",""11326"",""1132600""]""",Org1MSP Org2MSP ,VALID,, 10015 11326,,WT,151,14839,0
2022-04-07T17:25:50.762Z,064ef26cef6ed4fc60576bc99c83c523e3b89ac90c8a4fac169d2d35bb26dbc5,Org1MSP,Func1,"[16"",""492""]""",Org1MSP Org2MSP ,VALID, 16 492,,,RT,151,14755,0
2022-04-07T17:25:50.762Z,c9208e08deeeca32870f569545d3f523ff77cb0a909cc7b983a5a1cecf026002,Org1MSP,Func1,"[2492"",""1983""]""",Org1MSP Org2MSP ,VALID, 1983 2492,,,RT,151,14824,0
2022-04-07T17:25:50.763Z,c235be8c67cd3deb7c9438a56503d7af130099aaa91fd55f5c900306d0a32920,Org1MSP,Func7,"[28"",""100"",""3913"",""100""]""",Org1MSP Org2MSP ,VALID, 28 3913, 28 3913,,UT,151,14823,0
2022-04-07T17:25:50.766Z,3c2bbf41a16091e05cfe33ac8d141a66ed64a9e1ba832024091b873093eaff93,Org1MSP,Func7,"[163"",""100"",""9"",""100""]""",Org1MSP Org2MSP ,VALID, 163 9, 163 9,,UT,151,14777,0
2022-04-07T17:25:50.766Z,7e7691ef9414d3e5045caa9099d75801c3dae1eef43750c6fe53d673e98e74c1,Org1MSP,Func7,"[1121"",""100"",""254"",""100""]""",Org1MSP Org2MSP ,VALID, 1121 254, 1121 254,,UT,151,14795,0
2022-04-07T17:25:50.855Z,b9661eaf6f6b40bc2769c46f7fb878dc064d34b86593bfd1145d7f81869580b2,Org1MSP,Func4,"[10000"",""1000000"",""10001"",""1000100""]""",Org1MSP Org2MSP ,VALID,, 10000 10001,,WT,151,14821,0
2022-04-07T17:25:50.857Z,f2df20d081bf425fe3f351afc91f7ebff582abe3d7521b16aabf9bab4548b0cb,Org1MSP,Func4,"[10000"",""1000000"",""10043"",""1004300""]""",Org1MSP Org2MSP ,VALID,, 10000 10043,,WT,151,14836,0
2022-04-07T17:25:50.858Z,d11bdb0a07a98b9063816b342c97be5d45855b7cc53f973c75998e0c6a887212,Org1MSP,Func4,"[10017"",""1001700"",""13595"",""1359500""]""",Org1MSP Org2MSP ,VALID,, 10017 13595,,WT,151,14827,0
2022-04-07T17:25:50.860Z,695a03a5d0e57945b798e7430d1348f7edcd2c1a22a055c3ba4d7d5e785dd8e9,Org1MSP,Func4,"[14996"",""1499600"",""10000"",""1000000""]""",Org1MSP Org2MSP ,VALID,, 10000 14996,,WT,151,14785,0
2022-04-07T17:25:50.861Z,6b27226e2e99029a26c5672fcddb8cca3ec5c681ad6309e15b2f05d38d6ef4f1,Org1MSP,Func4,"[10276"",""1027600"",""17160"",""1716000""]""",Org1MSP Org2MSP ,VALID,, 10276 17160,,WT,151,14789,0
2022-04-07T17:25:50.861Z,89f1cb5e39483f716d2989132aa15f20b22639182fdf645c4935adb7a26ba246,Org1MSP,Func1,"[11"",""101""]""",Org1MSP Org2MSP ,VALID, 101 11,,,RT,151,14804,0
2022-04-07T17:25:50.862Z,6aa6244834c540351eeb43a959fa43155a95995f5fa31586d2ccf09bb6eb119b,Org1MSP,Func4,"[10081"",""1008100"",""10133"",""1013300""]""",Org1MSP Org2MSP ,VALID,, 10081 10133,,WT,151,14788,0
2022-04-07T17:25:50.862Z,f2b7e181ed78e5f2b0ec85764b4657fb29a5a1624243cc96464f0abb0b8379b4,Org1MSP,Func4,"[10320"",""1032000"",""10005"",""1000500""]""",Org1MSP Org2MSP ,VALID,, 10005 10320,,WT,151,14835,0
2022-04-07T17:25:50.864Z,29ca8cd22964c0b27e423351f4685cd76096616dae90455cbc21d8b33fd74457,Org1MSP,Func1,"[5404"",""147""]""",Org1MSP Org2MSP ,VALID, 147 5404,,,RT,151,14770,0
2022-04-07T17:25:50.866Z,84d49382cdc2fa7b9dcf4fb442a812a4887d1eb2ea8b1efc731f97195efc7929,Org1MSP,Func4,"[10013"",""1001300"",""10679"",""1067900""]""",Org1MSP Org2MSP ,VALID,, 10013 10679,,WT,151,14800,0
2022-04-07T17:25:50.955Z,0d6038424024fb3addbac2a0956d2db3a35815f92ce344793bae7c8232c1510b,Org1MSP,Func7,"[162"",""100"",""25"",""100""]""",Org1MSP Org2MSP ,VALID, 162 25, 162 25,,UT,151,14759,0
2022-04-07T17:25:50.957Z,25cc846ecef8a5919ebce6e9cf328fbf9517276c7b571f71c07f17ce0136be77,Org1MSP,Func4,"[18286"",""1828600"",""11593"",""1159300""]""",Org1MSP Org2MSP ,VALID,, 11593 18286,,WT,151,14766,0
2022-04-07T17:25:50.958Z,2250c93b816d99f559f3f3de1694949b194ef68b950460a4788e8bd21b545b67,Org1MSP,Func1,"[158"",""1282""]""",Org1MSP Org2MSP ,VALID, 1282 158,,,RT,151,14765,0
2022-04-07T17:25:50.959Z,e4ac84b137357d090cc0665b004690d0b175d79abd5af825d63464e156184e4b,Org1MSP,Func4,"[10006"",""1000600"",""12460"",""1246000""]""",Org1MSP Org2MSP ,VALID,, 10006 12460,,WT,151,14831,0
2022-04-07T17:25:50.960Z,a1a67e6cbada0877e64fbc83552c01ff2297e5e5108e26c5a2a605382665b903,Org1MSP,Func7,"[6"",""100"",""2625"",""100""]""",Org1MSP Org2MSP ,VALID, 2625 6, 2625 6,,UT,151,14811,0
2022-04-07T17:25:50.962Z,3b5c4669b754e4d1423fd6c39bb73691904a23d3df07c5d59f9e884f69d59ed2,Org1MSP,Func4,"[10030"",""1003000"",""10059"",""1005900""]""",Org1MSP Org2MSP ,VALID,, 10030 10059,,WT,151,14776,0
2022-04-07T17:25:50.963Z,87dde053129abb5391ee071ec4856f069d9fcbf83c1265826dc2f4730b79a908,Org1MSP,Func4,"[10002"",""1000200"",""10123"",""1012300""]""",Org1MSP Org2MSP ,VALID,, 10002 10123,,WT,151,14803,0
2022-04-07T17:25:50.963Z,7c17681dd6a4fb6f76bb4b9cb3ff1d26d94fabfef16e0cd47608d7ab57b4dec8,Org1MSP,Func1,"[51"",""1""]""",Org1MSP Org2MSP ,VALID, 1 51,,,RT,151,14841,0
2022-04-07T17:25:50.964Z,7fe2524f7ee291a02b23e03ba8d0dc50af90ebfb05f1aaa026eeb19f65d5e3e3,Org1MSP,Func1,"[1900"",""19""]""",Org1MSP Org2MSP ,VALID, 19 1900,,,RT,151,14796,0
2022-04-07T17:25:50.966Z,fda5fb1bf42f3885b39a5c2952b9cc5817263ea57ef9e8919296445f718fb994,Org1MSP,Func7,"[49"",""100"",""6235"",""100""]""",Org1MSP Org2MSP ,VALID, 49 6235, 49 6235,,UT,151,14838,0
2022-04-07T17:25:51.054Z,2aefcab0b2044efd0db0cd88bfae7db52b8f6405b12c45aac487ad69593abf84,Org1MSP,Func7,"[33"",""100"",""2"",""100""]""",Org1MSP Org2MSP ,VALID, 2 33, 2 33,,UT,151,14847,0
2022-04-07T17:25:51.058Z,cd587c542fe9700b503b8632db7fdf7054f124ebaa683d9403ba6c80e143988c,Org1MSP,Func4,"[11470"",""1147000"",""10346"",""1034600""]""",Org1MSP Org2MSP ,VALID,, 10346 11470,,WT,151,14826,0
2022-04-07T17:25:51.060Z,86cdf571fdb0cfe35ca23e5a9b616afb6d46e2919a7179e00da72254d046eed5,Org1MSP,Func4,"[11612"",""1161200"",""10045"",""1004500""]""",Org1MSP Org2MSP ,VALID,, 10045 11612,,WT,151,14801,0
2022-04-07T17:25:51.060Z,6563ecd3f2ac49fed88b92cd3d7ca5362ac5bff8480513f48b5f918cd3be5ec1,Org1MSP,Func1,"[1"",""451""]""",Org1MSP Org2MSP ,VALID, 1 451,,,RT,151,14842,0
2022-04-07T17:25:51.061Z,a7607b6ce7311521952db6dd5b2841dcaa6c6d5a74bbc28251b718946d116be9,Org1MSP,Func4,"[10005"",""1000500"",""10004"",""1000400""]""",Org1MSP Org2MSP ,VALID,, 10004 10005,,WT,151,14817,0
2022-04-07T17:25:51.061Z,479e62a2089daedec7b35c8feb6e8a9820c94b8b6c349d4872649b3d7cd2c166,Org1MSP,Func1,"[472"",""37""]""",Org1MSP Org2MSP ,VALID, 37 472,,,RT,151,14848,0
2022-04-07T17:25:51.064Z,64d34e343ec93277783b56412b8595984e87c500da697784a8dfbd16dec1a2e5,Org1MSP,Func4,"[10001"",""1000100"",""10000"",""1000000""]""",Org1MSP Org2MSP ,VALID,, 10000 10001,,WT,151,14782,0
2022-04-07T17:25:51.064Z,a59ec0d50536b53194aee080989ca4f53f60288de781e93f30b1d6dcf53d7058,Org1MSP,Func7,"[1539"",""100"",""3"",""100""]""",Org1MSP Org2MSP ,VALID, 1539 3, 1539 3,,UT,151,14815,0
2022-04-07T17:25:51.064Z,a7304eb1c35eb5e90ff85fc509c95e771a205a7b68207e4107f75b9703b3b922,Org1MSP,Func4,"[10002"",""1000200"",""10112"",""1011200""]""",Org1MSP Org2MSP ,VALID,, 10002 10112,,WT,151,14816,0
2022-04-07T17:25:51.066Z,4c5991b1a691965bfa13a97d0869ecd0956941fb9e95916b4d84e2a1907b90ae,Org1MSP,Func1,"[23"",""38""]""",Org1MSP Org2MSP ,VALID, 23 38,,,RT,151,14845,0
2022-04-07T17:25:51.154Z,82b83bd7f78059b08d61999ebe68f4f0570cdfa4712f40758cef3181760d9713,Org1MSP,Func1,"[16"",""81""]""",Org1MSP Org2MSP ,VALID, 16 81,,,RT,151,14799,0
2022-04-07T17:25:51.157Z,8c83a8d1de49e3824eaddfb97c3f9c6cdb7950a886bfc6962acd713bcbdc07ea,Org1MSP,Func7,"[24"",""100"",""46"",""100""]""",Org1MSP Org2MSP ,VALID, 24 46, 24 46,,UT,151,14805,0
2022-04-07T17:25:51.158Z,9b8e7d0a024ae84c0ef6d376bc30c7a2b9b3db4115d75bd6fb7df92938e44563,Org1MSP,Func1,"[5471"",""12""]""",Org1MSP Org2MSP ,VALID, 12 5471,,,RT,151,14809,0
2022-04-07T17:25:51.160Z,1ec7fa3546fc60919aa447e97cd938bc9198b41638b7329af4a4e887de1128d3,Org1MSP,Func4,"[10002"",""1000200"",""10246"",""1024600""]""",Org1MSP Org2MSP ,VALID,, 10002 10246,,WT,151,14764,0
2022-04-07T17:25:51.160Z,caf719ba409d18a2ec0787356e9a0ec5d9031a97dde09c232a4d4ef6e06e92bb,Org1MSP,Func4,"[14563"",""1456300"",""10027"",""1002700""]""",Org1MSP Org2MSP ,VALID,, 10027 14563,,WT,151,14825,0
2022-04-07T17:25:51.163Z,df497fa25e6bfd51c837baf3a89c2b69e06a5031efef5ccc367a305cc00f1886,Org1MSP,Func4,"[10183"",""1018300"",""10009"",""1000900""]""",Org1MSP Org2MSP ,VALID,, 10009 10183,,WT,151,14830,0
2022-04-07T17:25:51.164Z,4659b3ca6de6106fae855967690c27b4256a783a21c7dbbe20e278398cf23049,Org1MSP,Func4,"[10053"",""1005300"",""10000"",""1000000""]""",Org1MSP Org2MSP ,VALID,, 10000 10053,,WT,151,14778,0
2022-04-07T17:25:51.165Z,2ef38fe249ae3ea54a1116a75d7874775f2e696eb7d24986e43af633d29b78ca,Org1MSP,Func4,"[10125"",""1012500"",""10028"",""1002800""]""",Org1MSP Org2MSP ,VALID,, 10028 10125,,WT,151,14773,0
2022-04-07T17:25:51.165Z,ef9855d82366ed953a95bb0aca8f7ad440cc8b2ce92e2aea9c0a901ef9469627,Org1MSP,Func4,"[10003"",""1000300"",""16841"",""1684100""]""",Org1MSP Org2MSP ,VALID,, 10003 16841,,WT,151,14834,0
2022-04-07T17:25:51.255Z,b414a9057a67ef3f7eb051189c72df6162b2364ecc4035a48826fbdcadb56586,Org1MSP,Func4,"[10005"",""1000500"",""10007"",""1000700""]""",Org1MSP Org2MSP ,VALID,, 10005 10007,,WT,151,14820,0
2022-04-07T17:25:51.257Z,17e43558655e1b1c1ca8abb1f6404335e172ba11dc50869a31a394df0ed24916,Org1MSP,Func4,"[10000"",""1000000"",""11688"",""1168800""]""",Org1MSP Org2MSP ,VALID,, 10000 11688,,WT,151,14762,0
2022-04-07T17:25:51.259Z,a2cfefefbfb99f4f0d1140e1a0b38c74346fb305b5d3cfb7bd7ba5ababcf41f0,Org1MSP,Func1,"[45"",""5105""]""",Org1MSP Org2MSP ,VALID, 45 5105,,,RT,151,14813,0
2022-04-07T17:25:51.260Z,2a3062c340d2efb4df09627faf5ebaae86eadf5f0e3a3bcf5fc440bc984abd3f,Org1MSP,Func7,"[704"",""100"",""4309"",""100""]""",Org1MSP Org2MSP ,VALID, 4309 704, 4309 704,,UT,151,14771,0
2022-04-07T17:25:51.260Z,79d6a59ccc7c01207cf8b133517f4fcd252ee19acdd203890f3a54f76ef199e7,Org1MSP,Func4,"[10175"",""1017500"",""10009"",""1000900""]""",Org1MSP Org2MSP ,VALID,, 10009 10175,,WT,151,14792,0
2022-04-07T17:25:51.260Z,3b7fa17698680ba1c7d194be5c8ea4918ed1dc9e5199802d9718ebe9fde980d9,Org1MSP,Func1,"[1"",""129""]""",Org1MSP Org2MSP ,VALID, 1 129,,,RT,151,14843,0
2022-04-07T17:25:51.264Z,662433a0cb643c89ccdb9d09bad2fd95101dfb089363a5c89a492353e181a769,Org1MSP,Func4,"[10012"",""1001200"",""10024"",""1002400""]""",Org1MSP Org2MSP ,VALID,, 10012 10024,,WT,151,14783,0
2022-04-07T17:25:51.265Z,a41e5577f687e156b66aaeb9c3e468b45b36a858973a0a8daf87e0d62befae2d,Org1MSP,Func4,"[10061"",""1006100"",""10006"",""1000600""]""",Org1MSP Org2MSP ,VALID,, 10006 10061,,WT,151,14814,0
2022-04-07T17:25:51.266Z,9dcfce8df3baac1d0ba3b60928363a85fca272fb16e12d5ca0aa1ed1afa8131f,Org1MSP,Func4,"[15269"",""1526900"",""15509"",""1550900""]""",Org1MSP Org2MSP ,VALID,, 15269 15509,,WT,151,14810,0
2022-04-07T17:25:51.269Z,eb4a333c0d5d21a4102f2306b16781513e5727004a6a6ea6f580ebd21206dc61,Org1MSP,Func4,"[10007"",""1000700"",""10008"",""1000800""]""",Org1MSP Org2MSP ,VALID,, 10007 10008,,WT,151,14832,0
2022-04-07T17:25:51.355Z,75eac9297b97a5206ac1f2e0ec274b9125ecd4ecfb1d5268b577e388a34a2e67,Org1MSP,Func4,"[12484"",""1248400"",""10086"",""1008600""]""",Org1MSP Org2MSP ,VALID,, 10086 12484,,WT,152,14898,0
2022-04-07T17:25:51.357Z,6347a46a88592d1f00f6a8de9c44530c741dd3b44490e3474b57214e8ff59588,Org1MSP,Func4,"[10081"",""1008100"",""10072"",""1007200""]""",Org1MSP Org2MSP ,VALID,, 10072 10081,,WT,152,14892,0
2022-04-07T17:25:51.358Z,2e1a4210f9f9f2bf0c3565fcb86e4845a912837e685e6ea8ae6d775758cb8081,Org1MSP,Func1,"[1"",""404""]""",Org1MSP Org2MSP ,VALID, 1 404,,,RT,152,14870,0
2022-04-07T17:25:51.359Z,2c2c568ce51db79d485dd329cb1a19fd102c62fbf4e950812b6ab6e80b8bfac9,Org1MSP,Func4,"[10000"",""1000000"",""10280"",""1028000""]""",Org1MSP Org2MSP ,VALID,, 10000 10280,,WT,152,14868,0
2022-04-07T17:25:51.360Z,fad61571f05430e417d7a4a5163301ac012e20daf4c57d85f62cf54f47dc8b87,Org1MSP,Func4,"[10023"",""1002300"",""11505"",""1150500""]""",Org1MSP Org2MSP ,VALID,, 10023 11505,,WT,152,14941,0
2022-04-07T17:25:51.362Z,135ee1b639f3bc899bfbb8fd01eab722a840fe8168f5eb949d0f4894d9240d07,Org1MSP,Func4,"[10068"",""1006800"",""10027"",""1002700""]""",Org1MSP Org2MSP ,VALID,, 10027 10068,,WT,152,14859,0
2022-04-07T17:25:51.362Z,c1b117af6b8d8bf587c65bbfd10cdf6f40d97f7d36e6525248a7ad793892f61c,Org1MSP,Func4,"[11653"",""1165300"",""13807"",""1380700""]""",Org1MSP Org2MSP ,VALID,, 11653 13807,,WT,152,14924,0
2022-04-07T17:25:51.363Z,fc904c494dbba54e0de181a0a5fbea79417bdbffaaea2dafed99b509ae350d85,Org1MSP,Func7,"[5138"",""100"",""51"",""100""]""",Org1MSP Org2MSP ,VALID, 51 5138, 51 5138,,UT,152,14944,0
2022-04-07T17:25:51.364Z,04b4099063baf25af64d9def13a7a8a93a75d9c76cc85e3562f6ef09adfaaec8,Org1MSP,Func7,"[42"",""100"",""210"",""100""]""",Org1MSP Org2MSP ,VALID, 210 42, 210 42,,UT,152,14852,0
2022-04-07T17:25:51.367Z,c76a66ea22ffebd0096d25406264fa18e44aa4da3d8e0acccdca37d36ebf06a4,Org1MSP,Func4,"[10434"",""1043400"",""10000"",""1000000""]""",Org1MSP Org2MSP ,VALID,, 10000 10434,,WT,152,14927,0
2022-04-07T17:25:51.455Z,dfa3afe0471bc431c884b703773b34e77e2e583167091faa2f753aa3c1b8e859,Org1MSP,Func1,"[1901"",""1091""]""",Org1MSP Org2MSP ,VALID, 1091 1901,,,RT,152,14937,0
2022-04-07T17:25:51.458Z,2aed49e4fa08a4d19a11a72065a1b28542497dadfb69f0fa0dd4ad5c3e224104,Org1MSP,Func4,"[10014"",""1001400"",""11957"",""1195700""]""",Org1MSP Org2MSP ,VALID,, 10014 11957,,WT,152,14867,0
2022-04-07T17:25:51.458Z,bc13083d9242576d1cdcba292efd36655eb890023900fb9c557270bca7a3b031,Org1MSP,Func4,"[14717"",""1471700"",""13576"",""1357600""]""",Org1MSP Org2MSP ,VALID,, 13576 14717,,WT,152,14922,0
2022-04-07T17:25:51.460Z,de9022e7593c95f82d46a09651b01cde3cdb451158bc2fc75b61ba41f84fee8a,Org1MSP,Func4,"[10112"",""1011200"",""17999"",""1799900""]""",Org1MSP Org2MSP ,VALID,, 10112 17999,,WT,152,14936,0
2022-04-07T17:25:51.461Z,77b345b8eb9fcb745ca5c4e0c618a259d0f3d2c8bae8735d874c900c809ce9eb,Org1MSP,Func1,"[19"",""9""]""",Org1MSP Org2MSP ,VALID, 19 9,,,RT,152,14899,0
2022-04-07T17:25:51.461Z,c6dab280607ac3dc5e47b733dd5d3147dcc1ff1e8205dc2d56b5cbe981fb2324,Org1MSP,Func4,"[10013"",""1001300"",""10018"",""1001800""]""",Org1MSP Org2MSP ,VALID,, 10013 10018,,WT,152,14926,0
2022-04-07T17:25:51.462Z,d36ad1ac920cb16efe8174ddd51ec385f29715c105775f1f18ba10b636ee367c,Org1MSP,Func1,"[908"",""140""]""",Org1MSP Org2MSP ,VALID, 140 908,,,RT,152,14933,0
2022-04-07T17:25:51.463Z,623dad171e85622ae268d091d41199484db3d4c38a5b69389d25cbe911f2260d,Org1MSP,Func4,"[10016"",""1001600"",""10112"",""1011200""]""",Org1MSP Org2MSP ,VALID,, 10016 10112,,WT,152,14890,0
2022-04-07T17:25:51.464Z,24c8b3007cf1bc4d1531f4511d82f89b61ff25d59ee44839a1423dd63a1ef56e,Org1MSP,Func4,"[10003"",""1000300"",""10163"",""1016300""]""",Org1MSP Org2MSP ,VALID,, 10003 10163,,WT,152,14866,0
2022-04-07T17:25:51.555Z,a31a2f245e7e556486aa2c003223720fc03a202dea5ae524cba7c836f2509914,Org1MSP,Func4,"[10002"",""1000200"",""11937"",""1193700""]""",Org1MSP Org2MSP ,VALID,, 10002 11937,,WT,152,14916,0
2022-04-07T17:25:51.557Z,804516c612a8d168d5516eebef0c0c764f95fcdda0c0b472ffcd577dafc979d3,Org1MSP,Func4,"[10005"",""1000500"",""10243"",""1024300""]""",Org1MSP Org2MSP ,VALID,, 10005 10243,,WT,152,14902,0
2022-04-07T17:25:51.559Z,37e3c3f8884d779b47078ca1e3c6fe2d472d23bc43465b0eac0da1a69d76e53e,Org1MSP,Func1,"[1558"",""2""]""",Org1MSP Org2MSP ,VALID, 1558 2,,,RT,152,14876,0
2022-04-07T17:25:51.559Z,56512208ed1db2a9ca6b04f03e6b15466c01e3dc17633f96c3b95accbf7963aa,Org1MSP,Func4,"[10043"",""1004300"",""13804"",""1380400""]""",Org1MSP Org2MSP ,VALID,, 10043 13804,,WT,152,14885,0
2022-04-07T17:25:51.560Z,0c897909b6278448fa2989bcc3cdc388be59afa40d8b7f40086e3bb4ac53af82,Org1MSP,Func4,"[14045"",""1404500"",""10006"",""1000600""]""",Org1MSP Org2MSP ,VALID,, 10006 14045,,WT,152,14855,0
2022-04-07T17:25:51.560Z,358ffb72770394e34d24deef285a647d716681f2b65f4c95e55873b805c1b68d,Org1MSP,Func7,"[27"",""100"",""4115"",""100""]""",Org1MSP Org2MSP ,VALID, 27 4115, 27 4115,,UT,152,14875,0
2022-04-07T17:25:51.562Z,2253e5a0d9b49dab9bab43e2af570ef29fb79c6de822daec06558087374d22d4,Org1MSP,Func1,"[264"",""8""]""",Org1MSP Org2MSP ,VALID, 264 8,,,RT,152,14865,0
2022-04-07T17:25:51.563Z,d48ad391f6527a40accd57813aa846f53cff81c1b47bf4a7daa82ae6efd6bd99,Org1MSP,Func1,"[468"",""1""]""",Org1MSP Org2MSP ,VALID, 1 468,,,RT,152,14934,0
2022-04-07T17:25:51.564Z,f41911168f81e2986506c5361fecac4999f103545c4b149719f7a263c3522640,Org1MSP,Func4,"[10006"",""1000600"",""10056"",""1005600""]""",Org1MSP Org2MSP ,VALID,, 10006 10056,,WT,152,14938,0
2022-04-07T17:25:51.566Z,91d0f7f0beaa3fdbf450cdf8e43889cd0be2aaf15a096d697f97bfd8eeb60323,Org1MSP,Func4,"[10020"",""1002000"",""10152"",""1015200""]""",Org1MSP Org2MSP ,VALID,, 10020 10152,,WT,152,14910,0
2022-04-07T17:25:51.656Z,f85cabad04a58a7dde16d166ee1f284e0a33977a163c1751677b54794653be59,Org1MSP,Func4,"[10105"",""1010500"",""10009"",""1000900""]""",Org1MSP Org2MSP ,VALID,, 10009 10105,,WT,152,14940,0
2022-04-07T17:25:51.658Z,7a92cc9284f69b44c615bfcc5c56a32a002dee69fc3e3ffb35a176f531d64bb7,Org1MSP,Func4,"[12011"",""1201100"",""11757"",""1175700""]""",Org1MSP Org2MSP ,VALID,, 11757 12011,,WT,152,14901,0
2022-04-07T17:25:51.659Z,8d3b1ec012c4b9b61da9c06496220d00231416ae309674daa2289dac686fa37c,Org1MSP,Func4,"[10004"",""1000400"",""10044"",""1004400""]""",Org1MSP Org2MSP ,VALID,, 10004 10044,,WT,152,14906,0
2022-04-07T17:25:51.660Z,6fc4ad5b20ed18d472efb74c66c20169ee734239c0864a5939e36af12c319123,Org1MSP,Func4,"[10002"",""1000200"",""10005"",""1000500""]""",Org1MSP Org2MSP ,VALID,, 10002 10005,,WT,152,14896,0
2022-04-07T17:25:51.661Z,4fa0c438739116bd802d394a1f7a80cf617c543e3e0f19df03dded4508169e7c,Org1MSP,Func4,"[10108"",""1010800"",""10001"",""1000100""]""",Org1MSP Org2MSP ,VALID,, 10001 10108,,WT,152,14879,0
2022-04-07T17:25:51.662Z,c27cd5f0963aae14f68b80970fec8aa16f9836fe7519e3b7de10448362b4367f,Org1MSP,Func1,"[398"",""3339""]""",Org1MSP Org2MSP ,VALID, 3339 398,,,RT,152,14925,0
2022-04-07T17:25:51.663Z,2ce67c738d55d349dd38c48b61dd74615af4332073473e9c1c097e372196db57,Org1MSP,Func4,"[10076"",""1007600"",""10042"",""1004200""]""",Org1MSP Org2MSP ,VALID,, 10042 10076,,WT,152,14869,0
2022-04-07T17:25:51.664Z,93e6a6fe29569090ab827a21dc0829ec187f4e04d8e95d44092c802a2d7f0d4a,Org1MSP,Func4,"[10000"",""1000000"",""10000"",""1000000""]""",Org1MSP Org2MSP ,VALID,, 10000,,WT,152,14911,0
2022-04-07T17:25:51.666Z,fb7f3ccc9f489755fb6286906c4bed43e12f01b63335d07105c4531b5551fd10,Org1MSP,Func4,"[10007"",""1000700"",""10001"",""1000100""]""",Org1MSP Org2MSP ,VALID,, 10001 10007,,WT,152,14942,0
2022-04-07T17:25:51.755Z,d8f94bd25b6c6bc9c0a369613c8cb6559a2809b7333829f38afd6480dc152548,Org1MSP,Func4,"[18201"",""1820100"",""10000"",""1000000""]""",Org1MSP Org2MSP ,VALID,, 10000 18201,,WT,152,14935,0
2022-04-07T17:25:51.757Z,fc61902a41cc81ff2ec50be122ac2f3c06d254b5995ce586baabaf2108f2a28c,Org1MSP,Func4,"[10317"",""1031700"",""10007"",""1000700""]""",Org1MSP Org2MSP ,VALID,, 10007 10317,,WT,152,14943,0
2022-04-07T17:25:51.758Z,907543d23cd9df16aa94c541a3c40f8000e24a365d5c641a7bc5dbb4f4181fe6,Org1MSP,Func7,"[7854"",""100"",""83"",""100""]""",Org1MSP Org2MSP ,VALID, 7854 83, 7854 83,,UT,152,14908,0
2022-04-07T17:25:51.759Z,cf5f9d170659a9b4ec09e6f5ca12396f467f5a197b20868725aa6d0e2c3abd11,Org1MSP,Func4,"[10165"",""1016500"",""10003"",""1000300""]""",Org1MSP Org2MSP ,VALID,, 10003 10165,,WT,152,14931,0
2022-04-07T17:25:51.760Z,16ccd0dc7eccd3d216f88ef1f8542ed265973313d6d517e2d661ea2ddd5d9bdc,Org1MSP,Func1,"[19"",""58""]""",Org1MSP Org2MSP ,VALID, 19 58,,,RT,152,14862,0
2022-04-07T17:25:51.761Z,62d0b182cb03e367953d5d5df50c32636c12d8dd02ac1a2268f8ff66211b989e,Org1MSP,Func4,"[10806"",""1080600"",""10091"",""1009100""]""",Org1MSP Org2MSP ,VALID,, 10091 10806,,WT,152,14891,0
2022-04-07T17:25:51.762Z,01f7c6b952c5839838c26c2f7e3079b68d258e7cb612173f1621c2d63174f84d,Org1MSP,Func4,"[12531"",""1253100"",""11284"",""1128400""]""",Org1MSP Org2MSP ,VALID,, 11284 12531,,WT,152,14850,0
2022-04-07T17:25:51.763Z,c8cafbb525ec123352a5da5197e4db94bf97c93b6d1dfd1056f722c0d4ec87a0,Org1MSP,Func7,"[20"",""100"",""10"",""100""]""",Org1MSP Org2MSP ,VALID, 10 20, 10 20,,UT,152,14928,0
2022-04-07T17:25:51.764Z,324770257ee5fb1ea63040969272888e0b68945243f71f9435f8e462ce6cfe54,Org1MSP,Func4,"[10015"",""1001500"",""10029"",""1002900""]""",Org1MSP Org2MSP ,VALID,, 10015 10029,,WT,152,14874,0
2022-04-07T17:25:51.766Z,cb9cd9c75ec8405a078362349b495c3237e80fe9e81a9ff7e912e8c586251769,Org1MSP,Func1,"[3"",""2027""]""",Org1MSP Org2MSP ,VALID, 2027 3,,,RT,152,14929,0
2022-04-07T17:25:51.854Z,96180a70d8504f23f2ce99f21799493c87a0ae1dd159200c5e36d3036d80d3cb,Org1MSP,Func1,"[74"",""526""]""",Org1MSP Org2MSP ,VALID, 526 74,,,RT,152,14913,0
2022-04-07T17:25:51.858Z,64ba3c37d462a8234e701564c4c666b3e603db457536420bc9282bcaba28e9cf,Org1MSP,Func4,"[11295"",""1129500"",""14437"",""1443700""]""",Org1MSP Org2MSP ,VALID,, 11295 14437,,WT,152,14893,0
2022-04-07T17:25:51.858Z,82c2277185d3a03c410b538d0bb0869a3d93cf04664d59557e16ad1472afebc1,Org1MSP,Func1,"[7989"",""368""]""",Org1MSP Org2MSP ,VALID, 368 7989,,,RT,152,14903,0
2022-04-07T17:25:51.860Z,ffe01798f2a5902101b25dbdd1f7022356bb6b4645dbb40550a37b7efe91786f,Org1MSP,Func7,"[75"",""100"",""57"",""100""]""",Org1MSP Org2MSP ,VALID, 57 75, 57 75,,UT,152,14945,0
2022-04-07T17:25:51.861Z,8ad03b186c555ea7689814aa5d1e887c56abf6e63b50a93fbc4a47a5f680ef0d,Org1MSP,Func4,"[10024"",""1002400"",""10165"",""1016500""]""",Org1MSP Org2MSP ,VALID,, 10024 10165,,WT,152,14904,0
2022-04-07T17:25:51.861Z,cdb25c3900d90c7c9e99584860fbec4047f6cf1f014bf757ffc17bebd05e09dc,Org1MSP,Func4,"[10708"",""1070800"",""10015"",""1001500""]""",Org1MSP Org2MSP ,VALID,, 10015 10708,,WT,152,14930,0
2022-04-07T17:25:51.863Z,2e34841a14515af2e452725fe9013f621e2918eaab836295983bb54e22403141,Org1MSP,Func4,"[10000"",""1000000"",""10333"",""1033300""]""",Org1MSP Org2MSP ,VALID,, 10000 10333,,WT,152,14871,0
2022-04-07T17:25:51.863Z,6083f15d21721f229b72d2ee11687f085157b404c37a7cd04c20ee571124b1c6,Org1MSP,Func4,"[11302"",""1130200"",""10851"",""1085100""]""",Org1MSP Org2MSP ,VALID,, 10851 11302,,WT,152,14888,0
2022-04-07T17:25:51.864Z,0928d497c123819d5885a595378952a08211fb9c8ecfe524a31a951511a662b1,Org1MSP,Func4,"[10013"",""1001300"",""13847"",""1384700""]""",Org1MSP Org2MSP ,VALID,, 10013 13847,,WT,152,14854,0
2022-04-07T17:25:51.866Z,3cff477075b1125b007861fd29722bfd4785e442986c9ab6ea38876b6f2e1925,Org1MSP,Func4,"[10000"",""1000000"",""10209"",""1020900""]""",Org1MSP Org2MSP ,VALID,, 10000 10209,,WT,152,14877,0
2022-04-07T17:25:51.955Z,1e824b7177621860c77c871a3436311288c047bb25ba49b89e8894685a5f03b9,Org1MSP,Func4,"[10029"",""1002900"",""10038"",""1003800""]""",Org1MSP Org2MSP ,VALID,, 10029 10038,,WT,152,14864,0
2022-04-07T17:25:51.957Z,0727f67bcc24e9d347726f5a15be360ac90b8d254683d40455dcd66052e11cc7,Org1MSP,Func4,"[10498"",""1049800"",""10188"",""1018800""]""",Org1MSP Org2MSP ,VALID,, 10188 10498,,WT,152,14853,0
2022-04-07T17:25:51.958Z,d1c2f36ee3c31c5329a81e83b32f13923696503f161000baf6f6edf62781f7db,Org1MSP,Func4,"[10003"",""1000300"",""10001"",""1000100""]""",Org1MSP Org2MSP ,VALID,, 10001 10003,,WT,152,14932,0
2022-04-07T17:25:51.960Z,155b06dd7f03ee4f37f42120e165beeb58515df8e0cd4d646c1d09c7873bf2a8,Org1MSP,Func4,"[10004"",""1000400"",""10629"",""1062900""]""",Org1MSP Org2MSP ,VALID,, 10004 10629,,WT,152,14861,0
2022-04-07T17:25:51.960Z,1bed4e6bd6488c4973db87f35d0b0eb76a4b7fa11835f3e2339cf2fd2b7d04b2,Org1MSP,Func4,"[13002"",""1300200"",""10008"",""1000800""]""",Org1MSP Org2MSP ,VALID,, 10008 13002,,WT,152,14863,0
2022-04-07T17:25:51.961Z,9437f37bd22fe110b6c9186cbd44142b2030e4d68e5437ffa7683c5833b694e8,Org1MSP,Func4,"[10002"",""1000200"",""10020"",""1002000""]""",Org1MSP Org2MSP ,VALID,, 10002 10020,,WT,152,14912,0
2022-04-07T17:25:51.963Z,5aafc08b4ff6d0449c1b6905a2555b6486f03a6c48f2dbdf76d85e8cfdb6e958,Org1MSP,Func4,"[10536"",""1053600"",""10010"",""1001000""]""",Org1MSP Org2MSP ,VALID,, 10010 10536,,WT,152,14887,0
2022-04-07T17:25:51.964Z,6e9c4f46ff17a98733af48f7bd10c29896b1ffdfac2a76456731f25cf0f77e2c,Org1MSP,Func4,"[10000"",""1000000"",""10125"",""1012500""]""",Org1MSP Org2MSP ,VALID,, 10000 10125,,WT,152,14895,0
2022-04-07T17:25:51.964Z,a6dfebda8a1001534420de8d43c32f3f307e31da8f452bb27059db3c0d8aa388,Org1MSP,Func4,"[10004"",""1000400"",""10005"",""1000500""]""",Org1MSP Org2MSP ,VALID,, 10004 10005,,WT,152,14917,0
2022-04-07T17:25:51.966Z,6d94b40c082a596cfdad1c79df994e1c319f38ea4bb404dcce9b007c45f51349,Org1MSP,Func4,"[12345"",""1234500"",""10056"",""1005600""]""",Org1MSP Org2MSP ,VALID,, 10056 12345,,WT,152,14894,0
2022-04-07T17:25:52.055Z,8c3a3d31f6f4410e6a2d06434117c41f6133ad04cc26e8ba083f1ad2d4d06a5f,Org1MSP,Func4,"[10004"",""1000400"",""10002"",""1000200""]""",Org1MSP Org2MSP ,VALID,, 10002 10004,,WT,152,14905,0
2022-04-07T17:25:52.056Z,4be172719bab2532896387c6238a7e613f7052eecdfe3a185a2722091f572373,Org1MSP,Func4,"[10031"",""1003100"",""10069"",""1006900""]""",Org1MSP Org2MSP ,VALID,, 10031 10069,,WT,152,14878,0
2022-04-07T17:25:52.059Z,02e7c5861cb10ffd3f4a19e11a234a7605a5191fc5ed07a2d070b80309194e3c,Org1MSP,Func4,"[10009"",""1000900"",""10157"",""1015700""]""",Org1MSP Org2MSP ,VALID,, 10009 10157,,WT,152,14851,0
2022-04-07T17:25:52.059Z,9f98ba21eb86ec52f49cc0d1b057af9c57293132f3ff92c51eb7e39f5ef95bc4,Org1MSP,Func7,"[233"",""100"",""3"",""100""]""",Org1MSP Org2MSP ,VALID, 233 3, 233 3,,UT,152,14947,0
2022-04-07T17:25:52.061Z,11aeecacb52f0c08e15a9ae786601efb446d7ea2fe855e50ff52f51eaa373c23,Org1MSP,Func1,"[109"",""8177""]""",Org1MSP Org2MSP ,VALID, 109 8177,,,RT,152,14857,0
2022-04-07T17:25:52.062Z,9bf11e04a00b951554061eae1fd9783e9386e2db1a39abe9571a75813ee82511,Org1MSP,Func4,"[11185"",""1118500"",""10000"",""1000000""]""",Org1MSP Org2MSP ,VALID,, 10000 11185,,WT,152,14915,0
2022-04-07T17:25:52.063Z,2ffa2bef3641d722d9656d7f30a67c779ac87c709553a64e0f3226ff2e6824e6,Org1MSP,Func4,"[10824"",""1082400"",""19073"",""1907300""]""",Org1MSP Org2MSP ,VALID,, 10824 19073,,WT,152,14872,0
2022-04-07T17:25:52.063Z,75d881b9f7fae8e607b11901b3338eb5e2e2c6a1163270dcdbd3772c26ecddfe,Org1MSP,Func7,"[86"",""100"",""679"",""100""]""",Org1MSP Org2MSP ,VALID, 679 86, 679 86,,UT,152,14897,0
2022-04-07T17:25:52.064Z,51a541c87f907f67f1af294d013bb3f235be90e9062fd07b6277f0ab0bb719ef,Org1MSP,Func4,"[10001"",""1000100"",""10000"",""1000000""]""",Org1MSP Org2MSP ,VALID,, 10000 10001,,WT,152,14880,0
2022-04-07T17:25:52.065Z,aa006aa86b31bb2ab9d67ec6596730f92cfc3fd74cfce5fb40baf84630857d84,Org1MSP,Func4,"[10000"",""1000000"",""19813"",""1981300""]""",Org1MSP Org2MSP ,VALID,, 10000 19813,,WT,152,14919,0
2022-04-07T17:25:52.155Z,f541bb5afa5f69b68595e678c006ca09c2d454d92c321201b8975755f28c8d46,Org1MSP,Func4,"[10081"",""1008100"",""10004"",""1000400""]""",Org1MSP Org2MSP ,VALID,, 10004 10081,,WT,152,14939,0
2022-04-07T17:25:52.157Z,5256e56e28184ada3bc606005a44a63bc4e21fa58e278c50f148897449b0c0ab,Org1MSP,Func4,"[10016"",""1001600"",""10002"",""1000200""]""",Org1MSP Org2MSP ,VALID,, 10002 10016,,WT,152,14881,0
2022-04-07T17:25:52.158Z,91d0291bd05dc94f20d4780ff80d5656e1c77f240c03ae59c27ac3d7a91cdbd6,Org1MSP,Func7,"[325"",""100"",""44"",""100""]""",Org1MSP Org2MSP ,VALID, 325 44, 325 44,,UT,152,14909,0
2022-04-07T17:25:52.159Z,140f106cf540a469625024b5d04ccdfc5f7347bab22759060b25cc7db7170ffb,Org1MSP,Func4,"[11132"",""1113200"",""15443"",""1544300""]""",Org1MSP Org2MSP ,VALID,, 11132 15443,,WT,152,14860,0
2022-04-07T17:25:52.160Z,78bb265628ea88c75cf43f7c3fc06acbf048e655e4931d525ed349fb2ffbff06,Org1MSP,Func4,"[10202"",""1020200"",""11713"",""1171300""]""",Org1MSP Org2MSP ,VALID,, 10202 11713,,WT,152,14900,0
2022-04-07T17:25:52.162Z,53338798be062c0b5112ce4c20526a4165598d981fb329b18d6c02b623fac1ad,Org1MSP,Func4,"[10098"",""1009800"",""10586"",""1058600""]""",Org1MSP Org2MSP ,VALID,, 10098 10586,,WT,152,14882,0
2022-04-07T17:25:52.163Z,e5ed8e2619ca1d468ea361788c2f03cc59e40d1aaded7670df1504bcdc8b0012,Org1MSP,Func1,"[1"",""529""]""",Org1MSP Org2MSP ,VALID, 1 529,,,RT,152,14948,0
2022-04-07T17:25:52.164Z,131530e79c1bd1176c23fab6ffc13e3cc160e56b34d183f978de725881940de5,Org1MSP,Func4,"[11009"",""1100900"",""10317"",""1031700""]""",Org1MSP Org2MSP ,VALID,, 10317 11009,,WT,152,14858,0
2022-04-07T17:25:52.165Z,506a01962e81cde261d8e392bf5e0dc4a7ebec25a77c6e4bc8e561f8c60f58ff,Org1MSP,Func7,"[1"",""100"",""494"",""100""]""",Org1MSP Org2MSP ,VALID, 1 494, 1 494,,UT,152,14949,0
2022-04-07T17:25:52.166Z,5442c60fb72e83cc890ba7659545a77ab5d27c4178861355953bf51bbd41bf31,Org1MSP,Func4,"[10098"",""1009800"",""13744"",""1374400""]""",Org1MSP Org2MSP ,VALID,, 10098 13744,,WT,152,14883,0
2022-04-07T17:25:52.255Z,3157d3c33be115f5d4bc235ecf57a3980cc435d698d07e32627ea23e204f864e,Org1MSP,Func7,"[301"",""100"",""3865"",""100""]""",Org1MSP Org2MSP ,VALID, 301 3865, 301 3865,,UT,152,14873,0
2022-04-07T17:25:52.258Z,97e69426f61ca409131d3db32e219af8c710b15cdfbaf6b38b33ea4bdd0e0580,Org1MSP,Func4,"[10009"",""1000900"",""11774"",""1177400""]""",Org1MSP Org2MSP ,VALID,, 10009 11774,,WT,152,14914,0
2022-04-07T17:25:52.260Z,60b3bd350aab517b4dbc5ca9fff2341b9d38b85ea948ab2a91ce6c37922d3b84,Org1MSP,Func1,"[5"",""70""]""",Org1MSP Org2MSP ,VALID, 5 70,,,RT,152,14889,0
2022-04-07T17:25:52.260Z,8e1c39801e420a78b1ddd7b27efcda6e45ca09b16547f20352942f8df4f4700c,Org1MSP,Func4,"[10007"",""1000700"",""13297"",""1329700""]""",Org1MSP Org2MSP ,VALID,, 10007 13297,,WT,152,14907,0
2022-04-07T17:25:52.262Z,0ff63a7c78f99e30b4d86739ec2e28ef079277ec425f172c2166896fb762584c,Org1MSP,Func1,"[58"",""3464""]""",Org1MSP Org2MSP ,VALID, 3464 58,,,RT,152,14856,0
2022-04-07T17:25:52.262Z,30ac1f0aecd880447a4f313fecb9c95c6f6d5bbd92385508b3218f23b0f8649a,Org1MSP,Func1,"[33"",""80""]""",Org1MSP Org2MSP ,VALID, 33 80,,,RT,152,14946,0
2022-04-07T17:25:52.263Z,54d66dcf56387a7da52176b5c4637f8b40ec8c4ce886ed2ae9176a2c678e850f,Org1MSP,Func4,"[10013"",""1001300"",""10002"",""1000200""]""",Org1MSP Org2MSP ,VALID,, 10002 10013,,WT,152,14884,0
2022-04-07T17:25:52.265Z,b281b1837d5e7fb8a56c0134e6ddf92003bf173d4f422845f4d1aa873d1aa51d,Org1MSP,Func4,"[10432"",""1043200"",""10380"",""1038000""]""",Org1MSP Org2MSP ,VALID,, 10380 10432,,WT,152,14921,0
2022-04-07T17:25:52.266Z,bee2fde178e97ba00c9ee0564b04d32f5fe5ba1bdf946eb0df9ecd7471243a83,Org1MSP,Func4,"[10025"",""1002500"",""12923"",""1292300""]""",Org1MSP Org2MSP ,VALID,, 10025 12923,,WT,152,14923,0
2022-04-07T17:25:52.355Z,a75c52d0f1125d37ab29d089b1aa07205d7b5418239d464fa69a5caaeabea1dc,Org1MSP,Func4,"[11463"",""1146300"",""12844"",""1284400""]""",Org1MSP Org2MSP ,VALID,, 11463 12844,,WT,152,14918,0
2022-04-07T17:25:52.358Z,aadaf01c3151805ec401cb72af8765bc3681ab78031d98104db179d0169fa5ef,Org1MSP,Func1,"[9920"",""99""]""",Org1MSP Org2MSP ,VALID, 99 9920,,,RT,152,14920,0
2022-04-07T17:25:52.358Z,f1129382b5dfdc77ee86cedd973dc616b8f376b114da2b9cd6a2e8f261f3a515,Org1MSP,Func4,"[10354"",""1035400"",""10000"",""1000000""]""",Org1MSP Org2MSP ,VALID,, 10000 10354,,WT,153,15036,0
2022-04-07T17:25:52.360Z,57bba138fbb4a9e2851afb62f75d830dcb1fb515b2f0448241bd6a5f634c71e0,Org1MSP,Func4,"[10000"",""1000000"",""10036"",""1003600""]""",Org1MSP Org2MSP ,VALID,, 10000 10036,,WT,152,14886,0
2022-04-07T17:25:52.360Z,59792bf2977c66bf3f7c813b731bf44cb898ac088c0d26ba37a7633d8d65c45a,Org1MSP,Func7,"[153"",""100"",""88"",""100""]""",Org1MSP Org2MSP ,VALID, 153 88, 153 88,,UT,153,14988,0
2022-04-07T17:25:52.362Z,3954dab200b4be4a6450c14b1c9cfcb9c1a291cee6fd122fadee97d55e8884d2,Org1MSP,Func4,"[10002"",""1000200"",""10000"",""1000000""]""",Org1MSP Org2MSP ,VALID,, 10000 10002,,WT,153,14975,0
2022-04-07T17:25:52.363Z,c22a5a0d6cd05e5f9c92cfa87a65496c97972f0220aae542ce5152fce67f0efc,Org1MSP,Func4,"[10000"",""1000000"",""10015"",""1001500""]""",Org1MSP Org2MSP ,VALID,, 10000 10015,,WT,153,15017,0
2022-04-07T17:25:52.364Z,0e0e9e196554147189c05ecca827bb4cefd7a3ab848b88579f217efd534968ca,Org1MSP,Func4,"[10078"",""1007800"",""11182"",""1118200""]""",Org1MSP Org2MSP ,VALID,, 10078 11182,,WT,153,14959,0
2022-04-07T17:25:52.366Z,2823fba2cc648ab30514372f95feb688ac11b881d676704211aa6e556ac5458b,Org1MSP,Func4,"[10704"",""1070400"",""19110"",""1911000""]""",Org1MSP Org2MSP ,VALID,, 10704 19110,,WT,153,14967,0
2022-04-07T17:25:52.455Z,f14e136c43a82ceb6d83e43aba34c3b7d70d25527f9278465ac6522809b79d60,Org1MSP,Func7,"[25"",""100"",""4910"",""100""]""",Org1MSP Org2MSP ,VALID, 25 4910, 25 4910,,UT,153,15037,0
2022-04-07T17:25:52.458Z,773f4431b1e2f0b1ba67560b862d1918d1ff7f822e536bd28450c2e95eee2642,Org1MSP,Func4,"[11122"",""1112200"",""10037"",""1003700""]""",Org1MSP Org2MSP ,VALID,, 10037 11122,,WT,153,15001,0
2022-04-07T17:25:52.458Z,db103042c396f3e2b757c39370dc80234039f18952f7be35ea9aed5b31b3fc5b,Org1MSP,Func4,"[10016"",""1001600"",""10207"",""1020700""]""",Org1MSP Org2MSP ,VALID,, 10016 10207,,WT,153,15027,0
2022-04-07T17:25:52.459Z,3aa7d94008f38be5e8371cadcd959087bf49b7cbed588a89c5dc0e08dc8593c7,Org1MSP,Func4,"[10000"",""1000000"",""10055"",""1005500""]""",Org1MSP Org2MSP ,VALID,, 10000 10055,,WT,153,14977,0
2022-04-07T17:25:52.460Z,7415daf9ccc089da8d7a091b2f0d4a355d0d8da370de27017b74db43379d5423,Org1MSP,Func4,"[12410"",""1241000"",""12247"",""1224700""]""",Org1MSP Org2MSP ,VALID,, 12247 12410,,WT,153,15000,0
2022-04-07T17:25:52.462Z,330766ca52ce948d8c0fa7db880788f879667dd4a64f8b67241aa653b01973af,Org1MSP,Func1,"[24"",""4""]""",Org1MSP Org2MSP ,VALID, 24 4,,,RT,153,14971,0
2022-04-07T17:25:52.462Z,d4accaf6926d9882cb454d6ad74e164df9dc3b53bb40cd4b8c40809d131f81fd,Org1MSP,Func4,"[10000"",""1000000"",""10000"",""1000000""]""",Org1MSP Org2MSP ,VALID,, 10000,,WT,153,15023,0
2022-04-07T17:25:52.463Z,b51bb95afa3e0e0680a2fcca0d60d69a4c0851fed3aafe98fa06317145cf760a,Org1MSP,Func7,"[267"",""100"",""1844"",""100""]""",Org1MSP Org2MSP ,VALID, 1844 267, 1844 267,,UT,153,15013,0
2022-04-07T17:25:52.465Z,78be45ec7f2c8ae9d5f76775529ccd5dd7b394173535f12bca314a52be86515e,Org1MSP,Func4,"[10006"",""1000600"",""10071"",""1007100""]""",Org1MSP Org2MSP ,VALID,, 10006 10071,,WT,153,15002,0
2022-04-07T17:25:52.468Z,6476f0379f04d603c111470d79f00627a46db87882c84c44a91c781fe5fc5d36,Org1MSP,Func4,"[10003"",""1000300"",""10985"",""1098500""]""",Org1MSP Org2MSP ,VALID,, 10003 10985,,WT,153,14991,0
2022-04-07T17:25:52.555Z,fa8f48d63a4a279b1a3dc78fc87fa20af1c9c8191018ed80b4733b0ae610abe4,Org1MSP,Func7,"[562"",""100"",""4244"",""100""]""",Org1MSP Org2MSP ,VALID, 4244 562, 4244 562,,UT,153,15041,0
2022-04-07T17:25:52.558Z,a3a8bce7e12d315a0cb413c7ada3c0f17adf688aef19db00a4dfd163728a6d50,Org1MSP,Func4,"[10629"",""1062900"",""10001"",""1000100""]""",Org1MSP Org2MSP ,VALID,, 10001 10629,,WT,153,15009,0
2022-04-07T17:25:52.560Z,34b4cd79c25ec865ac48ab0bf3b0ef34866acb4ed3f055c64471f95c5d5ea97c,Org1MSP,Func7,"[92"",""100"",""9993"",""100""]""",Org1MSP Org2MSP ,VALID, 92 9993, 92 9993,,UT,153,14974,0
2022-04-07T17:25:52.561Z,39a7194b32652958d9a02743c8e4e3e28b82d6b94530fbf89fb64b477ec5f573,Org1MSP,Func4,"[10221"",""1022100"",""10242"",""1024200""]""",Org1MSP Org2MSP ,VALID,, 10221 10242,,WT,153,14976,0
2022-04-07T17:25:52.563Z,1dd1feb206b0550a0ed418d7939ef6bc8251559843da63780ab2fc39d13f63e1,Org1MSP,Func1,"[620"",""47""]""",Org1MSP Org2MSP ,VALID, 47 620,,,RT,153,14963,0
2022-04-07T17:25:52.563Z,9715974c3ea19887efe3f00e39efbe92d7ffcbadd3fa7ea754487ee4640a9c91,Org1MSP,Func4,"[10938"",""1093800"",""10429"",""1042900""]""",Org1MSP Org2MSP ,VALID,, 10429 10938,,WT,153,15008,0
2022-04-07T17:25:52.564Z,9051e747f22870688c2d83d53c7d0ab72af8c4ce06696b9a542a58ff74c86bc4,Org1MSP,Func4,"[10612"",""1061200"",""10084"",""1008400""]""",Org1MSP Org2MSP ,VALID,, 10084 10612,,WT,153,15007,0
2022-04-07T17:25:52.566Z,0b17b721ca198958d904e44796cd3aa0e976bdb821d84845bd7fef04b1bab2a1,Org1MSP,Func1,"[3168"",""1""]""",Org1MSP Org2MSP ,VALID, 1 3168,,,RT,153,14956,0
2022-04-07T17:25:52.655Z,333a5d6ec2a784b94be8e235bcae92c1d8df4ea63d3a72174ce7a75a7d3e0c36,Org1MSP,Func1,"[1"",""4""]""",Org1MSP Org2MSP ,VALID, 1 4,,,RT,153,14972,0
2022-04-07T17:25:52.658Z,0dbd3cfc5dd12b9ba53583e224d3216f577b03518a68c804e95caf2167af93d7,Org1MSP,Func1,"[69"",""1""]""",Org1MSP Org2MSP ,VALID, 1 69,,,RT,153,14958,0
2022-04-07T17:25:52.658Z,6f81ee6481bf40890e934a788a10469970c6819f98c29c1ee2557053a331a0b8,Org1MSP,Func4,"[10189"",""1018900"",""10008"",""1000800""]""",Org1MSP Org2MSP ,VALID,, 10008 10189,,WT,153,14997,0
2022-04-07T17:25:52.659Z,1ff5431c749d3826d199dc84efdd46b3836e2881f40aef4271e8145e2f45c9ac,Org1MSP,Func4,"[10349"",""1034900"",""10138"",""1013800""]""",Org1MSP Org2MSP ,VALID,, 10138 10349,,WT,153,14964,0
2022-04-07T17:25:52.660Z,dfb73f8a8e087ed08193062a5ed7839a908252ccefa181215176b183c8ff10d7,Org1MSP,Func4,"[11453"",""1145300"",""10003"",""1000300""]""",Org1MSP Org2MSP ,VALID,, 10003 11453,,WT,153,15029,0
2022-04-07T17:25:52.661Z,0b7044d657bf50f341cd7cb01c02593b7402c37456af4f3fbb9f7025315a5c40,Org1MSP,Func4,"[10023"",""1002300"",""13384"",""1338400""]""",Org1MSP Org2MSP ,VALID,, 10023 13384,,WT,153,14957,0
2022-04-07T17:25:52.662Z,f7cd4412e4780502036f7be8205da6a817e0d46a6550429562e993732f82fdb7,Org1MSP,Func4,"[10455"",""1045500"",""10008"",""1000800""]""",Org1MSP Org2MSP ,VALID,, 10008 10455,,WT,153,15040,0
2022-04-07T17:25:52.664Z,067580aa31a1817a5164364d375b9f135e1dff0514985d6a322b7369f0590914,Org1MSP,Func4,"[10554"",""1055400"",""10148"",""1014800""]""",Org1MSP Org2MSP ,VALID,, 10148 10554,,WT,153,14953,0
2022-04-07T17:25:52.664Z,30619aae018b7c46a7268d38fe5c3ae6819eee01ed1a75f2b19b7c1480922d84,Org1MSP,Func4,"[10933"",""1093300"",""10002"",""1000200""]""",Org1MSP Org2MSP ,VALID,, 10002 10933,,WT,153,14970,0
2022-04-07T17:25:52.666Z,f094a7b6f04b0d7430b38233e50511e54fca468b5322a73760f9f3c1d5277be3,Org1MSP,Func4,"[10081"",""1008100"",""10002"",""1000200""]""",Org1MSP Org2MSP ,VALID,, 10002 10081,,WT,153,15035,0
2022-04-07T17:25:52.755Z,b05e0901c82668a06808ca4f63f8d84ca77c0414013790602ab293ddea879327,Org1MSP,Func7,"[571"",""100"",""14"",""100""]""",Org1MSP Org2MSP ,VALID, 14 571, 14 571,,UT,153,15011,0
2022-04-07T17:25:52.758Z,e07a91b5574d19fdaf92abc3dbb9349c0dd8cb30e3ea17ad57389c8d310099ec,Org1MSP,Func4,"[10000"",""1000000"",""12916"",""1291600""]""",Org1MSP Org2MSP ,VALID,, 10000 12916,,WT,153,15030,0
2022-04-07T17:25:52.759Z,cdb54b6cc54c56acc92238c7fadb76a8d8b8361557504cad6194398a36f987cd,Org1MSP,Func1,"[5"",""3""]""",Org1MSP Org2MSP ,VALID, 3 5,,,RT,153,15020,0
2022-04-07T17:25:52.760Z,b8e0d200906a570c294c1a354662ff98a64b1cd33cf9fb7b94081954641de962,Org1MSP,Func1,"[418"",""713""]""",Org1MSP Org2MSP ,VALID, 418 713,,,RT,153,15014,0
2022-04-07T17:25:52.762Z,2830baf58c7e43f1990ba51211f98a72e24420ece335e2dff913b24489046b0f,Org1MSP,Func7,"[8093"",""100"",""31"",""100""]""",Org1MSP Org2MSP ,VALID, 31 8093, 31 8093,,UT,153,14968,0
2022-04-07T17:25:52.762Z,7221caa07c59d0768b42d4ff567808dd1420dfefc0d9a2f4068ecf4d2d93e915,Org1MSP,Func4,"[13350"",""1335000"",""10001"",""1000100""]""",Org1MSP Org2MSP ,VALID,, 10001 13350,,WT,153,14999,0
2022-04-07T17:25:52.763Z,53b87597f74faf50432134eba12b4d2491738e40a297912d4683ed07e145eb14,Org1MSP,Func7,"[844"",""100"",""4"",""100""]""",Org1MSP Org2MSP ,VALID, 4 844, 4 844,,UT,153,15044,0
2022-04-07T17:25:52.765Z,d880485f5a6f3dd0c4f4f39dac787b2a99aa9ece2eb2c9661bbb1e54475d5c5e,Org1MSP,Func7,"[7"",""100"",""58"",""100""]""",Org1MSP Org2MSP ,VALID, 58 7, 58 7,,UT,153,15025,0
2022-04-07T17:25:52.767Z,5affc89b7f59c13be6537ea35bb084b2a3c3e1ebd0b2b5e7b73b481d70931faf,Org1MSP,Func7,"[667"",""100"",""67"",""100""]""",Org1MSP Org2MSP ,VALID, 667 67, 667 67,,UT,153,14989,0
2022-04-07T17:25:52.855Z,49ec24f6711516c806ceda6880205e07b1ae06f38b03f162fd6c9d08a007b459,Org1MSP,Func4,"[13055"",""1305500"",""15861"",""1586100""]""",Org1MSP Org2MSP ,VALID,, 13055 15861,,WT,153,14981,0
2022-04-07T17:25:52.856Z,cf19e4032e1d18b92878fce87bef8833d0f278d37139c90e9279a28ec994cdb5,Org1MSP,Func4,"[12690"",""1269000"",""12774"",""1277400""]""",Org1MSP Org2MSP ,VALID,, 12690 12774,,WT,153,15021,0
2022-04-07T17:25:52.857Z,6c86f40b3086000bebac33347b393f42adcf6a6ed9be9153fadbcc43f96a1b09,Org1MSP,Func4,"[10438"",""1043800"",""11113"",""1111300""]""",Org1MSP Org2MSP ,VALID,, 10438 11113,,WT,153,14996,0
2022-04-07T17:25:52.859Z,80c040f101cf54afd337797667b2fda290fa2977345762c9e83f980118086680,Org1MSP,Func1,"[2"",""1347""]""",Org1MSP Org2MSP ,VALID, 1347 2,,,RT,153,15005,0
2022-04-07T17:25:52.860Z,182df4804ff0efc0c171cc326d17baac598e2e8b831b2186ba5784b5e75c7e18,Org1MSP,Func7,"[20"",""100"",""19"",""100""]""",Org1MSP Org2MSP ,VALID, 19 20, 19 20,,UT,153,14960,0
2022-04-07T17:25:52.860Z,f1542aaae6e1bc0b73bdfbd83e9a58826fd3a4699033835130f454f9106b7f69,Org1MSP,Func1,"[16"",""2""]""",Org1MSP Org2MSP ,VALID, 16 2,,,RT,153,15038,0
2022-04-07T17:25:52.863Z,0aff3dc3e9cf33438531cc5fdb2f1c3eb0c010a2af092275be2b4867c752e484,Org1MSP,Func7,"[2762"",""100"",""927"",""100""]""",Org1MSP Org2MSP ,VALID, 2762 927, 2762 927,,UT,153,14955,0
2022-04-07T17:25:52.863Z,79da22ba8511032a2000e0478304c5e07aceaed9b3e250c0abc6bd7fe8ff97e6,Org1MSP,Func7,"[8"",""100"",""6817"",""100""]""",Org1MSP Org2MSP ,VALID, 6817 8, 6817 8,,UT,153,15046,0
2022-04-07T17:25:52.864Z,5ad4694cba0768f5834e00db311a5b45702b511255bbb6ef3f7291210642cc65,Org1MSP,Func1,"[1"",""12""]""",Org1MSP Org2MSP ,VALID, 1 12,,,RT,153,15043,0
2022-04-07T17:25:52.865Z,7be1be4682ea9ec87e271e2fb5dfaa6f35c78d7d25d5f4d09871457f551844c8,Org1MSP,Func1,"[6"",""4""]""",Org1MSP Org2MSP ,VALID, 4 6,,,RT,153,15004,0
2022-04-07T17:25:52.955Z,0176b98ba0f822b2e5767f2d0a50843900dcb240a4f763b2c8c076947acf73cb,Org1MSP,Func7,"[278"",""100"",""2549"",""100""]""",Org1MSP Org2MSP ,VALID, 2549 278, 2549 278,,UT,153,14951,0
2022-04-07T17:25:52.959Z,c96fbbd818d6ff81713d9677cfbe524de3815b59f4cc5ef9f7966d26e9ca1148,Org1MSP,Func4,"[10001"",""1000100"",""10003"",""1000300""]""",Org1MSP Org2MSP ,VALID,, 10001 10003,,WT,153,15018,0
2022-04-07T17:25:52.959Z,d95aa29079dcd854d90e148099cd1ac177e626c7f31cf26e8e76004cc33207c8,Org1MSP,Func4,"[10969"",""1096900"",""10001"",""1000100""]""",Org1MSP Org2MSP ,VALID,, 10001 10969,,WT,153,15026,0
2022-04-07T17:25:52.960Z,ed4e0aa650ab9daefdaac625ef916d3c40e489dad96cf61a2cae4f351bd846ad,Org1MSP,Func7,"[79"",""100"",""2"",""100""]""",Org1MSP Org2MSP ,VALID, 2 79, 2 79,,UT,153,15047,0
2022-04-07T17:25:52.962Z,8f0c3927c8b3dbaa91a37c9a5ad83fa5577f4d55c3d05d44348d8ee01e89ab94,Org1MSP,Func7,"[269"",""100"",""3687"",""100""]""",Org1MSP Org2MSP ,VALID, 269 3687, 269 3687,,UT,153,15006,0
2022-04-07T17:25:52.963Z,6a9fa59fe935de2e6a6b5f6942656beea64fb9bc9d628f0210a45d60899efbd2,Org1MSP,Func4,"[10008"",""1000800"",""10009"",""1000900""]""",Org1MSP Org2MSP ,VALID,, 10008 10009,,WT,153,14995,0
2022-04-07T17:25:52.964Z,795f5c27c8747563408c7c3c332de6c14f6b82db22ebad23dec6600c779a5051,Org1MSP,Func4,"[10000"",""1000000"",""12229"",""1222900""]""",Org1MSP Org2MSP ,VALID,, 10000 12229,,WT,153,15003,0
2022-04-07T17:25:52.964Z,dbabefb6e4593743d4cd398ee1fc29a2674d8ec1f924819b8305d6b4a6488090,Org1MSP,Func1,"[10"",""8""]""",Org1MSP Org2MSP ,VALID, 10 8,,,RT,153,15028,0
2022-04-07T17:25:52.966Z,eec5a24f80c66838f39a48e565542ec183e3f161bc66717f725ea961b8ec1a0d,Org1MSP,Func7,"[35"",""100"",""1"",""100""]""",Org1MSP Org2MSP ,VALID, 1 35, 1 35,,UT,153,15048,0
2022-04-07T17:25:53.055Z,b8ef6ae10743ca886c9d0dc81fb396fd583c4641d863cf12e11e7f461ba6d195,Org1MSP,Func4,"[11689"",""1168900"",""10000"",""1000000""]""",Org1MSP Org2MSP ,VALID,, 10000 11689,,WT,153,15015,0
2022-04-07T17:25:53.057Z,031dc354426d8ae4a62666a43129b5cdd7207d3daa5f33949f5300ba235dfae8,Org1MSP,Func4,"[10103"",""1010300"",""10006"",""1000600""]""",Org1MSP Org2MSP ,VALID,, 10006 10103,,WT,153,14952,0
2022-04-07T17:25:53.058Z,19ef5d3b710c8a8e00ca8655010f441d03203560e75a958ade404951afa3c5d4,Org1MSP,Func4,"[15522"",""1552200"",""10002"",""1000200""]""",Org1MSP Org2MSP ,VALID,, 10002 15522,,WT,153,14961,0
2022-04-07T17:25:53.059Z,bbbfef2910acdc39f3477bf75b97e6ea9f0fae22b486e64b2618d33917266c56,Org1MSP,Func4,"[11075"",""1107500"",""10006"",""1000600""]""",Org1MSP Org2MSP ,VALID,, 10006 11075,,WT,153,15016,0
2022-04-07T17:25:53.061Z,57d252acd8f20d99103cb713bb064017a3d9698c269869c8277f1124064e2510,Org1MSP,Func4,"[10000"",""1000000"",""10007"",""1000700""]""",Org1MSP Org2MSP ,VALID,, 10000 10007,,WT,153,14986,0
2022-04-07T17:25:53.062Z,71493c0b2071c78876de87bb446962d1ed895ea2620b3c9751feb0d048624d90,Org1MSP,Func4,"[16209"",""1620900"",""14145"",""1414500""]""",Org1MSP Org2MSP ,VALID,, 14145 16209,,WT,153,14998,0
2022-04-07T17:25:53.063Z,40f849727dfa0ec9e536be8d25147fa5a6abf477941402d59c7eb5028ca30940,Org1MSP,Func4,"[10002"",""1000200"",""10021"",""1002100""]""",Org1MSP Org2MSP ,VALID,, 10002 10021,,WT,153,14979,0
2022-04-07T17:25:53.064Z,e55221f6b79e96d5811ea68709c4b47e40169edfc4dd80207e386abc7494a466,Org1MSP,Func4,"[10004"",""1000400"",""10016"",""1001600""]""",Org1MSP Org2MSP ,VALID,, 10004 10016,,WT,153,15032,0
2022-04-07T17:25:53.065Z,42b4444cfd93b67d83cc75ce49b38a860e21358262341d1be3fc323f72beda8f,Org1MSP,Func4,"[10580"",""1058000"",""10002"",""1000200""]""",Org1MSP Org2MSP ,VALID,, 10002 10580,,WT,153,14980,0
2022-04-07T17:25:53.066Z,b0e5f4d184d86ddabb0505976f22233fe79ca745dbee9f89949fbbc421aa02ea,Org1MSP,Func4,"[10005"",""1000500"",""16471"",""1647100""]""",Org1MSP Org2MSP ,VALID,, 10005 16471,,WT,153,15012,0
2022-04-07T17:25:53.157Z,4f8656807a043047d62fd72fc1831f2cc3c9697ff7f841af576d9aa233dbfcbc,Org1MSP,Func4,"[10044"",""1004400"",""10224"",""1022400""]""",Org1MSP Org2MSP ,VALID,, 10044 10224,,WT,153,14984,0
2022-04-07T17:25:53.158Z,2377596453b2779c486d6a440a4fdba0f249304c87267bb54c18e8fde3cc89d7,Org1MSP,Func1,"[1"",""1281""]""",Org1MSP Org2MSP ,VALID, 1 1281,,,RT,153,15042,0
2022-04-07T17:25:53.159Z,00fb5b328ae83b78a9b9d4dfa2777faf35fd82bcdc33d95744dbd80a877b5fd6,Org1MSP,Func4,"[12518"",""1251800"",""10029"",""1002900""]""",Org1MSP Org2MSP ,VALID,, 10029 12518,,WT,153,14950,0
2022-04-07T17:25:53.160Z,56c295b8084064593949299e3e6d82d4d87fde75c9f0f3f948acb3136c4a0441,Org1MSP,Func4,"[10003"",""1000300"",""10000"",""1000000""]""",Org1MSP Org2MSP ,VALID,, 10000 10003,,WT,153,14985,0
2022-04-07T17:25:53.163Z,0827cbaf96cfe8e8600ecaeb6476c32da1bb0059603fba86eb6ed20992fe5d42,Org1MSP,Func1,"[179"",""637""]""",Org1MSP Org2MSP ,VALID, 179 637,,,RT,153,14954,0
2022-04-07T17:25:53.163Z,6975a06e87995c5ad7596ef1af71acf571e809d4aa75ea90ce2cc544032ae6bf,Org1MSP,Func7,"[18"",""100"",""1785"",""100""]""",Org1MSP Org2MSP ,VALID, 1785 18, 1785 18,,UT,153,14992,0
2022-04-07T17:25:53.163Z,cca7923ebbaf172f729b201616b238595c6ba796a5c3be8f3918e0c488b85b21,Org1MSP,Func4,"[10561"",""1056100"",""12891"",""1289100""]""",Org1MSP Org2MSP ,VALID,, 10561 12891,,WT,153,15019,0
2022-04-07T17:25:53.164Z,4cf6852f5e613dcada6f8345e5ad7680141fc2fa13386052924cb31759464600,Org1MSP,Func4,"[11725"",""1172500"",""10063"",""1006300""]""",Org1MSP Org2MSP ,VALID,, 10063 11725,,WT,153,14982,0
2022-04-07T17:25:53.165Z,e321d9374d8a0327c039bb7addd8c9441198ac6f032048d31ca7b6c528c984d2,Org1MSP,Func4,"[11306"",""1130600"",""10031"",""1003100""]""",Org1MSP Org2MSP ,VALID,, 10031 11306,,WT,153,15031,0
2022-04-07T17:25:53.258Z,d5175cfde85ab4b4019e1ee230e9993f39889960d2d1290d70ec9a18e89d4a75,Org1MSP,Func4,"[10070"",""1007000"",""10009"",""1000900""]""",Org1MSP Org2MSP ,VALID,, 10009 10070,,WT,153,15024,0
2022-04-07T17:25:53.260Z,af087bd95e4c266a744454995f3dd95509c985c1094e01a54210f894165b86fb,Org1MSP,Func4,"[10880"",""1088000"",""10460"",""1046000""]""",Org1MSP Org2MSP ,VALID,, 10460 10880,,WT,153,15010,0
2022-04-07T17:25:53.263Z,aa5b28166aa94d606f84621f2ac3c91ae2e687056fb947653692de236b7517cc,Org1MSP,Func7,"[4192"",""100"",""3"",""100""]""",Org1MSP Org2MSP ,VALID, 3 4192, 3 4192,,UT,153,15045,0
2022-04-07T17:25:53.264Z,d2ac806d2a2a3c77dee36714667c875ddf59ff1dd4c07fa8d03dbdeff7bd159a,Org1MSP,Func4,"[10000"",""1000000"",""10263"",""1026300""]""",Org1MSP Org2MSP ,VALID,, 10000 10263,,WT,153,15022,0
2022-04-07T17:25:53.265Z,1a7761a9fe0ea9075965926f282dbcc5078de720b73e724406f3f47c39b630d7,Org1MSP,Func4,"[10000"",""1000000"",""11426"",""1142600""]""",Org1MSP Org2MSP ,VALID,, 10000 11426,,WT,153,14962,0
2022-04-07T17:25:53.266Z,e95c7b6bf2abe27a5483671739015d1fff2865344bd149713d4b3bfa6591d6ca,Org1MSP,Func4,"[16116"",""1611600"",""10324"",""1032400""]""",Org1MSP Org2MSP ,VALID,, 10324 16116,,WT,153,15033,0
2022-04-07T17:25:53.266Z,f45c954e2879811e497943aed268d3dbf2bf6daec9d12f197b87cb5fb20be66a,Org1MSP,Func4,"[10119"",""1011900"",""10010"",""1001000""]""",Org1MSP Org2MSP ,VALID,, 10010 10119,,WT,153,15039,0
2022-04-07T17:25:53.274Z,5cac29c2b2691cc14cbedafedf740149fa262fd84d7d2a70159934b787fea7c3,Org1MSP,Func4,"[10142"",""1014200"",""12868"",""1286800""]""",Org1MSP Org2MSP ,VALID,, 10142 12868,,WT,153,14990,0
2022-04-07T17:25:53.356Z,33ed8f89bf64219e61bb3cf9d34552a9cc608c101332c504866ec7a846250769,Org1MSP,Func4,"[10768"",""1076800"",""10003"",""1000300""]""",Org1MSP Org2MSP ,VALID,, 10003 10768,,WT,153,14973,0
2022-04-07T17:25:53.357Z,27ea4545d93ab57b02ad71b710167469d4a630f36ffd557f3175f1749f1f481c,Org1MSP,Func1,"[11"",""37""]""",Org1MSP Org2MSP ,VALID, 11 37,,,RT,153,14966,0
2022-04-07T17:25:53.358Z,3b93cd988cc31711d85b2934a22457c31b16a471aa5c3a81343f487645e437a2,Org1MSP,Func7,"[203"",""100"",""145"",""100""]""",Org1MSP Org2MSP ,VALID, 145 203, 145 203,,UT,153,14978,0
2022-04-07T17:25:53.359Z,ef48a74b5584a9cb92bb49e41fad79b8f5f37b7d5c59e8643998b9439b3930a9,Org1MSP,Func4,"[18267"",""1826700"",""10952"",""1095200""]""",Org1MSP Org2MSP ,VALID,, 10952 18267,,WT,153,15034,0
2022-04-07T17:25:53.361Z,595947ed04c6748b164df3bbd0b913ebc0f40f9b6095577c103e0728bfd82487,Org1MSP,Func7,"[355"",""100"",""3126"",""100""]""",Org1MSP Org2MSP ,VALID, 3126 355, 3126 355,,UT,153,14987,0
2022-04-07T17:25:53.362Z,4d857c9b638c1a66898507956517f8596b2a70e0d9f2460b5baa507eef418487,Org1MSP,Func4,"[10000"",""1000000"",""10146"",""1014600""]""",Org1MSP Org2MSP ,VALID,, 10000 10146,,WT,153,14983,0
2022-04-07T17:25:53.362Z,6a6fef47c9a539f649d2ad6b10345dfbf10b22bafea9a166026b41cbd3db693c,Org1MSP,Func4,"[10026"",""1002600"",""16733"",""1673300""]""",Org1MSP Org2MSP ,VALID,, 10026 16733,,WT,153,14994,0
2022-04-07T17:25:53.363Z,2cc5c79e78212b56d07d47df5482a0ad68d1085a086f1b8dac51d522d99997d9,Org1MSP,Func7,"[9"",""100"",""6366"",""100""]""",Org1MSP Org2MSP ,VALID, 6366 9, 6366 9,,UT,153,14969,0
2022-04-07T17:25:53.365Z,2464fee32f2f65c157f28ba06516204cac052026061a004084e8bd81227d0df5,Org1MSP,Func7,"[2024"",""100"",""62"",""100""]""",Org1MSP Org2MSP ,VALID, 2024 62, 2024 62,,UT,153,14965,0
2022-04-07T17:25:53.366Z,69a872bffe5c186797b7c6374a0f89bda9f069bc56e94ae87c318ddb706d6751,Org1MSP,Func4,"[11869"",""1186900"",""10002"",""1000200""]""",Org1MSP Org2MSP ,VALID,, 10002 11869,,WT,153,14993,0
2022-04-07T17:25:53.455Z,adc9766be5a19232aaa74c2a83466fd9d5cb9dd3bc670f06bf7d8e12332e59ce,Org1MSP,Func4,"[10022"",""1002200"",""10019"",""1001900""]""",Org1MSP Org2MSP ,VALID,, 10019 10022,,WT,154,15110,0
2022-04-07T17:25:53.458Z,697a8871440e0c11167a18beeaa977b3999f55e004281f592678fde97429b7b4,Org1MSP,Func4,"[10468"",""1046800"",""10014"",""1001400""]""",Org1MSP Org2MSP ,VALID,, 10014 10468,,WT,154,15094,0
2022-04-07T17:25:53.459Z,1f934b612795278e7fbae42c28b14227400bcc1df17a0651cd4db58df958b5de,Org1MSP,Func4,"[10001"",""1000100"",""10000"",""1000000""]""",Org1MSP Org2MSP ,VALID,, 10000 10001,,WT,154,15065,0
2022-04-07T17:25:53.460Z,0a9e5cacba506572adb81ebb91725c3760713a4e2eb924825fb9df4139340b8f,Org1MSP,Func4,"[11437"",""1143700"",""10016"",""1001600""]""",Org1MSP Org2MSP ,VALID,, 10016 11437,,WT,154,15054,0
2022-04-07T17:25:53.460Z,fcca97c5538b770a92dc5c21b988477e6d3265bc2d5c48ed49733554b89c4792,Org1MSP,Func4,"[10010"",""1001000"",""10163"",""1016300""]""",Org1MSP Org2MSP ,VALID,, 10010 10163,,WT,154,15133,0
2022-04-07T17:25:53.461Z,27849e2e692d0377e0f107a3d8d9f6d3314060b144b95da6e3811a0bdefebcbd,Org1MSP,Func4,"[10024"",""1002400"",""10019"",""1001900""]""",Org1MSP Org2MSP ,VALID,, 10019 10024,,WT,154,15070,0
2022-04-07T17:25:53.463Z,8ab3eaad7ebf7e2e5c07604967c1400b83dbf5fddbbb36e301ea7fa4ff66c3dc,Org1MSP,Func1,"[231"",""8195""]""",Org1MSP Org2MSP ,VALID, 231 8195,,,RT,154,15099,0
2022-04-07T17:25:53.463Z,96986fe537654833b2b939277578549c5e5061ff4e320986a5176b73c005c55d,Org1MSP,Func4,"[10002"",""1000200"",""10125"",""1012500""]""",Org1MSP Org2MSP ,VALID,, 10002 10125,,WT,154,15102,0
2022-04-07T17:25:53.464Z,12eea5d0825958d6b67aa1367c8afd66c1f1b5bb6d575e2463ac07ccaf3d731c,Org1MSP,Func1,"[7"",""13""]""",Org1MSP Org2MSP ,VALID, 13 7,,,RT,154,15060,0
2022-04-07T17:25:53.466Z,005236b94780f8202e42a338dfab38b794e51ce5b1bbd43a1730d5d5ae309476,Org1MSP,Func4,"[10484"",""1048400"",""10777"",""1077700""]""",Org1MSP Org2MSP ,VALID,, 10484 10777,,WT,154,15049,0
2022-04-07T17:25:53.555Z,0587fab9d504d846293d384d8ab5a067b1517f9cc622f935f946fc968bfba418,Org1MSP,Func1,"[120"",""647""]""",Org1MSP Org2MSP ,VALID, 120 647,,,RT,154,15053,0
2022-04-07T17:25:53.557Z,2ddfdd25bec9f3513ff4bfb274ecb7ed5d5b995d9e21caf13477d3ff46642073,Org1MSP,Func4,"[10924"",""1092400"",""10036"",""1003600""]""",Org1MSP Org2MSP ,VALID,, 10036 10924,,WT,154,15072,0
2022-04-07T17:25:53.558Z,55806b8b1bbd26e8b69ebfdf7b1e909063097fb23ce68120782cd0b589b62315,Org1MSP,Func4,"[10054"",""1005400"",""10340"",""1034000""]""",Org1MSP Org2MSP ,VALID,, 10054 10340,,WT,154,15090,0
2022-04-07T17:25:53.560Z,faa95f3701cb7810629aa1d9959e59e30a54a16dc004a516fb0150f88d5c06f4,Org1MSP,Func1,"[35"",""230""]""",Org1MSP Org2MSP ,VALID, 230 35,,,RT,154,15132,0
2022-04-07T17:25:53.562Z,492a7b906958be81de7ad1907fd4cc77b7f49b9c3600b188da77f855ef504161,Org1MSP,Func4,"[10231"",""1023100"",""11551"",""1155100""]""",Org1MSP Org2MSP ,VALID,, 10231 11551,,WT,154,15087,0
2022-04-07T17:25:53.564Z,4286367bf19d032e17d21acab38ce01188d69fc45d56ce52d52e4a66235200db,Org1MSP,Func4,"[10158"",""1015800"",""14643"",""1464300""]""",Org1MSP Org2MSP ,VALID,, 10158 14643,,WT,154,15083,0
2022-04-07T17:25:53.564Z,abc8c6e515aade8c847a83623536a6e5c3db7f4e3436cfa40c28158ce654421d,Org1MSP,Func1,"[2479"",""52""]""",Org1MSP Org2MSP ,VALID, 2479 52,,,RT,154,15109,0
2022-04-07T17:25:53.567Z,b8d9558d0200127b5785afe9f7c31769f5e718a316c7e6f093bd11c54a5b501b,Org1MSP,Func4,"[10004"",""1000400"",""10128"",""1012800""]""",Org1MSP Org2MSP ,VALID,, 10004 10128,,WT,154,15116,0
2022-04-07T17:25:53.568Z,ff6fead1780ebc9ed7fe41d0d96a0aa08cf07783b9b34487781e1f0df9f2e75b,Org1MSP,Func1,"[34"",""50""]""",Org1MSP Org2MSP ,VALID, 34 50,,,RT,154,15134,0
2022-04-07T17:25:53.655Z,12ba20cfe82bf144c9488c364d0b1231707be75be183734834ab4c6eefa7584a,Org1MSP,Func1,"[2745"",""339""]""",Org1MSP Org2MSP ,VALID, 2745 339,,,RT,154,15058,0
2022-04-07T17:25:53.658Z,7b9befe4a667223b5f3ca4b5c33683a407cb44b210e30961f56ee12a7373558d,Org1MSP,Func4,"[10185"",""1018500"",""10380"",""1038000""]""",Org1MSP Org2MSP ,VALID,, 10185 10380,,WT,154,15098,0
2022-04-07T17:25:53.659Z,33618402980b4633a093ee1b1d3f6669571edbd57567288e7f6e6cd2c3dd56cf,Org1MSP,Func4,"[15315"",""1531500"",""10652"",""1065200""]""",Org1MSP Org2MSP ,VALID,, 10652 15315,,WT,154,15077,0
2022-04-07T17:25:53.663Z,231695813df76092d453bbe568314d9326556c0017771e54d74efca04db36fb3,Org1MSP,Func4,"[10961"",""1096100"",""10545"",""1054500""]""",Org1MSP Org2MSP ,VALID,, 10545 10961,,WT,154,15067,0
2022-04-07T17:25:53.663Z,ee12ac919ba4c1943c0620f17b518720e4b132f9a386193f8020ee480bf2278c,Org1MSP,Func4,"[10000"",""1000000"",""10003"",""1000300""]""",Org1MSP Org2MSP ,VALID,, 10000 10003,,WT,154,15128,0
2022-04-07T17:25:53.663Z,f431548c59713a920255ae01e1920352cfecbbbafe26e9e7835d13c302ddd007,Org1MSP,Func1,"[2"",""9""]""",Org1MSP Org2MSP ,VALID, 2 9,,,RT,154,15129,0
2022-04-07T17:25:53.664Z,277c3eb131a96020e6feac063f3ba3026a1161d2d90dcffcb30d7238f3d0d0aa,Org1MSP,Func4,"[10000"",""1000000"",""10116"",""1011600""]""",Org1MSP Org2MSP ,VALID,, 10000 10116,,WT,154,15069,0
2022-04-07T17:25:53.667Z,91da2e495147fcf66b29c1353db112385d8bc3882800f5bf30afbe4be04d6b8c,Org1MSP,Func4,"[10536"",""1053600"",""10200"",""1020000""]""",Org1MSP Org2MSP ,VALID,, 10200 10536,,WT,154,15100,0
2022-04-07T17:25:53.755Z,bb1a4ef41ccefba7eea2711f2790ac8af429a28adfc9f806c3d50dc2740d700f,Org1MSP,Func4,"[10004"",""1000400"",""10067"",""1006700""]""",Org1MSP Org2MSP ,VALID,, 10004 10067,,WT,154,15117,0
2022-04-07T17:25:53.756Z,03a99e26a456c56f15cb1d98ceb0bae18fcfff196068af53c6e3e96f0ba1b232,Org1MSP,Func4,"[10040"",""1004000"",""13129"",""1312900""]""",Org1MSP Org2MSP ,VALID,, 10040 13129,,WT,154,15050,0
2022-04-07T17:25:53.758Z,140e316ea3ee1d60585281c1b7cf00dd122db4e11f1ceae763ceeedad07e33b5,Org1MSP,Func4,"[10001"",""1000100"",""10326"",""1032600""]""",Org1MSP Org2MSP ,VALID,, 10001 10326,,WT,154,15061,0
2022-04-07T17:25:53.760Z,e0734fcff62dcca2254b067cb9dd4257cdef2da06293770db66bc6dd2c5799cb,Org1MSP,Func1,"[2468"",""11""]""",Org1MSP Org2MSP ,VALID, 11 2468,,,RT,154,15126,0
2022-04-07T17:25:53.762Z,31b41bfa3bb545a3dcf424b0c8cff6ce0a99190a447603cdd03e9e8e12b65b88,Org1MSP,Func4,"[10000"",""1000000"",""10000"",""1000000""]""",Org1MSP Org2MSP ,VALID,, 10000,,WT,154,15076,0
2022-04-07T17:25:53.763Z,2b56355ba82fa8d994a6b6da8b9e83c351e3ccef7af455fdf1366177727e616a,Org1MSP,Func1,"[189"",""7""]""",Org1MSP Org2MSP ,VALID, 189 7,,,RT,154,15071,0
2022-04-07T17:25:53.763Z,d3cc5e7d830275c3fc04264f05cc31f142e0662cdeeee784cda76a786e94cf2d,Org1MSP,Func4,"[10466"",""1046600"",""10000"",""1000000""]""",Org1MSP Org2MSP ,VALID,, 10000 10466,,WT,154,15121,0
2022-04-07T17:25:53.764Z,ce3675f34581553548d7df8e6c87f72cd697230c2770cac5bbe3b3fc2c204c68,Org1MSP,Func4,"[11292"",""1129200"",""10237"",""1023700""]""",Org1MSP Org2MSP ,VALID,, 10237 11292,,WT,154,15120,0
2022-04-07T17:25:53.767Z,b2b2cb8fb3d2fb79c43c2afb836629c1a85ab8f1d283d0914207624bbb2c7ddc,Org1MSP,Func1,"[1"",""2916""]""",Org1MSP Org2MSP ,VALID, 1 2916,,,RT,154,15113,0
2022-04-07T17:25:53.855Z,a5f4d4d0ad0fcdacf9b92b71f3dc4ed5596f0e1f03f55af24d40f61a2025b19a,Org1MSP,Func4,"[10000"",""1000000"",""10013"",""1001300""]""",Org1MSP Org2MSP ,VALID,, 10000 10013,,WT,154,15107,0
2022-04-07T17:25:53.857Z,664b0fae3b3245acf1d57a55aa6a99ac0a313052cf080ebc242aec7d7d860458,Org1MSP,Func1,"[27"",""235""]""",Org1MSP Org2MSP ,VALID, 235 27,,,RT,154,15092,0
2022-04-07T17:25:53.857Z,f917d12b5a59d8bc9e1e3884d3b36f1960d8146d73e961ce454a6a232a01b324,Org1MSP,Func7,"[1281"",""100"",""17"",""100""]""",Org1MSP Org2MSP ,VALID, 1281 17, 1281 17,,UT,154,15131,0
2022-04-07T17:25:53.859Z,e928d8600d5efe81ce555deebd4780dacb3021b389f8e3988e5382757dff76b8,Org1MSP,Func1,"[98"",""4""]""",Org1MSP Org2MSP ,VALID, 4 98,,,RT,154,15127,0
2022-04-07T17:25:53.859Z,ae46d2532e2c26355a02d45854cb208ebf86d75c00eafe45a9ba5b2f38e5e40a,Org1MSP,Func1,"[90"",""2""]""",Org1MSP Org2MSP ,VALID, 2 90,,,RT,154,15137,0
2022-04-07T17:25:53.862Z,3a7c12a3698ec517b322d7ed5f5cd0c81fc02270f1c950a0bd137f1581cc0f37,Org1MSP,Func4,"[10092"",""1009200"",""11653"",""1165300""]""",Org1MSP Org2MSP ,VALID,, 10092 11653,,WT,154,15080,0
2022-04-07T17:25:53.863Z,3f38e4898a74363f09797fa18585410abdc674a0be730c2500464dbb730c5cf6,Org1MSP,Func4,"[10000"",""1000000"",""10345"",""1034500""]""",Org1MSP Org2MSP ,VALID,, 10000 10345,,WT,154,15082,0
2022-04-07T17:25:53.864Z,4868bc979d74e9bcfbba541cdf38b78ff50a197e466472870a96044d1954907e,Org1MSP,Func4,"[10163"",""1016300"",""18856"",""1885600""]""",Org1MSP Org2MSP ,VALID,, 10163 18856,,WT,154,15085,0
2022-04-07T17:25:53.866Z,3b055c6ee43d6eb86775b6aa27b838d95eab5ca0ce99d959cec3aed23879f2de,Org1MSP,Func4,"[10474"",""1047400"",""13839"",""1383900""]""",Org1MSP Org2MSP ,VALID,, 10474 13839,,WT,154,15081,0
2022-04-07T17:25:53.957Z,beb07d1b9c0184067fc900952e70e91205e02a7192fdfda953b6803ef2def726,Org1MSP,Func7,"[195"",""100"",""1786"",""100""]""",Org1MSP Org2MSP ,VALID, 1786 195, 1786 195,,UT,154,15118,0
2022-04-07T17:25:53.959Z,b7f51dd9f0274aa2290a6b25d8658727e562103f75c1c95d88798ab6be8fe5cb,Org1MSP,Func4,"[10275"",""1027500"",""10638"",""1063800""]""",Org1MSP Org2MSP ,VALID,, 10275 10638,,WT,154,15115,0
2022-04-07T17:25:53.959Z,eeb23a64f26aa78e2fa6bead5ff68dd86dce45da612e21d1872050b51db97983,Org1MSP,Func7,"[1"",""100"",""1574"",""100""]""",Org1MSP Org2MSP ,VALID, 1 1574, 1 1574,,UT,154,15141,0
2022-04-07T17:25:53.960Z,70bd3e2e40b8fcaafeab1d296d7282284fa99a450d7538a713bf503847e19d7b,Org1MSP,Func1,"[557"",""12""]""",Org1MSP Org2MSP ,VALID, 12 557,,,RT,154,15096,0
2022-04-07T17:25:53.962Z,373a313d314681fd65d7434123d40ec3bfb94aa0d64c37f187f2ee6a21312c5a,Org1MSP,Func1,"[16"",""11""]""",Org1MSP Org2MSP ,VALID, 11 16,,,RT,154,15079,0
2022-04-07T17:25:53.962Z,9c7ee5137a1f0e1fa8b6ec042e820003ca835913d7495089e033ad99aa202b33,Org1MSP,Func4,"[11007"",""1100700"",""10334"",""1033400""]""",Org1MSP Org2MSP ,VALID,, 10334 11007,,WT,154,15104,0
2022-04-07T17:25:53.962Z,9488a266fbb24cc5cb4b30db7bd492b79b33fff0b574b93d279b8210b2051d00,Org1MSP,Func1,"[535"",""1""]""",Org1MSP Org2MSP ,VALID, 1 535,,,RT,154,15139,0
2022-04-07T17:25:53.964Z,0455c88b42368eb90e23b1b93bac8809f6fd4aa120cf991041cd049881d5348d,Org1MSP,Func4,"[10000"",""1000000"",""10001"",""1000100""]""",Org1MSP Org2MSP ,VALID,, 10000 10001,,WT,154,15052,0
2022-04-07T17:25:53.966Z,dfc083e9042ee02aa26c0f020bb94a70f70f6847466bb2c117da218fbdde1ae4,Org1MSP,Func1,"[1723"",""3""]""",Org1MSP Org2MSP ,VALID, 1723 3,,,RT,154,15125,0
2022-04-07T17:25:54.056Z,271658ad5daf2f8ede4a6df780e0b9c06b4e1e160dc6014451ab2a0f12db286b,Org1MSP,Func4,"[19486"",""1948600"",""10482"",""1048200""]""",Org1MSP Org2MSP ,VALID,, 10482 19486,,WT,154,15068,0
2022-04-07T17:25:54.058Z,1a61b2d65e98dc3618012859b546ca88583553db3553a90ca1be0fb1a8d9a1b2,Org1MSP,Func4,"[10018"",""1001800"",""10208"",""1020800""]""",Org1MSP Org2MSP ,VALID,, 10018 10208,,WT,154,15064,0
2022-04-07T17:25:54.058Z,21fa348ff2a55074d7934c401580185cdc9920857242315956e2f033d9248b1c,Org1MSP,Func4,"[10524"",""1052400"",""10001"",""1000100""]""",Org1MSP Org2MSP ,VALID,, 10001 10524,,WT,154,15066,0
2022-04-07T17:25:54.059Z,16022252ee997ba96531bd47a5e4fd9390006ad35d4cb6631c96f9341c469c0f,Org1MSP,Func4,"[11165"",""1116500"",""10059"",""1005900""]""",Org1MSP Org2MSP ,VALID,, 10059 11165,,WT,154,15062,0
2022-04-07T17:25:54.060Z,4f9c08995802dd84ae725f8b73e998a24fec7c169847fdc8918d4784f808adc5,Org1MSP,Func7,"[5"",""100"",""3588"",""100""]""",Org1MSP Org2MSP ,VALID, 3588 5, 3588 5,,UT,154,15088,0
2022-04-07T17:25:54.063Z,bee2ed8642786a3faaa7ab332b58fdfbefafe88b352e38b48f01fefafcae5122,Org1MSP,Func4,"[10047"",""1004700"",""10000"",""1000000""]""",Org1MSP Org2MSP ,VALID,, 10000 10047,,WT,154,15119,0
2022-04-07T17:25:54.063Z,45c95054b0e426acab8fdb2b6942f7dd6324040e271a2006a5de034cb12de825,Org1MSP,Func7,"[198"",""100"",""3"",""100""]""",Org1MSP Org2MSP ,VALID, 198 3, 198 3,,UT,154,15136,0
2022-04-07T17:25:54.063Z,e8949da5e485b7d499b2e7eb624c5d2251372077fa43f62aa9155ca960fb30c2,Org1MSP,Func1,"[2"",""2""]""",Org1MSP Org2MSP ,VALID, 2,,,RT,154,15138,0
2022-04-07T17:25:54.064Z,98f781a0f9a6f66ad66d8edbfb61af3066a2a3ca24b5368079b19fa0bba57254,Org1MSP,Func4,"[10005"",""1000500"",""11301"",""1130100""]""",Org1MSP Org2MSP ,VALID,, 10005 11301,,WT,154,15103,0
2022-04-07T17:25:54.066Z,aafb65704142147fce33e5ff7b5d84c143eaf2876a46b3e0ea3afe638cc36045,Org1MSP,Func4,"[10045"",""1004500"",""10000"",""1000000""]""",Org1MSP Org2MSP ,VALID,, 10000 10045,,WT,154,15108,0
2022-04-07T17:25:54.155Z,115df4f375c63f9c8108e8e4abf0374c790380b1d1509545c21478974537f03c,Org1MSP,Func4,"[10025"",""1002500"",""10614"",""1061400""]""",Org1MSP Org2MSP ,VALID,, 10025 10614,,WT,154,15056,0
2022-04-07T17:25:54.157Z,65dfc5739ad9850cc667d1ae88cffc43a63c7f93920485ff848bc9e546371987,Org1MSP,Func7,"[2"",""100"",""1233"",""100""]""",Org1MSP Org2MSP ,VALID, 1233 2, 1233 2,,UT,154,15140,0
2022-04-07T17:25:54.159Z,3628a02c7be1b5727d0181c09af757086bad25d0d20c8c238e46114405d3eb7b,Org1MSP,Func1,"[11"",""40""]""",Org1MSP Org2MSP ,VALID, 11 40,,,RT,154,15078,0
2022-04-07T17:25:54.159Z,b749cba988154bb0f912f35f77c6076086d46d47b316ce0ca959d64ec2678346,Org1MSP,Func4,"[10048"",""1004800"",""10478"",""1047800""]""",Org1MSP Org2MSP ,VALID,, 10048 10478,,WT,154,15114,0
2022-04-07T17:25:54.161Z,d47e137043753a47c0949f8d011d53f7ab495e3c98c7f67c8e8b027ec6c4ba1d,Org1MSP,Func4,"[10000"",""1000000"",""10649"",""1064900""]""",Org1MSP Org2MSP ,VALID,, 10000 10649,,WT,154,15122,0
2022-04-07T17:25:54.163Z,b2802f5e7ced72811e867f1a538782e2587c692b8fc19f5f082ec66b6306e825,Org1MSP,Func4,"[10005"",""1000500"",""10001"",""1000100""]""",Org1MSP Org2MSP ,VALID,, 10001 10005,,WT,154,15112,0
2022-04-07T17:25:54.163Z,da1b8c9d7c2ae0cd508fdf5b3071e19a810599db1fc385c5e7b840c311efd0b4,Org1MSP,Func4,"[10009"",""1000900"",""10005"",""1000500""]""",Org1MSP Org2MSP ,VALID,, 10005 10009,,WT,154,15123,0
2022-04-07T17:25:54.164Z,5327f8eb579e6d892a2cd12ca127c8faaac4de00b2158b44e5650eae9c4db920,Org1MSP,Func4,"[10006"",""1000600"",""10099"",""1009900""]""",Org1MSP Org2MSP ,VALID,, 10006 10099,,WT,154,15089,0
2022-04-07T17:25:54.164Z,dc4a169a3967856acf0bc948e9fee0cab478cef796f77fabbb3f8ceb0295681d,Org1MSP,Func4,"[10129"",""1012900"",""10005"",""1000500""]""",Org1MSP Org2MSP ,VALID,, 10005 10129,,WT,154,15124,0
2022-04-07T17:25:54.167Z,77d881e4b401d24cf75b10463c4f570af53925e3c1503fff8f2a963975373ed8,Org1MSP,Func4,"[10020"",""1002000"",""15981"",""1598100""]""",Org1MSP Org2MSP ,VALID,, 10020 15981,,WT,154,15097,0
2022-04-07T17:25:54.256Z,a0ae1ca8ed9aa73529f4841f6faf41c0a4a984486d8161a044b6ea91e3d55cfe,Org1MSP,Func4,"[10001"",""1000100"",""10000"",""1000000""]""",Org1MSP Org2MSP ,VALID,, 10000 10001,,WT,154,15106,0
2022-04-07T17:25:54.258Z,03e50d448d6ed356942c38d6aaf42258b3c77fe53340a6d0c45866fd17f41b80,Org1MSP,Func4,"[10555"",""1055500"",""10029"",""1002900""]""",Org1MSP Org2MSP ,VALID,, 10029 10555,,WT,154,15051,0
2022-04-07T17:25:54.259Z,12cdbbf288b04bf4051d1967ce395e4872ee0c982df46cd62018a2f20091f17c,Org1MSP,Func4,"[10002"",""1000200"",""10000"",""1000000""]""",Org1MSP Org2MSP ,VALID,, 10000 10002,,WT,154,15059,0
2022-04-07T17:25:54.260Z,68d532b84b6d29cbd885ff3f3484a1afb8551d49ddfe4d3f54a0ef7c099597d9,Org1MSP,Func4,"[10034"",""1003400"",""10009"",""1000900""]""",Org1MSP Org2MSP ,VALID,, 10009 10034,,WT,154,15093,0
2022-04-07T17:25:54.262Z,0b5958f23cd1113c6337ef81e3a87f25dca66f5db8a562db94c71a1d90643022,Org1MSP,Func4,"[10510"",""1051000"",""10000"",""1000000""]""",Org1MSP Org2MSP ,VALID,, 10000 10510,,WT,154,15055,0
2022-04-07T17:25:54.263Z,487efc056c8fa1f4627f34ea959c6b5fc91b053372e0d7e2b82eed1eddb3ad7d,Org1MSP,Func4,"[10033"",""1003300"",""10004"",""1000400""]""",Org1MSP Org2MSP ,VALID,, 10004 10033,,WT,154,15086,0
2022-04-07T17:25:54.264Z,2f2060b59d91452e605754894803d3671971ccf26c7807f2cc9f4ffa2e42193a,Org1MSP,Func4,"[10018"",""1001800"",""15512"",""1551200""]""",Org1MSP Org2MSP ,VALID,, 10018 15512,,WT,154,15073,0
2022-04-07T17:25:54.268Z,18cf1e527e85b7e95b3a61b54271ecd75c8e5cbb4a6da66cf576966f6292dce1,Org1MSP,Func4,"[10148"",""1014800"",""10655"",""1065500""]""",Org1MSP Org2MSP ,VALID,, 10148 10655,,WT,154,15063,0
2022-04-07T17:25:54.268Z,082faaa643828bcc95e75a2bce35856b1c9c53ef112266fc29b973bb98ac67d2,Org1MSP,Func7,"[7"",""100"",""181"",""100""]""",Org1MSP Org2MSP ,VALID, 181 7, 181 7,,UT,154,15135,0
2022-04-07T17:25:54.355Z,319057528b1b4dfbc9b2843ce4f2308092fce5e1cab202af7ea969c9cfbaa608,Org1MSP,Func4,"[10033"",""1003300"",""10249"",""1024900""]""",Org1MSP Org2MSP ,VALID,, 10033 10249,,WT,154,15075,0
2022-04-07T17:25:54.356Z,30ca1e46ce92251696551bca39acf8a44c16223e49d8442fb141d74e15275cbd,Org1MSP,Func4,"[13460"",""1346000"",""10548"",""1054800""]""",Org1MSP Org2MSP ,VALID,, 10548 13460,,WT,154,15074,0
2022-04-07T17:25:54.359Z,95f06110b7dd38bd869fdb252ec2d742b1b5aba53e7dafca58d1cd44cd4cf548,Org1MSP,Func4,"[10018"",""1001800"",""10029"",""1002900""]""",Org1MSP Org2MSP ,VALID,, 10018 10029,,WT,154,15101,0
2022-04-07T17:25:54.360Z,11b432527021c07c5385b91808d3aac632f858e82f9f8d864b00b88b83ee2d59,Org1MSP,Func4,"[10338"",""1033800"",""10039"",""1003900""]""",Org1MSP Org2MSP ,VALID,, 10039 10338,,WT,154,15057,0
2022-04-07T17:25:54.362Z,43f0d946264e3f6835a4ed61fdf90c8d0d35c7bd4c5fd7aebbed7cacdeaba9eb,Org1MSP,Func4,"[11039"",""1103900"",""10001"",""1000100""]""",Org1MSP Org2MSP ,VALID,, 10001 11039,,WT,154,15084,0
2022-04-07T17:25:54.362Z,f68ed8569a082d57a270cfb8df01f945ccd8281e0f484d86e09eae9838819f63,Org1MSP,Func7,"[839"",""100"",""5063"",""100""]""",Org1MSP Org2MSP ,VALID, 5063 839, 5063 839,,UT,154,15130,0
2022-04-07T17:25:54.364Z,b135077f6d71ef42cb5a1fc7c2ce72f50d89f724e7072483756ee242d605ce91,Org1MSP,Func4,"[14153"",""1415300"",""10003"",""1000300""]""",Org1MSP Org2MSP ,VALID,, 10003 14153,,WT,154,15111,0
2022-04-07T17:25:54.365Z,607f2cf2d32b68390af6cb41861df793473424787673ccd480247cf1644986b5,Org1MSP,Func4,"[10002"",""1000200"",""10123"",""1012300""]""",Org1MSP Org2MSP ,VALID,, 10002 10123,,WT,154,15091,0
2022-04-07T17:25:54.366Z,9e8705c4de1c6a3410b10e86a75af1ebb6e26f367c93d5cc79e7ba7f2fbebea2,Org1MSP,Func4,"[10008"",""1000800"",""16264"",""1626400""]""",Org1MSP Org2MSP ,VALID,, 10008 16264,,WT,154,15105,0
2022-04-07T17:25:54.457Z,699afd4538d706e4c217d9229f8b785294a4c273b318b823d1b017798b0fcacf,Org1MSP,Func4,"[13687"",""1368700"",""10027"",""1002700""]""",Org1MSP Org2MSP ,VALID,, 10027 13687,,WT,154,15095,0
2022-04-07T17:25:54.459Z,81395370649722a947bf0a7be7ab8ef649dcdbb57f4e2118a47a0823985bbee1,Org1MSP,Func7,"[326"",""100"",""2736"",""100""]""",Org1MSP Org2MSP ,VALID, 2736 326, 2736 326,,UT,155,15191,0
2022-04-07T17:25:54.459Z,d08dcf981b3dee4a81e18c55a164eb2090428e75211ccc9937e59fa4445b305d,Org1MSP,Func4,"[10001"",""1000100"",""14538"",""1453800""]""",Org1MSP Org2MSP ,VALID,, 10001 14538,,WT,155,15223,0
2022-04-07T17:25:54.462Z,18667624ddc3e5721d8e17099febfd7438bb1e54adce1fbe54636c07a3d33e8a,Org1MSP,Func7,"[11"",""100"",""125"",""100""]""",Org1MSP Org2MSP ,VALID, 11 125, 11 125,,UT,155,15153,0
2022-04-07T17:25:54.462Z,b91aab2db590a5a3515a8925fd69153b5fec19abf5b03801546f73016386d765,Org1MSP,Func4,"[10008"",""1000800"",""17826"",""1782600""]""",Org1MSP Org2MSP ,VALID,, 10008 17826,,WT,155,15216,0
2022-04-07T17:25:54.462Z,c8b8289a5c1bf0e8e96de49fa8d8276a92b7f18535d895ac235ff31866efe639,Org1MSP,Func4,"[10167"",""1016700"",""10209"",""1020900""]""",Org1MSP Org2MSP ,VALID,, 10167 10209,,WT,155,15221,0
2022-04-07T17:25:54.466Z,1d247b79357c03a3933eaa0d5e0a170853dcec413ddd23bfbcd1a94b99b4faa8,Org1MSP,Func7,"[41"",""100"",""3820"",""100""]""",Org1MSP Org2MSP ,VALID, 3820 41, 3820 41,,UT,155,15157,0
2022-04-07T17:25:54.466Z,1f4f671f56a39446e1e5df792b3728deaac9778a8e12f57b12e84df427839926,Org1MSP,Func4,"[10058"",""1005800"",""17555"",""1755500""]""",Org1MSP Org2MSP ,VALID,, 10058 17555,,WT,155,15159,0
2022-04-07T17:25:54.467Z,64608da451716eb379395ff09aa86f06b3be3ab36535dcc2cea9165986cabc68,Org1MSP,Func4,"[10041"",""1004100"",""10169"",""1016900""]""",Org1MSP Org2MSP ,VALID,, 10041 10169,,WT,155,15181,0
2022-04-07T17:25:54.555Z,21b3171a7e377e9445ec008c828b4a066ca7263f952fe5ed1a2071e07d846f50,Org1MSP,Func1,"[1"",""155""]""",Org1MSP Org2MSP ,VALID, 1 155,,,RT,155,15161,0
2022-04-07T17:25:54.556Z,1df4bdbd05f19b05ac0099d2e3d1febe5c0545c41a99e6be7ec679eadfcb0890,Org1MSP,Func7,"[122"",""100"",""1776"",""100""]""",Org1MSP Org2MSP ,VALID, 122 1776, 122 1776,,UT,155,15158,0
2022-04-07T17:25:54.558Z,811d6faeb87973e14f48464f35913e5f4c04058703c734c99cb9797edc792cf1,Org1MSP,Func4,"[12042"",""1204200"",""10542"",""1054200""]""",Org1MSP Org2MSP ,VALID,, 10542 12042,,WT,155,15190,0
2022-04-07T17:25:54.559Z,535337dfe54db5483fa4b0c72d5edae1d9b5ef0c0c43ebb4e60002a86a787373,Org1MSP,Func4,"[10054"",""1005400"",""10011"",""1001100""]""",Org1MSP Org2MSP ,VALID,, 10011 10054,,WT,155,15176,0
2022-04-07T17:25:54.561Z,19ceb8390973c0711443b79c7df87b9189caf05ac29d9b007332dc8100178222,Org1MSP,Func1,"[613"",""7854""]""",Org1MSP Org2MSP ,VALID, 613 7854,,,RT,155,15155,0
2022-04-07T17:25:54.562Z,0440b8eb027d3b3142bfc258b31fd40a9a3efdfb323e5d6b08bc68d08686aa7f,Org1MSP,Func4,"[17553"",""1755300"",""11427"",""1142700""]""",Org1MSP Org2MSP ,VALID,, 11427 17553,,WT,155,15143,0
2022-04-07T17:25:54.562Z,606a70f2e0bdb34ab56b7c0e7906587d03ae3c910c8855f23cc4c9e94be24e33,Org1MSP,Func4,"[10000"",""1000000"",""10013"",""1001300""]""",Org1MSP Org2MSP ,VALID,, 10000 10013,,WT,155,15179,0
2022-04-07T17:25:54.562Z,bb2f4dc0a635304771a9e25737a6d6730e6b8e1c769ee4cce07a32bb90ae661a,Org1MSP,Func4,"[10388"",""1038800"",""12638"",""1263800""]""",Org1MSP Org2MSP ,VALID,, 10388 12638,,WT,155,15217,0
2022-04-07T17:25:54.568Z,85915db36fc5f27a304ba658150ac0e023bd7d590d3132dc20bb2f5d5d8b2f90,Org1MSP,Func4,"[10000"",""1000000"",""10028"",""1002800""]""",Org1MSP Org2MSP ,VALID,, 10000 10028,,WT,155,15192,0
2022-04-07T17:25:54.655Z,47355ec142d1bf5a7a475224a58fc28666b6af38217ae540e90b78483de5dd29,Org1MSP,Func4,"[13038"",""1303800"",""10001"",""1000100""]""",Org1MSP Org2MSP ,VALID,, 10001 13038,,WT,155,15173,0
2022-04-07T17:25:54.657Z,0253a34d3ea1cdbb9b22b1495033af000997c96e48bf1893a3da956c8713b95e,Org1MSP,Func4,"[10003"",""1000300"",""10001"",""1000100""]""",Org1MSP Org2MSP ,VALID,, 10001 10003,,WT,155,15142,0
2022-04-07T17:25:54.658Z,da67da6b80e4e49ee277078905a6677bf3a0e34f7d661a56f206b92fc1ed66bf,Org1MSP,Func4,"[10002"",""1000200"",""19397"",""1939700""]""",Org1MSP Org2MSP ,VALID,, 10002 19397,,WT,155,15227,0
2022-04-07T17:25:54.659Z,6f6600f31b60dba34986de7d98b62baa8f3057df753650c4cb24d20eb6f83737,Org1MSP,Func1,"[7811"",""5""]""",Org1MSP Org2MSP ,VALID, 5 7811,,,RT,155,15184,0
2022-04-07T17:25:54.662Z,7906b6072e0523ad994cc582fb1fe702c8d8e7705c460a119eded45259b5eca7,Org1MSP,Func7,"[82"",""100"",""9611"",""100""]""",Org1MSP Org2MSP ,VALID, 82 9611, 82 9611,,UT,155,15186,0
2022-04-07T17:25:54.662Z,7b09fd20059a81cb6925c017378a293750ec05e8159aaf7ad35d9217063016a3,Org1MSP,Func4,"[10449"",""1044900"",""10012"",""1001200""]""",Org1MSP Org2MSP ,VALID,, 10012 10449,,WT,155,15187,0
2022-04-07T17:25:54.662Z,a491066b63f6cb139a1a34b1b6e9ffc7eabb7ac3825ea448d0aaceda85443f6e,Org1MSP,Func4,"[10709"",""1070900"",""10004"",""1000400""]""",Org1MSP Org2MSP ,VALID,, 10004 10709,,WT,155,15205,0
2022-04-07T17:25:54.663Z,d55dd1f891beb5827ec993db5928cc7e63455910e2d58f54e97fedcbb5fcb743,Org1MSP,Func4,"[18912"",""1891200"",""10223"",""1022300""]""",Org1MSP Org2MSP ,VALID,, 10223 18912,,WT,155,15225,0
2022-04-07T17:25:54.664Z,b79def32394f80bde6d750754ad5c52f1395b90d0effaec034c07f018bfd4544,Org1MSP,Func7,"[2249"",""100"",""414"",""100""]""",Org1MSP Org2MSP ,VALID, 2249 414, 2249 414,,UT,155,15215,0
2022-04-07T17:25:54.666Z,2cee2074b05a6b741de95945fa90494fe0961af9ac19bd54dd58a9285e8e854f,Org1MSP,Func1,"[4290"",""655""]""",Org1MSP Org2MSP ,VALID, 4290 655,,,RT,155,15162,0
2022-04-07T17:25:54.755Z,5382cbe7b4f0c1fbb9a55340ec90ad0b6e9209a4d9e4fa1a9419d6c1812a288f,Org1MSP,Func4,"[10030"",""1003000"",""10908"",""1090800""]""",Org1MSP Org2MSP ,VALID,, 10030 10908,,WT,155,15177,0
2022-04-07T17:25:54.757Z,81155b32918e3d6e6dbb15e749b38359c2fa3e0395f458c07b078a683dfbb752,Org1MSP,Func1,"[68"",""9003""]""",Org1MSP Org2MSP ,VALID, 68 9003,,,RT,155,15189,0
2022-04-07T17:25:54.758Z,f5ce68b18c474db23e1498c83f9376b1d9a3e0db8f68aca6272ca8084e1e0c33,Org1MSP,Func7,"[7855"",""100"",""130"",""100""]""",Org1MSP Org2MSP ,VALID, 130 7855, 130 7855,,UT,155,15234,0
2022-04-07T17:25:54.760Z,3845764f934c2b8a808ff5582b8366dd0b42075c78f8c2eda93411b988e554da,Org1MSP,Func1,"[583"",""132""]""",Org1MSP Org2MSP ,VALID, 132 583,,,RT,155,15169,0
2022-04-07T17:25:54.760Z,7d81e3c200b73f6bc127b7a6904889a4a7844e23c891316e10c44022a6ad4949,Org1MSP,Func7,"[15"",""100"",""1324"",""100""]""",Org1MSP Org2MSP ,VALID, 1324 15, 1324 15,,UT,155,15188,0
2022-04-07T17:25:54.761Z,b465c934b07e332143c7944afc3d2d0dc29e6032aedf9722da78e5e0c43d5e98,Org1MSP,Func1,"[295"",""813""]""",Org1MSP Org2MSP ,VALID, 295 813,,,RT,155,15210,0
2022-04-07T17:25:54.762Z,b6d8b6a7f38eaacbd5b2a50e770972b0a8986c5b71cd7934695158a692d0e464,Org1MSP,Func4,"[14012"",""1401200"",""10034"",""1003400""]""",Org1MSP Org2MSP ,VALID,, 10034 14012,,WT,155,15214,0
2022-04-07T17:25:54.763Z,19955cfbac948cdfaa6a880e413d67ab8df665fc76c6263a04f14c0d39bb32bd,Org1MSP,Func4,"[10436"",""1043600"",""10000"",""1000000""]""",Org1MSP Org2MSP ,VALID,, 10000 10436,,WT,155,15154,0
2022-04-07T17:25:54.764Z,21408f1c723083b8d9c56e3b2cf56986d5bfb14673f8592aa64fcc7e20a0b2e0,Org1MSP,Func4,"[10543"",""1054300"",""12399"",""1239900""]""",Org1MSP Org2MSP ,VALID,, 10543 12399,,WT,155,15160,0
2022-04-07T17:25:54.766Z,939b184cf613f796f65fec7d70decfe94edeceffa23f698486cdfb1a874cf65d,Org1MSP,Func7,"[67"",""100"",""27"",""100""]""",Org1MSP Org2MSP ,VALID, 27 67, 27 67,,UT,155,15199,0
2022-04-07T17:25:54.855Z,bf0a22965ee8b221d217cdc6eda2e0e8656198ade2edca4ebd8af84206f17038,Org1MSP,Func4,"[11352"",""1135200"",""15394"",""1539400""]""",Org1MSP Org2MSP ,VALID,, 11352 15394,,WT,155,15218,0
2022-04-07T17:25:54.857Z,f42d5f372b754fbd9b502969f01c0b7adb7c1e87042b5f5419d5086a67cb289c,Org1MSP,Func4,"[13030"",""1303000"",""10532"",""1053200""]""",Org1MSP Org2MSP ,VALID,, 10532 13030,,WT,155,15233,0
2022-04-07T17:25:54.859Z,91f266dc16ff94ece3e4dc6c20ede2e21ce2a78be17a0995ea3af2951bc18a13,Org1MSP,Func7,"[8"",""100"",""497"",""100""]""",Org1MSP Org2MSP ,VALID, 497 8, 497 8,,UT,155,15198,0
2022-04-07T17:25:54.859Z,9d04482189e8d9dc0fc71afc0803eb685653d3f6f8d1c27a675317c39a2e60eb,Org1MSP,Func1,"[90"",""3003""]""",Org1MSP Org2MSP ,VALID, 3003 90,,,RT,155,15203,0
2022-04-07T17:25:54.862Z,d26980dc8939ed4ee4c625ffde1288723b3d082a6bc49dcf30d2e739d2e6f868,Org1MSP,Func4,"[11644"",""1164400"",""10000"",""1000000""]""",Org1MSP Org2MSP ,VALID,, 10000 11644,,WT,155,15224,0
2022-04-07T17:25:54.863Z,08a828697d126ae62c1ca3a68eb464383d65cddd93921a4513fddfe6fafc9cc4,Org1MSP,Func7,"[2077"",""100"",""5271"",""100""]""",Org1MSP Org2MSP ,VALID, 2077 5271, 2077 5271,,UT,155,15144,0
2022-04-07T17:25:54.863Z,0900127e9def17503f56dbde1cae1e36ae251075d3d35283215bc6ac93a6e49e,Org1MSP,Func4,"[10005"",""1000500"",""10082"",""1008200""]""",Org1MSP Org2MSP ,VALID,, 10005 10082,,WT,155,15145,0
2022-04-07T17:25:54.866Z,11eb2f18f7899deea86da586b2c31a22a9b8f906334e9bdc0d494dc75dcc89ce,Org1MSP,Func1,"[804"",""7""]""",Org1MSP Org2MSP ,VALID, 7 804,,,RT,155,15149,0
2022-04-07T17:25:54.866Z,683b3861f63224d7c8b38b7ec7a2ff3b9f890c9cd5d647b5dcb656e9f1786999,Org1MSP,Func4,"[11487"",""1148700"",""10320"",""1032000""]""",Org1MSP Org2MSP ,VALID,, 10320 11487,,WT,155,15182,0
2022-04-07T17:25:54.954Z,307fa0aee38bd71df8e8af4643f06f91a106a671b292e1c21a9942db672a655e,Org1MSP,Func4,"[10147"",""1014700"",""10537"",""1053700""]""",Org1MSP Org2MSP ,VALID,, 10147 10537,,WT,155,15166,0
2022-04-07T17:25:54.957Z,37dca79a5c8466597be22f62d7fa69f335a587a7d944132652c59af25519bcd7,Org1MSP,Func4,"[19660"",""1966000"",""11674"",""1167400""]""",Org1MSP Org2MSP ,VALID,, 11674 19660,,WT,155,15168,0
2022-04-07T17:25:54.959Z,c090b5bf35976c38e25bd864a611000ebd8308a3c2e14cc3a395d8da56ccf37e,Org1MSP,Func4,"[10005"",""1000500"",""10868"",""1086800""]""",Org1MSP Org2MSP ,VALID,, 10005 10868,,WT,155,15219,0
2022-04-07T17:25:54.960Z,16b46790516d9c6901ec40eb15c197ab0f5ee17b4abb6bb9937e5b424bf91166,Org1MSP,Func4,"[10000"",""1000000"",""10008"",""1000800""]""",Org1MSP Org2MSP ,VALID,, 10000 10008,,WT,155,15152,0
2022-04-07T17:25:54.960Z,a610f984261c7591beda25c75b0e9abc7f7aecdddf7fd4082895c71b671a442b,Org1MSP,Func7,"[232"",""100"",""16"",""100""]""",Org1MSP Org2MSP ,VALID, 16 232, 16 232,,UT,155,15206,0
2022-04-07T17:25:54.961Z,1b00da6a22e6616b92fe1884aa645ca39ff8d6503193e6e024f2277ae70337a1,Org1MSP,Func4,"[10084"",""1008400"",""12744"",""1274400""]""",Org1MSP Org2MSP ,VALID,, 10084 12744,,WT,155,15156,0
2022-04-07T17:25:54.962Z,117970c7cd62b13fbf2dbb92202bf827ea0bd2514239b5bf427cba4fa972cd56,Org1MSP,Func1,"[6"",""7905""]""",Org1MSP Org2MSP ,VALID, 6 7905,,,RT,155,15148,0
2022-04-07T17:25:54.962Z,a438ad4282ff2342ebff45e95462ce241b6fdc1f9b112a0a8c633d89cdd537a0,Org1MSP,Func4,"[11023"",""1102300"",""10473"",""1047300""]""",Org1MSP Org2MSP ,VALID,, 10473 11023,,WT,155,15204,0
2022-04-07T17:25:54.965Z,b604d97476ce3c3fbdd1c09f124752d9357a69edae1c1dc77392dca194699de2,Org1MSP,Func1,"[70"",""3""]""",Org1MSP Org2MSP ,VALID, 3 70,,,RT,155,15213,0
2022-04-07T17:25:54.968Z,ebda3901649e294a6b8459a6cb780b104895375795787c13705171d714d4f46d,Org1MSP,Func4,"[10003"",""1000300"",""10281"",""1028100""]""",Org1MSP Org2MSP ,VALID,, 10003 10281,,WT,155,15232,0
2022-04-07T17:25:55.054Z,d74ec7890cff3914907d5d0829175148a5548ecb3e0f902b55cec8cb696a13f5,Org1MSP,Func4,"[17427"",""1742700"",""10128"",""1012800""]""",Org1MSP Org2MSP ,VALID,, 10128 17427,,WT,155,15226,0
2022-04-07T17:25:55.057Z,86485f5b08d934579aba4e5927c8ea0b4383a04a95db96edf1e178d7f8f12698,Org1MSP,Func4,"[10955"",""1095500"",""10010"",""1001000""]""",Org1MSP Org2MSP ,VALID,, 10010 10955,,WT,155,15193,0
2022-04-07T17:25:55.059Z,8fd0a044b6d25c17ad0a4009eb4c1d7f24b3ed5af29b542fc801c975bbd7221f,Org1MSP,Func7,"[4"",""100"",""32"",""100""]""",Org1MSP Org2MSP ,VALID, 32 4, 32 4,,UT,155,15241,0
2022-04-07T17:25:55.060Z,686a318acb02b8e9b37db70bc97f8ee4e8b0c74d9b009467f6973086fc3abd28,Org1MSP,Func4,"[10001"",""1000100"",""10000"",""1000000""]""",Org1MSP Org2MSP ,VALID,, 10000 10001,,WT,155,15183,0
2022-04-07T17:25:55.060Z,aae8b5c06e04034c02d8fe41d3cbe368254b087a192bc3a2179c1aabf168ab0b,Org1MSP,Func1,"[1"",""1""]""",Org1MSP Org2MSP ,VALID, 1,,,RT,155,15238,0
2022-04-07T17:25:55.061Z,0cab2e8c31bc5232d7ab2857dc6eb0a8d3fc0c28950f10efad437ff432ddc9b2,Org1MSP,Func4,"[10003"",""1000300"",""10002"",""1000200""]""",Org1MSP Org2MSP ,VALID,, 10002 10003,,WT,155,15146,0
2022-04-07T17:25:55.062Z,44f69c94e069346630f84ff289449920bf1d4e2aad2001f578dbd825dd547b19,Org1MSP,Func7,"[2537"",""100"",""4582"",""100""]""",Org1MSP Org2MSP ,VALID, 2537 4582, 2537 4582,,UT,155,15171,0
2022-04-07T17:25:55.063Z,ff2c8179e4d1200a4dd34dad8d4c9a0064c0f1200821a48a691ec89443006532,Org1MSP,Func4,"[10006"",""1000600"",""10061"",""1006100""]""",Org1MSP Org2MSP ,VALID,, 10006 10061,,WT,155,15236,0
2022-04-07T17:25:55.064Z,8d3bba5c72a7ed9348c6632ac438d4b5c89db8f76ff1fdf4a9f2069592bab4cc,Org1MSP,Func1,"[3440"",""100""]""",Org1MSP Org2MSP ,VALID, 100 3440,,,RT,155,15195,0
2022-04-07T17:25:55.158Z,2dcc1511f746b4069b2726d41fef82e2edfe12570ff8b0668d845c9bc2cf2027,Org1MSP,Func1,"[172"",""376""]""",Org1MSP Org2MSP ,VALID, 172 376,,,RT,155,15163,0
2022-04-07T17:25:55.159Z,72397541e66a41b8c97495b9b9cd57e8b8e458d36a865d5f5fee6e245d6f86c6,Org1MSP,Func4,"[10010"",""1001000"",""10312"",""1031200""]""",Org1MSP Org2MSP ,VALID,, 10010 10312,,WT,155,15185,0
2022-04-07T17:25:55.159Z,b3f00157d8c15fb039184d3781d39e77a1afbe0ee5f677494d9de7490118acfe,Org1MSP,Func4,"[12619"",""1261900"",""10002"",""1000200""]""",Org1MSP Org2MSP ,VALID,, 10002 12619,,WT,155,15209,0
2022-04-07T17:25:55.160Z,8d4f3fb7e3749435f8ae8141d42a59a607f25fa2481eb3abce0f11bd3425af99,Org1MSP,Func7,"[526"",""100"",""79"",""100""]""",Org1MSP Org2MSP ,VALID, 526 79, 526 79,,UT,155,15196,0
2022-04-07T17:25:55.160Z,9a4f2847b9e9f8b5f3bd3859af834e6a7ebc9536e8ae1545e28f1e3e7bc3a850,Org1MSP,Func4,"[10004"",""1000400"",""11396"",""1139600""]""",Org1MSP Org2MSP ,VALID,, 10004 11396,,WT,155,15201,0
2022-04-07T17:25:55.161Z,1268dda45c1521bce4def4824c2e2e4998a8db3840c08af6fbf330845f7f5853,Org1MSP,Func7,"[29"",""100"",""2819"",""100""]""",Org1MSP Org2MSP ,VALID, 2819 29, 2819 29,,UT,155,15150,0
2022-04-07T17:25:55.163Z,8b4d3442135f6c362b64836b34ff7a9b6aedacbd30dcd782494984eea1e1c4ee,Org1MSP,Func4,"[10089"",""1008900"",""10000"",""1000000""]""",Org1MSP Org2MSP ,VALID,, 10000 10089,,WT,155,15194,0
2022-04-07T17:25:55.163Z,e8fb6f959cd963b63ddcb1bf7f4842a8a4787c8c90ba324c932687783fcb9217,Org1MSP,Func4,"[10115"",""1011500"",""10024"",""1002400""]""",Org1MSP Org2MSP ,VALID,, 10024 10115,,WT,155,15230,0
2022-04-07T17:25:55.165Z,3dcc5b124321ca634f81ce0f26106eff12eb6d56d676ba622d857aad68625e56,Org1MSP,Func4,"[10003"",""1000300"",""10553"",""1055300""]""",Org1MSP Org2MSP ,VALID,, 10003 10553,,WT,155,15170,0
2022-04-07T17:25:55.169Z,627cd9b05e847f3dc39ebfc6b39dea06e2954fd700df5a27c74c305bc07ad461,Org1MSP,Func4,"[10000"",""1000000"",""10009"",""1000900""]""",Org1MSP Org2MSP ,VALID,, 10000 10009,,WT,155,15180,0
2022-04-07T17:25:55.256Z,567a635547dca4d1c7120b459046feccbd9803308e82e23094a5b2402b28e71e,Org1MSP,Func4,"[10238"",""1023800"",""10111"",""1011100""]""",Org1MSP Org2MSP ,VALID,, 10111 10238,,WT,155,15178,0
2022-04-07T17:25:55.257Z,2dd9ee44aeb5916e97751da6a8ceb7ddf950101f9712fb7400ebcaa3ef4bb4ba,Org1MSP,Func4,"[10000"",""1000000"",""10360"",""1036000""]""",Org1MSP Org2MSP ,VALID,, 10000 10360,,WT,155,15164,0
2022-04-07T17:25:55.259Z,99ac6c6f5c576150499f0784ec452ab8163fe66086ca2327c0cdb460e329deeb,Org1MSP,Func4,"[11607"",""1160700"",""18972"",""1897200""]""",Org1MSP Org2MSP ,VALID,, 11607 18972,,WT,155,15200,0
2022-04-07T17:25:55.260Z,d20f459ada6a828a92e17d9217463970f2779a432195a5666d55d8d9d74d9d26,Org1MSP,Func7,"[7"",""100"",""2"",""100""]""",Org1MSP Org2MSP ,VALID, 2 7, 2 7,,UT,155,15237,0
2022-04-07T17:25:55.262Z,4d3b41820c62897273d4f1f26a0f6fab7842725ee1df3fa313d771ee55a73152,Org1MSP,Func1,"[397"",""13""]""",Org1MSP Org2MSP ,VALID, 13 397,,,RT,155,15175,0
2022-04-07T17:25:55.263Z,e7267e0237516d330063b73a7a1148230640b8c8c3e2736626768997ddc020f6,Org1MSP,Func7,"[1444"",""100"",""7224"",""100""]""",Org1MSP Org2MSP ,VALID, 1444 7224, 1444 7224,,UT,155,15229,0
2022-04-07T17:25:55.264Z,b02af791c2f673425a22645cc9d495c5c213bf484484e1bb8ead0820d76054da,Org1MSP,Func4,"[11051"",""1105100"",""10007"",""1000700""]""",Org1MSP Org2MSP ,VALID,, 10007 11051,,WT,155,15208,0
2022-04-07T17:25:55.264Z,3a01319588ae65685cc380e80fc8f4b516bc2b89923a03d87da9d01bb53847c0,Org1MSP,Func1,"[5"",""5""]""",Org1MSP Org2MSP ,VALID, 5,,,RT,155,15240,0
2022-04-07T17:25:55.266Z,2f996c8266e1e6ecdc3112c74e2f3490d5ec4a1cdc9b6a17346e34aec4f8a318,Org1MSP,Func1,"[203"",""272""]""",Org1MSP Org2MSP ,VALID, 203 272,,,RT,155,15165,0
2022-04-07T17:25:55.356Z,0f7844e8394af099b5465d5b72e533d73017709f2154e52a97fc0c9c62e8999d,Org1MSP,Func4,"[10054"",""1005400"",""10019"",""1001900""]""",Org1MSP Org2MSP ,VALID,, 10019 10054,,WT,155,15147,0
2022-04-07T17:25:55.356Z,b5b5f0c17e22c1ba0cc5a82dace3802c239057ab721ea20851a071a5c8c94e00,Org1MSP,Func4,"[10696"",""1069600"",""10019"",""1001900""]""",Org1MSP Org2MSP ,VALID,, 10019 10696,,WT,155,15212,0
2022-04-07T17:25:55.358Z,91dd2d00e6bbe43c4ab9594d47ad9439c563d8eef6b602403a466cd983c3ee5a,Org1MSP,Func4,"[10131"",""1013100"",""10019"",""1001900""]""",Org1MSP Org2MSP ,VALID,, 10019 10131,,WT,155,15197,0
2022-04-07T17:25:55.360Z,06d6524d1a06ddf5417703a225d0b7c9bbed79ff1281ab8323426ac350e33869,Org1MSP,Func7,"[5"",""100"",""73"",""100""]""",Org1MSP Org2MSP ,VALID, 5 73, 5 73,,UT,155,15243,0
2022-04-07T17:25:55.362Z,eadd3019fd260e25158e03baff140966b7aea2e855e42986b3c89d031e60af84,Org1MSP,Func4,"[10202"",""1020200"",""10003"",""1000300""]""",Org1MSP Org2MSP ,VALID,, 10003 10202,,WT,155,15231,0
2022-04-07T17:25:55.362Z,f8a74d0ba265672abc5b051af2ead4d26b26107c47081893f47cfc72dd17bfe1,Org1MSP,Func7,"[7747"",""100"",""1"",""100""]""",Org1MSP Org2MSP ,VALID, 1 7747, 1 7747,,UT,155,15242,0
2022-04-07T17:25:55.363Z,b474c0e30ffb1d7105dade79bb952b23b9e3eca7031bf2c9f61747605ea81d06,Org1MSP,Func7,"[19"",""100"",""62"",""100""]""",Org1MSP Org2MSP ,VALID, 19 62, 19 62,,UT,155,15211,0
2022-04-07T17:25:55.364Z,e5b813dfa237bdfda225ced19e6945e0e332d377696d3007b81b795bcb9eb8f5,Org1MSP,Func4,"[10369"",""1036900"",""10006"",""1000600""]""",Org1MSP Org2MSP ,VALID,, 10006 10369,,WT,155,15228,0
2022-04-07T17:25:55.367Z,9cce4fbd59378173a981ee9c407a1a5a349d4571cfe58796232d0650942c0b80,Org1MSP,Func4,"[10007"",""1000700"",""11287"",""1128700""]""",Org1MSP Org2MSP ,VALID,, 10007 11287,,WT,155,15202,0
2022-04-07T17:25:55.455Z,d1a9029d561617f5feb7c2f8e2e29fc2b0cdfaa2961c95db06a952c721d5f4ef,Org1MSP,Func1,"[483"",""18""]""",Org1MSP Org2MSP ,VALID, 18 483,,,RT,156,15318,0
2022-04-07T17:25:55.456Z,91b496da3b6f2dd64553bc6b2a7cd6f282db2c83114e0b8cb99d0609c9a3ff06,Org1MSP,Func1,"[3"",""1""]""",Org1MSP Org2MSP ,VALID, 1 3,,,RT,155,15239,0
2022-04-07T17:25:55.458Z,caf251ea5f8446b1b9f537dcbad575be31d5a1d3a7d6eb4dd69b00e7938b9876,Org1MSP,Func1,"[4"",""68""]""",Org1MSP Org2MSP ,VALID, 4 68,,,RT,155,15222,0
2022-04-07T17:25:55.459Z,47e2a22db0f9ec28784f7ad673f4f7018b422c3b4f196fd6d1ea0c31ab437668,Org1MSP,Func4,"[10748"",""1074800"",""10012"",""1001200""]""",Org1MSP Org2MSP ,VALID,, 10012 10748,,WT,155,15174,0
2022-04-07T17:25:55.461Z,afc0bac97dadf15d431e6b0f459b8d26c9109fccd6945b33dedc9d41325593fb,Org1MSP,Func4,"[10072"",""1007200"",""10405"",""1040500""]""",Org1MSP Org2MSP ,VALID,, 10072 10405,,WT,155,15207,0
2022-04-07T17:25:55.461Z,f8b3c5c4f7543946e25b8c729e86188edd694f9ed4af5255700a3a8d482e16f6,Org1MSP,Func1,"[2572"",""9""]""",Org1MSP Org2MSP ,VALID, 2572 9,,,RT,155,15235,0
2022-04-07T17:25:55.463Z,4669aa5c9f011b72fd6024e484d2d1032aeae1e70bcb9d41702b46e15a08aad3,Org1MSP,Func4,"[10002"",""1000200"",""10120"",""1012000""]""",Org1MSP Org2MSP ,VALID,, 10002 10120,,WT,155,15172,0
2022-04-07T17:25:55.463Z,c50e65747b993bd6d2a53ebaf173ed0dcb26c804136035668ae6cdf46fc8168b,Org1MSP,Func4,"[10975"",""1097500"",""10162"",""1016200""]""",Org1MSP Org2MSP ,VALID,, 10162 10975,,WT,155,15220,0
2022-04-07T17:25:55.464Z,13944ae282a39b58c3ce415a2f236eb4e12b775e436adcf539cf95e66f60f1b6,Org1MSP,Func4,"[10001"",""1000100"",""10028"",""1002800""]""",Org1MSP Org2MSP ,VALID,, 10001 10028,,WT,155,15151,0
2022-04-07T17:25:55.470Z,30a0d0d6cfe00b91c0af3d237a437f7abbd6142cfa83d7d135fb7161c8c81412,Org1MSP,Func1,"[3476"",""7289""]""",Org1MSP Org2MSP ,VALID, 3476 7289,,,RT,155,15167,0
2022-04-07T17:25:55.556Z,060296cc8482759464db74816b2fc50ab8eac346c03c9f24483355b462000c1b,Org1MSP,Func4,"[11035"",""1103500"",""10000"",""1000000""]""",Org1MSP Org2MSP ,VALID,, 10000 11035,,WT,156,15245,0
2022-04-07T17:25:55.556Z,36d2b1f68364dbef2ff1c3f8baf771ce11a55f8105c8da6e0e409d88d7f39c93,Org1MSP,Func4,"[10001"",""1000100"",""10000"",""1000000""]""",Org1MSP Org2MSP ,VALID,, 10000 10001,,WT,156,15262,0
2022-04-07T17:25:55.558Z,f24dfddce459175385f4a11e95a37f00fbaaa24a1ff8f61285f6c64ff7ef7749,Org1MSP,Func4,"[10796"",""1079600"",""11028"",""1102800""]""",Org1MSP Org2MSP ,VALID,, 10796 11028,,WT,156,15327,0
2022-04-07T17:25:55.559Z,3e940912198f7c41da035b591853d0b1ef9daae18dab10c815608d024245081d,Org1MSP,Func4,"[10004"",""1000400"",""17783"",""1778300""]""",Org1MSP Org2MSP ,VALID,, 10004 17783,,WT,156,15265,0
2022-04-07T17:25:55.560Z,67319e6bee0cd93547db1793dfa2ed4e784947c9f2e736e590f63421fa3bec2c,Org1MSP,Func4,"[10414"",""1041400"",""10014"",""1001400""]""",Org1MSP Org2MSP ,VALID,, 10014 10414,,WT,156,15279,0
2022-04-07T17:25:55.562Z,ac357ad02dba9f656cdeaf4d571f40a8ee57964fe7cdf52232896ce77ac7851a,Org1MSP,Func4,"[10004"",""1000400"",""13812"",""1381200""]""",Org1MSP Org2MSP ,VALID,, 10004 13812,,WT,156,15307,0
2022-04-07T17:25:55.564Z,0215a9b7a6f00334aa8717a516c4967b6e90afdf713ee1f5dcf82e9853cf205c,Org1MSP,Func4,"[10070"",""1007000"",""10003"",""1000300""]""",Org1MSP Org2MSP ,VALID,, 10003 10070,,WT,156,15244,0
2022-04-07T17:25:55.564Z,5f1f2fdfa5ba94f14591236b11fffe2d86c794bfc7dc9144cdce5ff5cbdddc6f,Org1MSP,Func4,"[11439"",""1143900"",""10012"",""1001200""]""",Org1MSP Org2MSP ,VALID,, 10012 11439,,WT,156,15276,0
2022-04-07T17:25:55.568Z,a8d3615127f70de5266bcca10784ba88af8991a18bd657c7be0d7af68a24144b,Org1MSP,Func4,"[10057"",""1005700"",""10008"",""1000800""]""",Org1MSP Org2MSP ,VALID,, 10008 10057,,WT,156,15305,0
2022-04-07T17:25:55.568Z,d7f47af49177e0bb960eaaccd77663957059aeb90c88d9a6969710a4b9e5f3f6,Org1MSP,Func4,"[10032"",""1003200"",""10005"",""1000500""]""",Org1MSP Org2MSP ,VALID,, 10005 10032,,WT,156,15321,0
2022-04-07T17:25:55.658Z,6a0f2c4de0682f73cea24531b9ebec62fd628500ac17e6275d37f63898580d71,Org1MSP,Func7,"[613"",""100"",""40"",""100""]""",Org1MSP Org2MSP ,VALID, 40 613, 40 613,,UT,156,15281,0
2022-04-07T17:25:55.660Z,2813697e264bef4ef3dbe81e0080ee3f268b389befe0d10c31cd48e90ff1ca64,Org1MSP,Func4,"[10009"",""1000900"",""10257"",""1025700""]""",Org1MSP Org2MSP ,VALID,, 10009 10257,,WT,156,15258,0
2022-04-07T17:25:55.660Z,4a6b6ca6b9dad9d27d4172d65ecde9322f1854ce5426b06f7f2ed640630ebf3f,Org1MSP,Func4,"[10000"",""1000000"",""18418"",""1841800""]""",Org1MSP Org2MSP ,VALID,, 10000 18418,,WT,156,15269,0
2022-04-07T17:25:55.660Z,a5f596c97066fcffadc33d2948b6e8b10649c3b79436e10c3eb155ea820ab31e,Org1MSP,Func4,"[10001"",""1000100"",""11601"",""1160100""]""",Org1MSP Org2MSP ,VALID,, 10001 11601,,WT,156,15304,0
2022-04-07T17:25:55.662Z,fc5965ad8de89356cbd93a6131fbf808f6a1448519412954cdb35d24fa4998b7,Org1MSP,Func4,"[10032"",""1003200"",""10001"",""1000100""]""",Org1MSP Org2MSP ,VALID,, 10001 10032,,WT,156,15331,0
2022-04-07T17:25:55.664Z,7042203d859a423e38384c185a4963669686179dcde6648ac34b679b764b8dff,Org1MSP,Func4,"[10002"",""1000200"",""10011"",""1001100""]""",Org1MSP Org2MSP ,VALID,, 10002 10011,,WT,156,15286,0
2022-04-07T17:25:55.669Z,e5a3fa22b449bb0033a4c758b02954fb19e1ca90be78c5958c74392cb2f0dc52,Org1MSP,Func4,"[10739"",""1073900"",""19476"",""1947600""]""",Org1MSP Org2MSP ,VALID,, 10739 19476,,WT,156,15325,0
2022-04-07T17:25:55.672Z,2e47d6b41e2bfe4333dd3683a8687b6579add4aa962f2a6b59d888b643b1125f,Org1MSP,Func7,"[24"",""100"",""105"",""100""]""",Org1MSP Org2MSP ,VALID, 105 24, 105 24,,UT,156,15261,0
2022-04-07T17:25:55.757Z,4c87a13f9c23f1c7bcaccc9a715838e77314b2c90c4ac7b81f71a2ea09861d30,Org1MSP,Func4,"[14867"",""1486700"",""11713"",""1171300""]""",Org1MSP Org2MSP ,VALID,, 11713 14867,,WT,156,15270,0
2022-04-07T17:25:55.757Z,fb7cc16cdc8eae94685a1e2765a57452607bbe286fc7296135c92224eedb4058,Org1MSP,Func4,"[10275"",""1027500"",""10008"",""1000800""]""",Org1MSP Org2MSP ,VALID,, 10008 10275,,WT,156,15330,0
2022-04-07T17:25:55.760Z,076a8b390b97fafa604f7e5b60e903fad9cdcd93791d0608f13869c090de5ab5,Org1MSP,Func1,"[3554"",""1""]""",Org1MSP Org2MSP ,VALID, 1 3554,,,RT,156,15248,0
2022-04-07T17:25:55.762Z,7d9af0a4f3257555597d7812c541ad8424730bb02bc56525f00afcb0e73998dc,Org1MSP,Func1,"[3349"",""2568""]""",Org1MSP Org2MSP ,VALID, 2568 3349,,,RT,156,15289,0
2022-04-07T17:25:55.762Z,84428eeb186af0a5bf153c0a015cab82847b9c483ec1ec0b185c1aedb3c6350b,Org1MSP,Func1,"[13"",""193""]""",Org1MSP Org2MSP ,VALID, 13 193,,,RT,156,15293,0
2022-04-07T17:25:55.763Z,56d7fc25b864679415e04babb1e4178d16b1d621b1f21e293ad7ca8a66e2a3e0,Org1MSP,Func4,"[10527"",""1052700"",""10497"",""1049700""]""",Org1MSP Org2MSP ,VALID,, 10497 10527,,WT,156,15274,0
2022-04-07T17:25:55.765Z,9a759f177b4b48c305abe79cba078773709e0c0851c89e6856e46f1e219e3102,Org1MSP,Func4,"[10000"",""1000000"",""10001"",""1000100""]""",Org1MSP Org2MSP ,VALID,, 10000 10001,,WT,156,15302,0
2022-04-07T17:25:55.766Z,ccc11de53c77b20db856559c6093420f6b645d643a757b5d7c773f0701a0e505,Org1MSP,Func4,"[12884"",""1288400"",""10434"",""1043400""]""",Org1MSP Org2MSP ,VALID,, 10434 12884,,WT,156,15317,0
2022-04-07T17:25:55.768Z,06f7ecc26acddb93cc828e3112fe25dc2e645d8497a147d7cbeb706a233fb9e5,Org1MSP,Func4,"[13005"",""1300500"",""16634"",""1663400""]""",Org1MSP Org2MSP ,VALID,, 13005 16634,,WT,156,15247,0
2022-04-07T17:25:55.855Z,0bf56d723246380906a6174344a218083418e7bf6d253afc327f49cc0a6cff8b,Org1MSP,Func4,"[10001"",""1000100"",""10012"",""1001200""]""",Org1MSP Org2MSP ,VALID,, 10001 10012,,WT,156,15251,0
2022-04-07T17:25:55.856Z,6a0acf5cdf6fa268cf26ae9d69ed415a01fe91eb36815833d6aa11ed91cd5e83,Org1MSP,Func4,"[17541"",""1754100"",""10017"",""1001700""]""",Org1MSP Org2MSP ,VALID,, 10017 17541,,WT,156,15280,0
2022-04-07T17:25:55.858Z,f921a3dc5e23ccf1a23fb0479f6c740a06c63d2029d741bf3eaad7a20144577b,Org1MSP,Func4,"[11918"",""1191800"",""10024"",""1002400""]""",Org1MSP Org2MSP ,VALID,, 10024 11918,,WT,156,15329,0
2022-04-07T17:25:55.859Z,47f5db2d1b01837fbdde195c9bb67ff27844094b372bfdbbab54458c8c5c4185,Org1MSP,Func4,"[10108"",""1010800"",""10150"",""1015000""]""",Org1MSP Org2MSP ,VALID,, 10108 10150,,WT,156,15267,0
2022-04-07T17:25:55.860Z,0e9f2c12fa856cd3080baf21ff5a97b2b8080d59a4ad34415a06849c141dab57,Org1MSP,Func4,"[13062"",""1306200"",""10015"",""1001500""]""",Org1MSP Org2MSP ,VALID,, 10015 13062,,WT,156,15252,0
2022-04-07T17:25:55.860Z,1fbfe070679c3a04f40d3b53b1c22eb0c0c8b7dc0be28ebbd004089d07e23c02,Org1MSP,Func1,"[3332"",""1""]""",Org1MSP Org2MSP ,VALID, 1 3332,,,RT,156,15333,0
2022-04-07T17:25:55.862Z,0999a84b85581c9b404fc1d62bf1731ab61d2f507a4c1a190eece47ceafa0676,Org1MSP,Func4,"[10000"",""1000000"",""10048"",""1004800""]""",Org1MSP Org2MSP ,VALID,, 10000 10048,,WT,156,15249,0
2022-04-07T17:25:55.862Z,9807b68d6d2c80045febbcaab6aff62b7d253aea3c1da4806ee16e099cee0fcc,Org1MSP,Func4,"[13529"",""1352900"",""10277"",""1027700""]""",Org1MSP Org2MSP ,VALID,, 10277 13529,,WT,156,15300,0
2022-04-07T17:25:55.866Z,8195219148fc4457d8150c521efa18431f68e26ae2a0b77c6a088e15e0a003ce,Org1MSP,Func1,"[5"",""9""]""",Org1MSP Org2MSP ,VALID, 5 9,,,RT,156,15291,0
2022-04-07T17:25:55.867Z,1c537cef58c84587ba3c1851564cb489d9a8ffdd2770dc5eeb0bda359bd98d20,Org1MSP,Func4,"[10011"",""1001100"",""10013"",""1001300""]""",Org1MSP Org2MSP ,VALID,, 10011 10013,,WT,156,15254,0
2022-04-07T17:25:55.956Z,f8ca49b6bbc8cb46e9c3c21c4ad8a236b87413e13dd422ebee87f60f1b43379f,Org1MSP,Func7,"[2"",""100"",""507"",""100""]""",Org1MSP Org2MSP ,VALID, 2 507, 2 507,,UT,156,15328,0
2022-04-07T17:25:55.958Z,3ae7b340abd2f81e59233e8d323a783f13bfc6a9edbbdd3c87cb9bef247c468c,Org1MSP,Func1,"[9435"",""317""]""",Org1MSP Org2MSP ,VALID, 317 9435,,,RT,156,15264,0
2022-04-07T17:25:55.958Z,c0d92ed7b0c7dc807ab05804d864ee30366f7e1c8ac0b505f76ad1f8b1b33413,Org1MSP,Func4,"[10366"",""1036600"",""11215"",""1121500""]""",Org1MSP Org2MSP ,VALID,, 10366 11215,,WT,156,15315,0
2022-04-07T17:25:55.959Z,38bfbc749b936d192646e0eeabb0e488ad2da518963057e9c283885f6bb599b6,Org1MSP,Func7,"[1"",""100"",""59"",""100""]""",Org1MSP Org2MSP ,VALID, 1 59, 1 59,,UT,156,15337,0
2022-04-07T17:25:55.960Z,bcace52cc5077f7de38d6cf3aa3379945cb1d8155b91e5113a47b9adceed11a2,Org1MSP,Func7,"[371"",""100"",""486"",""100""]""",Org1MSP Org2MSP ,VALID, 371 486, 371 486,,UT,156,15313,0
2022-04-07T17:25:55.962Z,540fa4d04370abe8d0e5fa135c630c32fa468b0ec0c488a0451bc52d32c2283e,Org1MSP,Func4,"[10274"",""1027400"",""10000"",""1000000""]""",Org1MSP Org2MSP ,VALID,, 10000 10274,,WT,156,15272,0
2022-04-07T17:25:55.964Z,47f80ede8133e34f1026ab4a6ba6f7c885f44146301bac5ab5c8420934765e13,Org1MSP,Func4,"[11601"",""1160100"",""10000"",""1000000""]""",Org1MSP Org2MSP ,VALID,, 10000 11601,,WT,156,15268,0
2022-04-07T17:25:55.964Z,55069cb45f217c012be45740f33de9e444c4728e2e10c44e0a18c2d2c2b371a3,Org1MSP,Func4,"[10054"",""1005400"",""13813"",""1381300""]""",Org1MSP Org2MSP ,VALID,, 10054 13813,,WT,156,15273,0
2022-04-07T17:25:55.964Z,8189d75cbf0b9d5dc2309adae8164f2749453920c51553dad56905a62011bdcc,Org1MSP,Func7,"[859"",""100"",""3292"",""100""]""",Org1MSP Org2MSP ,VALID, 3292 859, 3292 859,,UT,156,15290,0
2022-04-07T17:25:55.966Z,b68b8fca43cf194b78f4eb9c2e6f6f4c20434d79f1a30041d4bb31912e65aaa5,Org1MSP,Func4,"[10008"",""1000800"",""11814"",""1181400""]""",Org1MSP Org2MSP ,VALID,, 10008 11814,,WT,156,15310,0
2022-04-07T17:25:56.057Z,2078a9a25b5e16b58ab4abb062a31512c3216414ce193f538b5baafc2d1446e1,Org1MSP,Func4,"[10151"",""1015100"",""11445"",""1144500""]""",Org1MSP Org2MSP ,VALID,, 10151 11445,,WT,156,15256,0
2022-04-07T17:25:56.057Z,6fbaef50b357773918643cdc4bab5fc0b40e78c66b1b64f023ed246d612fbc6a,Org1MSP,Func4,"[10595"",""1059500"",""10034"",""1003400""]""",Org1MSP Org2MSP ,VALID,, 10034 10595,,WT,156,15285,0
2022-04-07T17:25:56.058Z,53c1cf5ae70a3b3e0046d008e80e9ba20860b4409a8b59183838959d79b4d616,Org1MSP,Func4,"[10550"",""1055000"",""10006"",""1000600""]""",Org1MSP Org2MSP ,VALID,, 10006 10550,,WT,156,15271,0
2022-04-07T17:25:56.060Z,ca1bcdb254157e96fa0b4c3ecd0c1b6dc97d5e5d8cad0630630ff50175df1b2b,Org1MSP,Func4,"[10003"",""1000300"",""10013"",""1001300""]""",Org1MSP Org2MSP ,VALID,, 10003 10013,,WT,156,15316,0
2022-04-07T17:25:56.061Z,e2354023c60e94c10bcbdde1a036449b38b5b6263018890bcff21e839b5e13ca,Org1MSP,Func4,"[10586"",""1058600"",""10004"",""1000400""]""",Org1MSP Org2MSP ,VALID,, 10004 10586,,WT,156,15323,0
2022-04-07T17:25:56.062Z,1ec208c52183fc0ec6777d5708b173790de2dcc357a0637d6226702149c8872f,Org1MSP,Func4,"[10000"",""1000000"",""10003"",""1000300""]""",Org1MSP Org2MSP ,VALID,, 10000 10003,,WT,156,15255,0
2022-04-07T17:25:56.063Z,4878a0c965b3973ee8334a73c0d3908d21228160a1c204bd865e5ec4cbed0d8c,Org1MSP,Func7,"[7"",""100"",""18"",""100""]""",Org1MSP Org2MSP ,VALID, 18 7, 18 7,,UT,156,15336,0
2022-04-07T17:25:56.064Z,6b86cae9aaf293e744ffa9bf28675e088752458d20b5d598d1a51dceb1b8414e,Org1MSP,Func1,"[1673"",""92""]""",Org1MSP Org2MSP ,VALID, 1673 92,,,RT,156,15282,0
2022-04-07T17:25:56.065Z,fe60765750b89c0dc7485a751b04b080c13626c1a5f50d452ee08bbccd2c5328,Org1MSP,Func7,"[2492"",""100"",""70"",""100""]""",Org1MSP Org2MSP ,VALID, 2492 70, 2492 70,,UT,156,15332,0
2022-04-07T17:25:56.156Z,adaaac4431fd03ead3de1aeb54ae722baad44b91feccc194d244537542bd238b,Org1MSP,Func1,"[536"",""727""]""",Org1MSP Org2MSP ,VALID, 536 727,,,RT,156,15308,0
2022-04-07T17:25:56.156Z,e2416fceb017ddc3849e5e126701e7b2a630d051967b83162f6a8f4a3413896f,Org1MSP,Func4,"[10002"",""1000200"",""10000"",""1000000""]""",Org1MSP Org2MSP ,VALID,, 10000 10002,,WT,156,15324,0
2022-04-07T17:25:56.158Z,2e01b622bd38ecff6b061936a1872649c5cf66d88e1dbaac13bea9239366092e,Org1MSP,Func4,"[10009"",""1000900"",""10064"",""1006400""]""",Org1MSP Org2MSP ,VALID,, 10009 10064,,WT,156,15260,0
2022-04-07T17:25:56.158Z,99f6ffbe51eb6237b16a59fb1f1e0dabe16f280e569ef5bac2f5d7f9863f82c5,Org1MSP,Func4,"[10818"",""1081800"",""14509"",""1450900""]""",Org1MSP Org2MSP ,VALID,, 10818 14509,,WT,156,15301,0
2022-04-07T17:25:56.160Z,214222402ec23f233c27471aa8aa636e3533746707d45a5e4df3205ffd9a5ae9,Org1MSP,Func7,"[995"",""100"",""6034"",""100""]""",Org1MSP Org2MSP ,VALID, 6034 995, 6034 995,,UT,156,15257,0
2022-04-07T17:25:56.161Z,d3a4f500e18153e0025086636c1bb55caf777734cde6a78eaef6063879192ed7,Org1MSP,Func4,"[10147"",""1014700"",""10000"",""1000000""]""",Org1MSP Org2MSP ,VALID,, 10000 10147,,WT,156,15319,0
2022-04-07T17:25:56.162Z,87c3d41535765ae7adf739c904d1fc2364c5ed2208cd6c8bdb46759da55877a7,Org1MSP,Func4,"[19903"",""1990300"",""10057"",""1005700""]""",Org1MSP Org2MSP ,VALID,, 10057 19903,,WT,156,15296,0
2022-04-07T17:25:56.162Z,98308890662a2e78e4aa0cc3cd7d1899b7437dc08de4317554bbbfe9c26346f7,Org1MSP,Func1,"[1"",""2897""]""",Org1MSP Org2MSP ,VALID, 1 2897,,,RT,156,15334,0
2022-04-07T17:25:56.166Z,74d663be35f5eeef0b47b0df1ac77c2e985d2724efb0e828b48ffc63f2e0ac95,Org1MSP,Func4,"[10000"",""1000000"",""10000"",""1000000""]""",Org1MSP Org2MSP ,VALID,, 10000,,WT,156,15287,0
2022-04-07T17:25:56.256Z,60d913c5b7e2e2e07deffed64f4e7e2a1175ecdb18200b935f33c4bc8b6db808,Org1MSP,Func4,"[10077"",""1007700"",""11273"",""1127300""]""",Org1MSP Org2MSP ,VALID,, 10077 11273,,WT,156,15277,0
2022-04-07T17:25:56.258Z,e0b224d546507a15d45df918384588d79a62015281509c44a938848baa92c0ce,Org1MSP,Func4,"[10000"",""1000000"",""10129"",""1012900""]""",Org1MSP Org2MSP ,VALID,, 10000 10129,,WT,156,15322,0
2022-04-07T17:25:56.259Z,86c1d3db6b3f255d87f8c760a3ad9b423bbeb82ba845fe9b00021a2915e5ae26,Org1MSP,Func7,"[4919"",""100"",""3"",""100""]""",Org1MSP Org2MSP ,VALID, 3 4919, 3 4919,,UT,156,15294,0
2022-04-07T17:25:56.260Z,661898c930f24b3694a767b2fc6291ac654066c6b0853f448c905aec8267a53b,Org1MSP,Func4,"[10001"",""1000100"",""10001"",""1000100""]""",Org1MSP Org2MSP ,VALID,, 10001,,WT,156,15278,0
2022-04-07T17:25:56.260Z,8368a11a48f14aad7d42cb0d6254c448296799bbeffd934b726bac15952c51a2,Org1MSP,Func4,"[10000"",""1000000"",""10252"",""1025200""]""",Org1MSP Org2MSP ,VALID,, 10000 10252,,WT,156,15292,0
2022-04-07T17:25:56.263Z,978f4d2358a4c3af09e90e25f80d5134ac53e28c175aafd53867f9b4768e7406,Org1MSP,Func4,"[11047"",""1104700"",""10808"",""1080800""]""",Org1MSP Org2MSP ,VALID,, 10808 11047,,WT,156,15299,0
2022-04-07T17:25:56.264Z,bf592b1dfd4aa5d5333f981939d09360b123defaf38d5e2196da8155923d8cd7,Org1MSP,Func4,"[10450"",""1045000"",""10016"",""1001600""]""",Org1MSP Org2MSP ,VALID,, 10016 10450,,WT,156,15314,0
2022-04-07T17:25:56.265Z,392146a42188c8b4920713fd6d538d9504f03e6355b5816aaba992c1bfff657f,Org1MSP,Func4,"[10578"",""1057800"",""10003"",""1000300""]""",Org1MSP Org2MSP ,VALID,, 10003 10578,,WT,156,15263,0
2022-04-07T17:25:56.266Z,75ef6259a99c780109380028d350ded967bf789d37dac7cc613744c40cba8d75,Org1MSP,Func4,"[10046"",""1004600"",""13154"",""1315400""]""",Org1MSP Org2MSP ,VALID,, 10046 13154,,WT,156,15288,0
2022-04-07T17:25:56.355Z,6ebd8905d760a7a8bc22ee5186ebf52ac41267e2e2a521dc2956be4481b6087a,Org1MSP,Func4,"[10002"",""1000200"",""10247"",""1024700""]""",Org1MSP Org2MSP ,VALID,, 10002 10247,,WT,156,15283,0
2022-04-07T17:25:56.356Z,87b90679683cc614a52d4df4dc05c35e0458c32498278dc1e80dc3049eab362f,Org1MSP,Func1,"[11"",""47""]""",Org1MSP Org2MSP ,VALID, 11 47,,,RT,156,15295,0
2022-04-07T17:25:56.359Z,19280fd0989341efbe7ca15c6a1cef6cb214d25881dadda1edc976540c67762c,Org1MSP,Func1,"[307"",""894""]""",Org1MSP Org2MSP ,VALID, 307 894,,,RT,156,15253,0
2022-04-07T17:25:56.360Z,43e5d37a6df27435657e538f4d221b8fdde1fc3158703d6aa9b5ddbc16b05516,Org1MSP,Func4,"[10867"",""1086700"",""10183"",""1018300""]""",Org1MSP Org2MSP ,VALID,, 10183 10867,,WT,156,15266,0
2022-04-07T17:25:56.360Z,5bdd824dc0060721c4834ffa6a8315872a046c7990a466b0c7a10304533355ed,Org1MSP,Func4,"[10011"",""1001100"",""10050"",""1005000""]""",Org1MSP Org2MSP ,VALID,, 10011 10050,,WT,156,15275,0
2022-04-07T17:25:56.360Z,b85aba20d3bf54864c7b85aa1e1cdcae7f5ee17b1463061fc46bb9f4bf33e9f2,Org1MSP,Func4,"[11355"",""1135500"",""10002"",""1000200""]""",Org1MSP Org2MSP ,VALID,, 10002 11355,,WT,156,15311,0
2022-04-07T17:25:56.363Z,6fa837be764ba6f5f006a380e24b1906b68a652a08d6f1dcade032d58ec40604,Org1MSP,Func4,"[10441"",""1044100"",""10120"",""1012000""]""",Org1MSP Org2MSP ,VALID,, 10120 10441,,WT,156,15284,0
2022-04-07T17:25:56.363Z,a928ce5758d5f10acc561c097dbee666aac275259c5192dc4ad796c1b5c9faf1,Org1MSP,Func4,"[10000"",""1000000"",""10318"",""1031800""]""",Org1MSP Org2MSP ,VALID,, 10000 10318,,WT,156,15306,0
2022-04-07T17:25:56.364Z,28ccb34a5c9bc950d5e39f3559af3c6b5ccdb3faee1107ff6fc57df9eec753f8,Org1MSP,Func4,"[10067"",""1006700"",""11268"",""1126800""]""",Org1MSP Org2MSP ,VALID,, 10067 11268,,WT,156,15259,0
2022-04-07T17:25:56.368Z,d5279af9ab464cd9b4e2f821e9448598373cb2631b5ef1cc1141b40e3ad8fc5f,Org1MSP,Func4,"[10000"",""1000000"",""10818"",""1081800""]""",Org1MSP Org2MSP ,VALID,, 10000 10818,,WT,156,15320,0
2022-04-07T17:25:56.455Z,b59fb8881e50fd21c87e3825c6e3f8730dbd8a47c4e21e484a2acad5e639a547,Org1MSP,Func4,"[10117"",""1011700"",""12248"",""1224800""]""",Org1MSP Org2MSP ,VALID,, 10117 12248,,WT,156,15309,0
2022-04-07T17:25:56.457Z,0b8e9aa57b014525d0989a40794478899dc913f6b81eaad1ae20d1acb7510335,Org1MSP,Func4,"[10094"",""1009400"",""10000"",""1000000""]""",Org1MSP Org2MSP ,VALID,, 10000 10094,,WT,156,15250,0
2022-04-07T17:25:56.458Z,e9898ab7805c478dded4f9d9dba6f16deed4c0c167dca9c6bd66b4165ee3e031,Org1MSP,Func7,"[1697"",""100"",""3264"",""100""]""",Org1MSP Org2MSP ,VALID, 1697 3264, 1697 3264,,UT,156,15326,0
2022-04-07T17:25:56.460Z,06c1ae0516af35908191c0c1f2adec92b52554baf825c059065b4ea28fba6f51,Org1MSP,Func4,"[10265"",""1026500"",""10027"",""1002700""]""",Org1MSP Org2MSP ,VALID,, 10027 10265,,WT,156,15246,0
2022-04-07T17:25:56.460Z,8fe51d84af6d574c26e3ada79cda363c1a8cd47f02cce92564633497bf724244,Org1MSP,Func4,"[10693"",""1069300"",""10123"",""1012300""]""",Org1MSP Org2MSP ,VALID,, 10123 10693,,WT,156,15297,0
2022-04-07T17:25:56.463Z,95c1dd58ae7da17c0b138e1f2f94a696bcfbe42536062db3e03e95e5353c8623,Org1MSP,Func4,"[10053"",""1005300"",""10306"",""1030600""]""",Org1MSP Org2MSP ,VALID,, 10053 10306,,WT,156,15298,0
2022-04-07T17:25:56.464Z,a02378153b2839530711e682b18c82bd781820978e7c1e9cc49e6812bf04fb96,Org1MSP,Func4,"[10251"",""1025100"",""10024"",""1002400""]""",Org1MSP Org2MSP ,VALID,, 10024 10251,,WT,156,15303,0
2022-04-07T17:25:56.467Z,2101e7aa1987e21a1dc431be35beaf39a8f0dea89b5be03a39be0397f5a57629,Org1MSP,Func7,"[162"",""100"",""13"",""100""]""",Org1MSP Org2MSP ,VALID, 13 162, 13 162,,UT,156,15335,0
2022-04-07T17:25:56.469Z,bc6e8ceee5bea84ad9392e417563890c81a6716620cd0286a948d51c4cd0c1a6,Org1MSP,Func4,"[10000"",""1000000"",""10423"",""1042300""]""",Org1MSP Org2MSP ,VALID,, 10000 10423,,WT,156,15312,0
2022-04-07T17:25:56.555Z,61a6d06a8b9b5a79146c64b7ec29b41187033a9defda9eb20ca67f881cf3e802,Org1MSP,Func1,"[1045"",""2551""]""",Org1MSP Org2MSP ,VALID, 1045 2551,,,RT,157,15364,0
2022-04-07T17:25:56.557Z,c2de4f9315d88974195f804a236b3e2529df16e9afc17f4082904202388cdb63,Org1MSP,Func4,"[13790"",""1379000"",""10010"",""1001000""]""",Org1MSP Org2MSP ,VALID,, 10010 13790,,WT,157,15403,0
2022-04-07T17:25:56.558Z,d5738dacc460813729f7f70cb03daaed7b80e7c87166807ae455dd88004de2b3,Org1MSP,Func4,"[10000"",""1000000"",""10045"",""1004500""]""",Org1MSP Org2MSP ,VALID,, 10000 10045,,WT,157,15412,0
2022-04-07T17:25:56.559Z,f74325d4755d6d8c81e0f6afcbbd7b1ff63e4224da97eba856d12f29e66dda2d,Org1MSP,Func4,"[10519"",""1051900"",""10084"",""1008400""]""",Org1MSP Org2MSP ,VALID,, 10084 10519,,WT,157,15426,0
2022-04-07T17:25:56.561Z,42c9cbac863d72f6b283a57cd24787d103d1692f7d7bd14d4c0d47036db982a6,Org1MSP,Func4,"[10542"",""1054200"",""10111"",""1011100""]""",Org1MSP Org2MSP ,VALID,, 10111 10542,,WT,157,15357,0
2022-04-07T17:25:56.563Z,6ac40530ce455994f2e5c0dc554a9a5119b211f70a516924ef2d0970265417e3,Org1MSP,Func7,"[32"",""100"",""446"",""100""]""",Org1MSP Org2MSP ,VALID, 32 446, 32 446,,UT,157,15368,0
2022-04-07T17:25:56.563Z,dd4a21da4aefe44b4172b022b05399938b36842730ec97aa2e0e27d19cce1a41,Org1MSP,Func4,"[15390"",""1539000"",""10020"",""1002000""]""",Org1MSP Org2MSP ,VALID,, 10020 15390,,WT,157,15416,0
2022-04-07T17:25:56.565Z,7953144df9aa4629e575713ab9a6bf960abdc50673ecc80503c754aa96c04453,Org1MSP,Func4,"[10001"",""1000100"",""11927"",""1192700""]""",Org1MSP Org2MSP ,VALID,, 10001 11927,,WT,157,15379,0
2022-04-07T17:25:56.567Z,961793f5a11a919e0e99a1e99ad16750b6d3c4bd6723e9459c148df517c9a457,Org1MSP,Func4,"[10004"",""1000400"",""10043"",""1004300""]""",Org1MSP Org2MSP ,VALID,, 10004 10043,,WT,157,15387,0
2022-04-07T17:25:56.656Z,a8552b23a4cf5de2ade05af558e718ef99264ec8534e5edc005d3029ebc1c11d,Org1MSP,Func4,"[10025"",""1002500"",""10199"",""1019900""]""",Org1MSP Org2MSP ,VALID,, 10025 10199,,WT,157,15393,0
2022-04-07T17:25:56.658Z,11f054350c60305f0268de3ab8a65ae8493477f6af2e04b6f8f7e336af567f3c,Org1MSP,Func4,"[17255"",""1725500"",""10477"",""1047700""]""",Org1MSP Org2MSP ,VALID,, 10477 17255,,WT,157,15346,0
2022-04-07T17:25:56.659Z,dad723104b28555f030281228f7669800153cdfe3ca14629023814d01c16819f,Org1MSP,Func4,"[10006"",""1000600"",""10000"",""1000000""]""",Org1MSP Org2MSP ,VALID,, 10000 10006,,WT,157,15415,0
2022-04-07T17:25:56.660Z,cfced3c5aa572d5f2e4d648f740aab1e90497b89a4f12fd124368886007f7d1f,Org1MSP,Func4,"[10041"",""1004100"",""10007"",""1000700""]""",Org1MSP Org2MSP ,VALID,, 10007 10041,,WT,157,15407,0
2022-04-07T17:25:56.661Z,bd87b728dcde35305d755ae1e75f98b5e0bf0088bb78bb941d37cc049ed40504,Org1MSP,Func4,"[10217"",""1021700"",""10001"",""1000100""]""",Org1MSP Org2MSP ,VALID,, 10001 10217,,WT,157,15400,0
2022-04-07T17:25:56.662Z,0dc8c522de694e96aafcaa27a6981933e8317b3b60e11c5451aa42bdca04fddb,Org1MSP,Func4,"[11666"",""1166600"",""17612"",""1761200""]""",Org1MSP Org2MSP ,VALID,, 11666 17612,,WT,157,15340,0
2022-04-07T17:25:56.663Z,3279237a5889e4c633b68c50fc7d2b27f9f744db48dbc49582c04b9d47d3d680,Org1MSP,Func1,"[1"",""1""]""",Org1MSP Org2MSP ,VALID, 1,,,RT,157,15355,0
2022-04-07T17:25:56.665Z,a8564ef9dbd7f54ff6fed1da397956c94083172e036ca1f77262ba85b7a2e9f8,Org1MSP,Func4,"[10214"",""1021400"",""10029"",""1002900""]""",Org1MSP Org2MSP ,VALID,, 10029 10214,,WT,157,15394,0
2022-04-07T17:25:56.667Z,746618a78c89c047b24379edd01340970519cdf981b0de7dc46992b0781867e8,Org1MSP,Func1,"[2"",""132""]""",Org1MSP Org2MSP ,VALID, 132 2,,,RT,157,15376,0
2022-04-07T17:25:56.756Z,10e6779a437832c74e95e841b676cd1cbb50aea52277d6e14160e963cbf10d52,Org1MSP,Func4,"[10049"",""1004900"",""10026"",""1002600""]""",Org1MSP Org2MSP ,VALID,, 10026 10049,,WT,157,15342,0
2022-04-07T17:25:56.756Z,6cfd5898d42194637656efdce69f2aedb86b7a6d88a853f36fdcb3803b7b87af,Org1MSP,Func4,"[10147"",""1014700"",""10001"",""1000100""]""",Org1MSP Org2MSP ,VALID,, 10001 10147,,WT,157,15369,0
2022-04-07T17:25:56.758Z,9d2945f5df2f7ff66108e32f8246267678e8750329475d4f711cbe0124835d52,Org1MSP,Func1,"[734"",""2""]""",Org1MSP Org2MSP ,VALID, 2 734,,,RT,157,15388,0
2022-04-07T17:25:56.759Z,6277bb598ca9301aa95bb6cbb81b88472a64c2917cf154b20e4605a4da030a16,Org1MSP,Func4,"[10000"",""1000000"",""11145"",""1114500""]""",Org1MSP Org2MSP ,VALID,, 10000 11145,,WT,157,15365,0
2022-04-07T17:25:56.760Z,d3a8d7d55da3fa69d24e81a478e31233de67fb03dfc27b6389eefb5228294df3,Org1MSP,Func7,"[3795"",""100"",""6333"",""100""]""",Org1MSP Org2MSP ,VALID, 3795 6333, 3795 6333,,UT,157,15409,0
2022-04-07T17:25:56.761Z,18aca336cc5f26df60c636bc14131ab3eed19a7e6f1c06ae5ae0832cbfd9e45e,Org1MSP,Func1,"[101"",""46""]""",Org1MSP Org2MSP ,VALID, 101 46,,,RT,157,15350,0
2022-04-07T17:25:56.763Z,93f0ba5fbb871def40a4ef56a1ad4d8d93aff195638a40de7fdf27ccda8d5d77,Org1MSP,Func4,"[10001"",""1000100"",""10000"",""1000000""]""",Org1MSP Org2MSP ,VALID,, 10000 10001,,WT,157,15385,0
2022-04-07T17:25:56.763Z,df6e3ddb87c7b24b8759517ed2c59863ef7f4812a281551e0c1acadf6332260e,Org1MSP,Func7,"[119"",""100"",""6399"",""100""]""",Org1MSP Org2MSP ,VALID, 119 6399, 119 6399,,UT,157,15418,0
2022-04-07T17:25:56.767Z,11cf9070919743955bce0597ad14a7cc9f13a611b4a6c75ffa31fcadaddd391d,Org1MSP,Func7,"[6961"",""100"",""588"",""100""]""",Org1MSP Org2MSP ,VALID, 588 6961, 588 6961,,UT,157,15345,0
2022-04-07T17:25:56.857Z,11092438cd6a41c27b4f4d877372214916a2d2a6cb8fedb25e1e0c1675f7c4b4,Org1MSP,Func4,"[15013"",""1501300"",""10005"",""1000500""]""",Org1MSP Org2MSP ,VALID,, 10005 15013,,WT,157,15344,0
2022-04-07T17:25:56.857Z,8bf4d8acba60e5c07853cd29bff9aac1a77b966d54d9d445225f94f537058e2c,Org1MSP,Func7,"[6"",""100"",""3642"",""100""]""",Org1MSP Org2MSP ,VALID, 3642 6, 3642 6,,UT,157,15434,0
2022-04-07T17:25:56.858Z,a9a7cdc0a81923ce6d07c1dea8e3fd7777eee0f5c5c892f3560307e8e42a7dc7,Org1MSP,Func4,"[13008"",""1300800"",""10145"",""1014500""]""",Org1MSP Org2MSP ,VALID,, 10145 13008,,WT,157,15395,0
2022-04-07T17:25:56.859Z,81b39561bf228a3bbd71ed0614f533b14735c1f233f276267ed8648426e5bfb1,Org1MSP,Func4,"[10001"",""1000100"",""10605"",""1060500""]""",Org1MSP Org2MSP ,VALID,, 10001 10605,,WT,157,15382,0
2022-04-07T17:25:56.861Z,c266a9a921d1c637406f68deba1eae616d52c6567d3e8a0923137d3c284a552d,Org1MSP,Func4,"[13865"",""1386500"",""10752"",""1075200""]""",Org1MSP Org2MSP ,VALID,, 10752 13865,,WT,157,15402,0
2022-04-07T17:25:56.862Z,91ec07582bfd6d23d43d7c1bf9d16d4b953b7af7087420a7185be65ab754b8fc,Org1MSP,Func7,"[99"",""100"",""31"",""100""]""",Org1MSP Org2MSP ,VALID, 31 99, 31 99,,UT,157,15384,0
2022-04-07T17:25:56.862Z,b7d96c54f52fcc581b7cce51ce5d6fbb11a0878109f9f19e8a8b51fd08afcffb,Org1MSP,Func4,"[13109"",""1310900"",""10011"",""1001100""]""",Org1MSP Org2MSP ,VALID,, 10011 13109,,WT,157,15399,0
2022-04-07T17:25:56.864Z,abf0b927dce7abd179d85f4e941253ffd6eac18d346c7d40fef51a247d750554,Org1MSP,Func4,"[12948"",""1294800"",""10084"",""1008400""]""",Org1MSP Org2MSP ,VALID,, 10084 12948,,WT,157,15396,0
2022-04-07T17:25:56.867Z,d20b8c9dd4651bf0018a20a3b8b96edd66afaf552733c3134681b81ca197e6ac,Org1MSP,Func4,"[10023"",""1002300"",""10002"",""1000200""]""",Org1MSP Org2MSP ,VALID,, 10002 10023,,WT,157,15408,0
2022-04-07T17:25:56.867Z,fdd6d130d09e45cfe2d0524d4b0edf911a8cc17b01ad5b1e6225064cbdf9f693,Org1MSP,Func1,"[2565"",""2353""]""",Org1MSP Org2MSP ,VALID, 2353 2565,,,RT,157,15428,0
2022-04-07T17:25:56.955Z,d81011d4fa4764510bd0af8b59bd77861d8fae06e9053d8c7b811dd87490c91a,Org1MSP,Func4,"[10204"",""1020400"",""11306"",""1130600""]""",Org1MSP Org2MSP ,VALID,, 10204 11306,,WT,157,15414,0
2022-04-07T17:25:56.957Z,e761481d901981a8f697a7af2f6c2d7c5434ea8338b31f13a3389261f14a96d5,Org1MSP,Func4,"[10004"",""1000400"",""18234"",""1823400""]""",Org1MSP Org2MSP ,VALID,, 10004 18234,,WT,157,15419,0
2022-04-07T17:25:56.958Z,7b6f95a09b62a805a3f3754a02d0682af13786d04a9176f5fdc5f70c40640799,Org1MSP,Func4,"[10053"",""1005300"",""10000"",""1000000""]""",Org1MSP Org2MSP ,VALID,, 10000 10053,,WT,157,15380,0
2022-04-07T17:25:56.960Z,2671da523f5e0e04b5f94900c73bf56dba70dedb7b07b1f1f53dba126b1d1054,Org1MSP,Func7,"[13"",""100"",""155"",""100""]""",Org1MSP Org2MSP ,VALID, 13 155, 13 155,,UT,157,15353,0
2022-04-07T17:25:56.960Z,4b2b2036d19bfab4cf9e5b9b2dafb03d8236a0dcaa7584375d5272de13426b7f,Org1MSP,Func1,"[77"",""2047""]""",Org1MSP Org2MSP ,VALID, 2047 77,,,RT,157,15359,0
2022-04-07T17:25:56.962Z,274238d15292a31f13c1ae99e37ea14dbe59f277e978f137e19a6b548359952b,Org1MSP,Func4,"[11497"",""1149700"",""10391"",""1039100""]""",Org1MSP Org2MSP ,VALID,, 10391 11497,,WT,157,15354,0
2022-04-07T17:25:56.962Z,7021f13350bc7875e4bfbed3eb53080e1be531388b4029bc44523086a865e104,Org1MSP,Func4,"[10206"",""1020600"",""10000"",""1000000""]""",Org1MSP Org2MSP ,VALID,, 10000 10206,,WT,157,15372,0
2022-04-07T17:25:56.964Z,110018a83131accaeec06b8ff068344e5c750ed2863dd9662c631a3e3c45d0f2,Org1MSP,Func4,"[15028"",""1502800"",""10006"",""1000600""]""",Org1MSP Org2MSP ,VALID,, 10006 15028,,WT,157,15343,0
2022-04-07T17:25:56.964Z,77df3d76bb3bf25daf2b2bcb0d1a0eed5502b04710caff477aa9b23e744f67ab,Org1MSP,Func4,"[15665"",""1566500"",""10248"",""1024800""]""",Org1MSP Org2MSP ,VALID,, 10248 15665,,WT,157,15377,0
2022-04-07T17:25:56.969Z,7c4d7ae37a2ae3839d571a462f04d08dc0cf1c0259beacb447fa73acef91fa9d,Org1MSP,Func1,"[97"",""1""]""",Org1MSP Org2MSP ,VALID, 1 97,,,RT,157,15429,0
2022-04-07T17:25:57.055Z,191daa4c28e5e4941cc49468f0ff3471851ab003d39341cf1b0175125a9e5fc6,Org1MSP,Func4,"[10021"",""1002100"",""10207"",""1020700""]""",Org1MSP Org2MSP ,VALID,, 10021 10207,,WT,157,15351,0
2022-04-07T17:25:57.057Z,13e4d8d9bbea8b97fe87d1308aeb379f9a46c1a1525e01339447b382f26e9b54,Org1MSP,Func7,"[2800"",""100"",""72"",""100""]""",Org1MSP Org2MSP ,VALID, 2800 72, 2800 72,,UT,157,15349,0
2022-04-07T17:25:57.059Z,52f8932133bf2454633e1cc81a87c1319e8c6b38d33b5c26848b31f561ed6fb8,Org1MSP,Func4,"[10129"",""1012900"",""10091"",""1009100""]""",Org1MSP Org2MSP ,VALID,, 10091 10129,,WT,157,15361,0
2022-04-07T17:25:57.059Z,bda0783d350b3a29ab2f0f0b52ee54174119b54b66c5e8ec4f1ae467ca365e6c,Org1MSP,Func4,"[10801"",""1080100"",""10021"",""1002100""]""",Org1MSP Org2MSP ,VALID,, 10021 10801,,WT,157,15401,0
2022-04-07T17:25:57.060Z,d4c0ebf9ae957341d99d20a3e5b8d8ec8dd0fb1d6a8ac45a02dfe840aa120600,Org1MSP,Func1,"[8271"",""349""]""",Org1MSP Org2MSP ,VALID, 349 8271,,,RT,157,15410,0
2022-04-07T17:25:57.061Z,81a8fa9842dc8249c76ada7342577d32ee75df6f32b27be2dc3c225e250f0560,Org1MSP,Func1,"[1"",""18""]""",Org1MSP Org2MSP ,VALID, 1 18,,,RT,157,15430,0
2022-04-07T17:25:57.062Z,b7bc80697373c06f52161e6afa6150389c5123b36d9dca1dde30c7c40bccb45e,Org1MSP,Func4,"[10012"",""1001200"",""10208"",""1020800""]""",Org1MSP Org2MSP ,VALID,, 10012 10208,,WT,157,15398,0
2022-04-07T17:25:57.063Z,6aa99edc4682665de1007705f1d50412abc67400f4e9faadd5303f1e7ccbb810,Org1MSP,Func4,"[10001"",""1000100"",""12075"",""1207500""]""",Org1MSP Org2MSP ,VALID,, 10001 12075,,WT,157,15367,0
2022-04-07T17:25:57.066Z,743716da44b43d388eb7143de72e5b15a370cd3977f14412382fee17d5935ca0,Org1MSP,Func4,"[10011"",""1001100"",""10006"",""1000600""]""",Org1MSP Org2MSP ,VALID,, 10006 10011,,WT,157,15375,0
2022-04-07T17:25:57.066Z,f2e662d20ced10a59d3f8ca53d0e2a702bfd6640c8746c5252d2483940114016,Org1MSP,Func1,"[1512"",""6""]""",Org1MSP Org2MSP ,VALID, 1512 6,,,RT,157,15424,0
2022-04-07T17:25:57.154Z,6350a00d0cb32c6a4da55a7c01173d86f0eb87e0031d0df26d05bb1c9696603f,Org1MSP,Func1,"[2"",""143""]""",Org1MSP Org2MSP ,VALID, 143 2,,,RT,157,15432,0
2022-04-07T17:25:57.157Z,81513da0f4b38ef0a3210d23b91a7cd09b2bb86baf8d06aab25ed5e055416127,Org1MSP,Func4,"[10001"",""1000100"",""11888"",""1188800""]""",Org1MSP Org2MSP ,VALID,, 10001 11888,,WT,157,15381,0
2022-04-07T17:25:57.158Z,9da9aec7b60a07698f2c4f7d47ded7968e9c2bd6cdc8ec7c5868d033ea9f4e46,Org1MSP,Func4,"[10064"",""1006400"",""12694"",""1269400""]""",Org1MSP Org2MSP ,VALID,, 10064 12694,,WT,157,15389,0
2022-04-07T17:25:57.159Z,78c063f0a1da63399751c995b2f6999df7e209564df60fabe26bf243e54935b7,Org1MSP,Func4,"[10955"",""1095500"",""11094"",""1109400""]""",Org1MSP Org2MSP ,VALID,, 10955 11094,,WT,157,15378,0
2022-04-07T17:25:57.161Z,8613c472e4524cad50ff34bffe3f8b23021ac548071c47e43b3a133d95dd823d,Org1MSP,Func7,"[1"",""100"",""1"",""100""]""",Org1MSP Org2MSP ,VALID, 1, 1,,UT,157,15435,0
2022-04-07T17:25:57.164Z,4c836eb0de7d31393c141f4d2cdd27c2b8ee1053b6875d1467d10c02d90d6ab9,Org1MSP,Func4,"[10003"",""1000300"",""10005"",""1000500""]""",Org1MSP Org2MSP ,VALID,, 10003 10005,,WT,157,15360,0
2022-04-07T17:25:57.164Z,b73ecca55cf6d717e491f568a648cd7228f9afb133cf0bbeb348646de9ae3007,Org1MSP,Func4,"[10047"",""1004700"",""10037"",""1003700""]""",Org1MSP Org2MSP ,VALID,, 10037 10047,,WT,157,15397,0
2022-04-07T17:25:57.173Z,65521603e03fc55d9fa62b314277f46c7613623a7b0b01cf36b5480e80e89d25,Org1MSP,Func1,"[330"",""1769""]""",Org1MSP Org2MSP ,VALID, 1769 330,,,RT,157,15366,0
2022-04-07T17:25:57.176Z,0484a7b57b5e83f5a545b0220e56256e725822d77260d654f6ce65e2166fcc47,Org1MSP,Func4,"[10054"",""1005400"",""10000"",""1000000""]""",Org1MSP Org2MSP ,VALID,, 10000 10054,,WT,157,15338,0
2022-04-07T17:25:57.255Z,23581ad2e13d255ffba14d7f78b9c3ebef850089fdde5a5b54e550280672bb54,Org1MSP,Func4,"[10000"",""1000000"",""10200"",""1020000""]""",Org1MSP Org2MSP ,VALID,, 10000 10200,,WT,157,15352,0
2022-04-07T17:25:57.257Z,58daba23b2df86f8bec9eb97bc1fed53df0e444a81eb68b3528f6fb3ba2e361b,Org1MSP,Func1,"[4099"",""4513""]""",Org1MSP Org2MSP ,VALID, 4099 4513,,,RT,157,15362,0
2022-04-07T17:25:57.259Z,72b3227aced9dd96fd16f4ae837d40fddb45706713b8bfa97b968c16c2619f6a,Org1MSP,Func4,"[10266"",""1026600"",""10000"",""1000000""]""",Org1MSP Org2MSP ,VALID,, 10000 10266,,WT,157,15374,0
2022-04-07T17:25:57.260Z,f3ed1c9219aec10b52f260f8af07961566604d3a640c4db78a79edc761c5695e,Org1MSP,Func4,"[10288"",""1028800"",""10493"",""1049300""]""",Org1MSP Org2MSP ,VALID,, 10288 10493,,WT,157,15425,0
2022-04-07T17:25:57.262Z,0a53b89812b762c13606e87187703331b59fc8e9df374661001152ff1a0e1427,Org1MSP,Func4,"[10000"",""1000000"",""10543"",""1054300""]""",Org1MSP Org2MSP ,VALID,, 10000 10543,,WT,157,15339,0
2022-04-07T17:25:57.264Z,71f0b358687bfee0c5058fc96d1f21f44d56516494f17fcc0920acd82b360a12,Org1MSP,Func4,"[10000"",""1000000"",""10695"",""1069500""]""",Org1MSP Org2MSP ,VALID,, 10000 10695,,WT,157,15373,0
2022-04-07T17:25:57.264Z,d4d82d9ba7046d4dc37152afdef2c1fec4eda3a72174562b589177e2a482d13b,Org1MSP,Func1,"[42"",""28""]""",Org1MSP Org2MSP ,VALID, 28 42,,,RT,157,15411,0
2022-04-07T17:25:57.264Z,ef5f9e1547e4f0d8850bd7f44b37e8e0ce881ca2439d137a22b537e1557d716d,Org1MSP,Func4,"[13959"",""1395900"",""10733"",""1073300""]""",Org1MSP Org2MSP ,VALID,, 10733 13959,,WT,157,15422,0
2022-04-07T17:25:57.270Z,42de3f82986f16632ed7c6d758fc38d8c66a71192c93f97f1b55fd732dc8dc71,Org1MSP,Func4,"[13688"",""1368800"",""10405"",""1040500""]""",Org1MSP Org2MSP ,VALID,, 10405 13688,,WT,157,15358,0
2022-04-07T17:25:57.357Z,ca216c288293bff408ac55b6af27772f0f2cb148409f1a611da36fe4431f969e,Org1MSP,Func4,"[10015"",""1001500"",""10073"",""1007300""]""",Org1MSP Org2MSP ,VALID,, 10015 10073,,WT,157,15405,0
2022-04-07T17:25:57.358Z,12b4d2f1ec29480512b7732256e962fbf953abed000c4b6d56fc420566aceb97,Org1MSP,Func7,"[9"",""100"",""16"",""100""]""",Org1MSP Org2MSP ,VALID, 16 9, 16 9,,UT,157,15347,0
2022-04-07T17:25:57.359Z,6a7566a0cd80326ef6992b389f29a9dfee101c675216dc2bfa4545362afd6dfc,Org1MSP,Func1,"[5148"",""2""]""",Org1MSP Org2MSP ,VALID, 2 5148,,,RT,157,15433,0
2022-04-07T17:25:57.360Z,ed13b85b010c58cde6c56b6492fe342cab6ff3d2496f9a4db11b0543d13dea06,Org1MSP,Func4,"[10016"",""1001600"",""10031"",""1003100""]""",Org1MSP Org2MSP ,VALID,, 10016 10031,,WT,157,15420,0
2022-04-07T17:25:57.362Z,60326f391a7dd70462f0afac139d330907d08709af1be5730b20e81ff44f03ba,Org1MSP,Func4,"[11159"",""1115900"",""10166"",""1016600""]""",Org1MSP Org2MSP ,VALID,, 10166 11159,,WT,157,15363,0
2022-04-07T17:25:57.362Z,fb24188d39e0c7c45da726b34077cf0bec4ba3fbebdacb4a260090b5881c5011,Org1MSP,Func4,"[14895"",""1489500"",""10000"",""1000000""]""",Org1MSP Org2MSP ,VALID,, 10000 14895,,WT,157,15427,0
2022-04-07T17:25:57.364Z,95e57b350aa62e8de38c1ec0661a14c2082f753dec2528058d92141f08fcd17e,Org1MSP,Func4,"[10014"",""1001400"",""10218"",""1021800""]""",Org1MSP Org2MSP ,VALID,, 10014 10218,,WT,157,15386,0
2022-04-07T17:25:57.366Z,efe950c9ec01a0606ecff3cf04ec4507411181f8225191b303f19497d189c9f8,Org1MSP,Func4,"[10002"",""1000200"",""12780"",""1278000""]""",Org1MSP Org2MSP ,VALID,, 10002 12780,,WT,157,15423,0
2022-04-07T17:25:57.367Z,4178913946d76c8c2393dfa52115140d7ca2c82a60bf73e8ecac1d3625e3c2dd,Org1MSP,Func4,"[18218"",""1821800"",""10001"",""1000100""]""",Org1MSP Org2MSP ,VALID,, 10001 18218,,WT,157,15356,0
2022-04-07T17:25:57.455Z,ef22fbc19052b16e8f2486d999bfff6bc62cc5d9ca2aa7d3c98a65d21640b1f3,Org1MSP,Func4,"[10004"",""1000400"",""10230"",""1023000""]""",Org1MSP Org2MSP ,VALID,, 10004 10230,,WT,157,15421,0
2022-04-07T17:25:57.456Z,c6bf1a1010a69a304212e844a68589aaacd12bc7436c7c143e7312f45610a4ae,Org1MSP,Func4,"[14233"",""1423300"",""10151"",""1015100""]""",Org1MSP Org2MSP ,VALID,, 10151 14233,,WT,157,15404,0
2022-04-07T17:25:57.458Z,d6c7859b7cab99e652ea8677f1983284bb7ce6c0f5da170a92c5e7bb314a1e45,Org1MSP,Func4,"[10468"",""1046800"",""10002"",""1000200""]""",Org1MSP Org2MSP ,VALID,, 10002 10468,,WT,157,15413,0
2022-04-07T17:25:57.459Z,881db747715cd7d60da5830cfbaa4070906a89240397e651cf4cc2356738b198,Org1MSP,Func7,"[477"",""100"",""93"",""100""]""",Org1MSP Org2MSP ,VALID, 477 93, 477 93,,UT,157,15383,0
2022-04-07T17:25:57.462Z,9fef117f87451f9b83018a379aa84ba55ec65350d031c8706eb7911034b3f334,Org1MSP,Func4,"[10188"",""1018800"",""11514"",""1151400""]""",Org1MSP Org2MSP ,VALID,, 10188 11514,,WT,157,15390,0
2022-04-07T17:25:57.462Z,a5ebd00ebacfe6167de180e69cb54c07907a2823ff5d04345c56fbb32a1f998a,Org1MSP,Func4,"[10002"",""1000200"",""10002"",""1000200""]""",Org1MSP Org2MSP ,VALID,, 10002,,WT,157,15392,0
2022-04-07T17:25:57.464Z,6e4b08e1c8224f24b7fa0259a06b6a4b51112961d375069af54c3c5fcaf19180,Org1MSP,Func4,"[13427"",""1342700"",""10000"",""1000000""]""",Org1MSP Org2MSP ,VALID,, 10000 13427,,WT,157,15370,0
2022-04-07T17:25:57.464Z,a3590675fe1b24a52f881b17f3cc485d3e1554951dfe07bc7746fb46eb3a7faf,Org1MSP,Func4,"[10039"",""1003900"",""10090"",""1009000""]""",Org1MSP Org2MSP ,VALID,, 10039 10090,,WT,157,15391,0
2022-04-07T17:25:57.464Z,ca4db3b32dfccab0581e64f6ba6583ce8c6b66c23ce25161340d5e00c71342ae,Org1MSP,Func4,"[10058"",""1005800"",""10401"",""1040100""]""",Org1MSP Org2MSP ,VALID,, 10058 10401,,WT,157,15406,0
2022-04-07T17:25:57.467Z,0ddb45a4af4a59d5ba6c2759b140a19cd7b9eec575a42350d56f6975cf366318,Org1MSP,Func4,"[16183"",""1618300"",""10128"",""1012800""]""",Org1MSP Org2MSP ,VALID,, 10128 16183,,WT,157,15341,0
2022-04-07T17:25:57.555Z,134f77171be0776fc2aefb46efc24f5b8f9a5a052d04b9c503615b36b5f680bd,Org1MSP,Func4,"[10287"",""1028700"",""10004"",""1000400""]""",Org1MSP Org2MSP ,VALID,, 10004 10287,,WT,157,15348,0
2022-04-07T17:25:57.556Z,df202f74516cb848ca47a62521d8d95fde3ea568363d4a69255359f3ad320e17,Org1MSP,Func4,"[19925"",""1992500"",""12618"",""1261800""]""",Org1MSP Org2MSP ,VALID,, 12618 19925,,WT,157,15417,0
2022-04-07T17:25:57.558Z,e91ad22d0ef6722c4fe98e0c7af895bba8d6a269d4318c3c9f9dde914c992c6e,Org1MSP,Func1,"[1"",""330""]""",Org1MSP Org2MSP ,VALID, 1 330,,,RT,157,15431,0
2022-04-07T17:25:57.559Z,6eb8d77755436ebcbcef8480eb611a9ddfc42308ba26083d086cddb162a39666,Org1MSP,Func4,"[10046"",""1004600"",""10000"",""1000000""]""",Org1MSP Org2MSP ,VALID,, 10000 10046,,WT,157,15371,0
2022-04-07T17:25:57.560Z,5789e5f2d8cb1a1012a7c491c0e1789836907dcc0a5ec2b468d202777394fa58,Org1MSP,Func4,"[10003"",""1000300"",""18477"",""1847700""]""",Org1MSP Org2MSP ,VALID,, 10003 18477,,WT,158,15469,0
2022-04-07T17:25:57.562Z,3d59c4c858d7db40b3838adc0f6d535077758167c5bfac01b20902fc41572561,Org1MSP,Func4,"[10098"",""1009800"",""10198"",""1019800""]""",Org1MSP Org2MSP ,VALID,, 10098 10198,,WT,158,15462,0
2022-04-07T17:25:57.565Z,17f4ccfbb5b2ef0144f9925aa5ba5d0c8ef348390122ae5f4218aac4f5e681e8,Org1MSP,Func4,"[10035"",""1003500"",""10002"",""1000200""]""",Org1MSP Org2MSP ,VALID,, 10002 10035,,WT,158,15445,0
2022-04-07T17:25:57.565Z,3dea40c423c2484a3792c0e005ca91d5ef6c937daa8874ea34d9c490d97d40bb,Org1MSP,Func4,"[13469"",""1346900"",""10002"",""1000200""]""",Org1MSP Org2MSP ,VALID,, 10002 13469,,WT,158,15464,0
2022-04-07T17:25:57.568Z,0b75ce4e1e4cbd8f1a3e287d8e945452968c2116d0f009b90ce6a3935b93383c,Org1MSP,Func4,"[10726"",""1072600"",""10001"",""1000100""]""",Org1MSP Org2MSP ,VALID,, 10001 10726,,WT,158,15439,0
2022-04-07T17:25:57.656Z,1ce9a747cb75af375ffe8617f15cd6adfbadc68af9089bd86d29261979c05660,Org1MSP,Func4,"[10200"",""1020000"",""10001"",""1000100""]""",Org1MSP Org2MSP ,VALID,, 10001 10200,,WT,158,15450,0
2022-04-07T17:25:57.657Z,612fc1a4cb9d1a16ca59c2b6f4a2a7a4924cd2498e116957dcf040d57915237b,Org1MSP,Func1,"[2372"",""1508""]""",Org1MSP Org2MSP ,VALID, 1508 2372,,,RT,158,15472,0
2022-04-07T17:25:57.658Z,7c5f4deb89412c13d58d565c34170c8b9136b42b2ed1e0ae9e4bfb279580f25a,Org1MSP,Func4,"[10000"",""1000000"",""10122"",""1012200""]""",Org1MSP Org2MSP ,VALID,, 10000 10122,,WT,158,15483,0
2022-04-07T17:25:57.659Z,119602d9b345172a30dc65efa4181396d700f9edb077e090fc90dba8031c1071,Org1MSP,Func1,"[8702"",""1""]""",Org1MSP Org2MSP ,VALID, 1 8702,,,RT,158,15440,0
2022-04-07T17:25:57.660Z,9ac1e4589f9847be1f900ddcf72e9ac2fb21fd8009051ac616c5653e7346c996,Org1MSP,Func4,"[10101"",""1010100"",""10007"",""1000700""]""",Org1MSP Org2MSP ,VALID,, 10007 10101,,WT,158,15493,0
2022-04-07T17:25:57.661Z,7ca0091315b89192930117ff906e383408ac9588baf5b2a5eef4cc746a48ced5,Org1MSP,Func4,"[10344"",""1034400"",""15132"",""1513200""]""",Org1MSP Org2MSP ,VALID,, 10344 15132,,WT,158,15484,0
2022-04-07T17:25:57.662Z,de9eaa90441adb43cd9bf980c4325f87fe55719f296fe55372ceeba06452b289,Org1MSP,Func1,"[3"",""3""]""",Org1MSP Org2MSP ,VALID, 3,,,RT,158,15516,0
2022-04-07T17:25:57.664Z,ecfb8d3b751c3576e68d9e7922f30f1d689af27ed5483f555a544a07b17e3275,Org1MSP,Func4,"[10049"",""1004900"",""14853"",""1485300""]""",Org1MSP Org2MSP ,VALID,, 10049 14853,,WT,158,15519,0
2022-04-07T17:25:57.665Z,d369a4fc418bb4a534d9bd1c9d507665aef6b74887b8186bf1e560cf7bd969db,Org1MSP,Func4,"[10000"",""1000000"",""10202"",""1020200""]""",Org1MSP Org2MSP ,VALID,, 10000 10202,,WT,158,15514,0
2022-04-07T17:25:57.666Z,ba139e8ad86ad3738ca5328361af61a42a91e60fffa057b733fd424b2b55f27c,Org1MSP,Func4,"[19766"",""1976600"",""10002"",""1000200""]""",Org1MSP Org2MSP ,VALID,, 10002 19766,,WT,158,15504,0
2022-04-07T17:25:57.755Z,b1ea722b8e4042272b9839f640f0ef9599bd3c2d72551f28dee203ce1d0d11c1,Org1MSP,Func4,"[11715"",""1171500"",""10001"",""1000100""]""",Org1MSP Org2MSP ,VALID,, 10001 11715,,WT,158,15499,0
2022-04-07T17:25:57.757Z,22e1963a416a1f2c8c8cd82496e781a4912afb606f424f9c2bb8bdfc366ffcfb,Org1MSP,Func1,"[73"",""4065""]""",Org1MSP Org2MSP ,VALID, 4065 73,,,RT,158,15453,0
2022-04-07T17:25:57.758Z,e8e930446eb9d014f31a5941c750855210276e4c1d7c9c522c076f250f7a82ed,Org1MSP,Func1,"[17"",""3462""]""",Org1MSP Org2MSP ,VALID, 17 3462,,,RT,158,15518,0
2022-04-07T17:25:57.759Z,39e81b996d43abb0c70d233c70d9f708f2da032278a9cda93a5965d21e5ccc3d,Org1MSP,Func7,"[1444"",""100"",""3784"",""100""]""",Org1MSP Org2MSP ,VALID, 1444 3784, 1444 3784,,UT,158,15459,0
2022-04-07T17:25:57.760Z,c40ac025e647aa32271b5b0ccc9e223afb3b3d8e66dcd6be2f33e04bd4bc5927,Org1MSP,Func7,"[199"",""100"",""146"",""100""]""",Org1MSP Org2MSP ,VALID, 146 199, 146 199,,UT,158,15509,0
2022-04-07T17:25:57.762Z,3cde50448fa19f35b7eba61d0b7ec24bb4be71087b4e0750f4ffc0b9c9efd29a,Org1MSP,Func4,"[10029"",""1002900"",""11180"",""1118000""]""",Org1MSP Org2MSP ,VALID,, 10029 11180,,WT,158,15460,0
2022-04-07T17:25:57.762Z,61153878a6c575ac937729b8ab9573faf28aeab695e4dd3d1f821e048a35b448,Org1MSP,Func4,"[10003"",""1000300"",""10004"",""1000400""]""",Org1MSP Org2MSP ,VALID,, 10003 10004,,WT,158,15471,0
2022-04-07T17:25:57.763Z,3d77daf0281b0427088faaa81454a4bcbc8c20234992992c2dcfa17446115ced,Org1MSP,Func7,"[42"",""100"",""321"",""100""]""",Org1MSP Org2MSP ,VALID, 321 42, 321 42,,UT,158,15463,0
2022-04-07T17:25:57.766Z,74ebdf0ac3a68dbe9c12e7df455310b4eb757802cd3c80a3773681d22a420b45,Org1MSP,Func1,"[3"",""215""]""",Org1MSP Org2MSP ,VALID, 215 3,,,RT,158,15480,0
2022-04-07T17:25:57.855Z,54f01e9c95d52cb2eae937960ba161bea560ee2ac3ee9599cf95d49a8dbd0ed5,Org1MSP,Func7,"[18"",""100"",""3"",""100""]""",Org1MSP Org2MSP ,VALID, 18 3, 18 3,,UT,158,15525,0
2022-04-07T17:25:57.857Z,968aaa82a9c842d39d00bcd7fec76ace06040f70f3730c867448204c84c83f8a,Org1MSP,Func4,"[10005"",""1000500"",""10004"",""1000400""]""",Org1MSP Org2MSP ,VALID,, 10004 10005,,WT,158,15491,0
2022-04-07T17:25:57.857Z,b9ec4f9a9c0a9a8680de337d8489fbfd8e95e958f659ad6c16f4f1de37a4c705,Org1MSP,Func4,"[10060"",""1006000"",""15863"",""1586300""]""",Org1MSP Org2MSP ,VALID,, 10060 15863,,WT,158,15503,0
2022-04-07T17:25:57.860Z,0794f98b2bf7336a7c7b8d8062ca081269f670c30ef2dd431b750e404771b1de,Org1MSP,Func1,"[4084"",""98""]""",Org1MSP Org2MSP ,VALID, 4084 98,,,RT,158,15437,0
2022-04-07T17:25:57.861Z,07640b1b58ee1f218a725fe27066a5aa2cff420e1e95f1b75b4f7d0df170676a,Org1MSP,Func4,"[11840"",""1184000"",""10015"",""1001500""]""",Org1MSP Org2MSP ,VALID,, 10015 11840,,WT,158,15436,0
2022-04-07T17:25:57.861Z,660350341005d27834a80294b7f94a59b76edd3a9dc519bc0c0d6bd3342fc6c5,Org1MSP,Func4,"[10031"",""1003100"",""14484"",""1448400""]""",Org1MSP Org2MSP ,VALID,, 10031 14484,,WT,158,15474,0
2022-04-07T17:25:57.863Z,99bb83adacf11b5b311d90400c2e57417bdc9a1731927db69545c1f7bdd5dc3b,Org1MSP,Func7,"[5"",""100"",""2"",""100""]""",Org1MSP Org2MSP ,VALID, 2 5, 2 5,,UT,158,15524,0
2022-04-07T17:25:57.865Z,1f00c7b32448a3db4280be5a8af4c423758a855d4264f0cf7b7a3ada4d8b38ef,Org1MSP,Func4,"[10003"",""1000300"",""10052"",""1005200""]""",Org1MSP Org2MSP ,VALID,, 10003 10052,,WT,158,15452,0
2022-04-07T17:25:57.865Z,394e1cdcff48efa530a24b1a6d582542ba2ba7a54e85c1d5e5b1cc2c219c931c,Org1MSP,Func4,"[11632"",""1163200"",""10001"",""1000100""]""",Org1MSP Org2MSP ,VALID,, 10001 11632,,WT,158,15458,0
2022-04-07T17:25:57.865Z,9bdf24842bd89d817fcce261ef558bd49ace6c5d12cf876d89478bbaee1cdf27,Org1MSP,Func1,"[9"",""5""]""",Org1MSP Org2MSP ,VALID, 5 9,,,RT,158,15495,0
2022-04-07T17:25:57.955Z,c2053687aeb92687df7253296ff113191c5bd2caa853926d1b524e915f7c6d72,Org1MSP,Func4,"[10001"",""1000100"",""10005"",""1000500""]""",Org1MSP Org2MSP ,VALID,, 10001 10005,,WT,158,15508,0
2022-04-07T17:25:57.958Z,4a9ca89ada0542c79b7a4059feaf8f6b620c145eb2e6b973329b97415db047e2,Org1MSP,Func4,"[12100"",""1210000"",""10001"",""1000100""]""",Org1MSP Org2MSP ,VALID,, 10001 12100,,WT,158,15465,0
2022-04-07T17:25:57.959Z,606b1d7894d1f0a805142cb268dc39389edc8ff7499dfb4da5e5ac08d5cbda36,Org1MSP,Func4,"[15145"",""1514500"",""10001"",""1000100""]""",Org1MSP Org2MSP ,VALID,, 10001 15145,,WT,158,15470,0
2022-04-07T17:25:57.960Z,7e3ea5d23c75a42466325e4815772a04acfaf60827e93aca17f9d916d8bff652,Org1MSP,Func7,"[4"",""100"",""382"",""100""]""",Org1MSP Org2MSP ,VALID, 382 4, 382 4,,UT,158,15485,0
2022-04-07T17:25:57.962Z,4b7109f20f72a5f014414103259a24f455c6a52335355ce845b85523828fa4a9,Org1MSP,Func7,"[103"",""100"",""51"",""100""]""",Org1MSP Org2MSP ,VALID, 103 51, 103 51,,UT,158,15466,0
2022-04-07T17:25:57.962Z,e592997daeff011daf59ae69eeb7c6f4b0af3dfee1f6a09cdbba0da88243c64b,Org1MSP,Func1,"[14"",""12""]""",Org1MSP Org2MSP ,VALID, 12 14,,,RT,158,15517,0
2022-04-07T17:25:57.964Z,5774b44d90b4acd82e89474ccf91374cdd52b011d4d06d22c82f88a2df8e6c7a,Org1MSP,Func4,"[10006"",""1000600"",""10129"",""1012900""]""",Org1MSP Org2MSP ,VALID,, 10006 10129,,WT,158,15468,0
2022-04-07T17:25:57.965Z,9c47c6c232cf54d6f2d6a2ce33835db7bab5818a11faa6c6416ffbfad41bfe41,Org1MSP,Func1,"[5347"",""43""]""",Org1MSP Org2MSP ,VALID, 43 5347,,,RT,158,15496,0
2022-04-07T17:25:57.966Z,8d6fdbd7d6f4012f1f4060964b9bca6d9117e4e3e35b57ce22c009a555d54f48,Org1MSP,Func1,"[195"",""1""]""",Org1MSP Org2MSP ,VALID, 1 195,,,RT,158,15489,0
2022-04-07T17:25:58.055Z,c856d7822753d3fd0bdff4ea436f926b55b4905166371abaa8e95961eefa67e7,Org1MSP,Func7,"[1"",""100"",""1"",""100""]""",Org1MSP Org2MSP ,VALID, 1, 1,,UT,158,15528,0
2022-04-07T17:25:58.057Z,186ccfabdfb34cba5167aee1b1b8d2c612161a51de872e28c65df5ffdadd5036,Org1MSP,Func4,"[10280"",""1028000"",""10776"",""1077600""]""",Org1MSP Org2MSP ,VALID,, 10280 10776,,WT,158,15447,0
2022-04-07T17:25:58.059Z,2873135b05540a639da07aa92fdf270f2c959eea8a7f60003652d3a0ec63a767,Org1MSP,Func1,"[14"",""2447""]""",Org1MSP Org2MSP ,VALID, 14 2447,,,RT,158,15455,0
2022-04-07T17:25:58.060Z,67f73b028b094071b4676afe559e0874609b5ea6dba01f6da46fd984e8a3d600,Org1MSP,Func4,"[10086"",""1008600"",""10000"",""1000000""]""",Org1MSP Org2MSP ,VALID,, 10000 10086,,WT,158,15476,0
2022-04-07T17:25:58.060Z,a3ece374899e38888af296e93df8bbe0f08a6ec7a8746d6d38103c1135c79327,Org1MSP,Func4,"[14345"",""1434500"",""10082"",""1008200""]""",Org1MSP Org2MSP ,VALID,, 10082 14345,,WT,158,15498,0
2022-04-07T17:25:58.061Z,1660334aa291b665609ec54fc78e6bf8fe71cb77312a8a5a335bbf5b4333e0f1,Org1MSP,Func4,"[10413"",""1041300"",""11408"",""1140800""]""",Org1MSP Org2MSP ,VALID,, 10413 11408,,WT,158,15444,0
2022-04-07T17:25:58.062Z,b8122b7df5eb008b328ac1920101ec8dc0b74bdd2fe848e6a2aabce1e9be23f1,Org1MSP,Func4,"[14685"",""1468500"",""10287"",""1028700""]""",Org1MSP Org2MSP ,VALID,, 10287 14685,,WT,158,15501,0
2022-04-07T17:25:58.065Z,baf417806ce626608aa520a79cc0ae2a42ed3ce46d385e358b76e34de8c47172,Org1MSP,Func1,"[1546"",""516""]""",Org1MSP Org2MSP ,VALID, 1546 516,,,RT,158,15505,0
2022-04-07T17:25:58.154Z,631699dc5eb40a88d35fcb426cba9c7e51b30d2a9d5d2c5b42e978f30ffcdd32,Org1MSP,Func4,"[10029"",""1002900"",""10184"",""1018400""]""",Org1MSP Org2MSP ,VALID,, 10029 10184,,WT,158,15473,0
2022-04-07T17:25:58.159Z,1836aff164709d9a0375afae13da83e387321f6f03eca160659ec3d29c425b22,Org1MSP,Func4,"[10056"",""1005600"",""10002"",""1000200""]""",Org1MSP Org2MSP ,VALID,, 10002 10056,,WT,158,15446,0
2022-04-07T17:25:58.159Z,994456f76abef461ccf43d7a3b3140188706de9119b0a43280b51a682d4c9d23,Org1MSP,Func4,"[12349"",""1234900"",""10017"",""1001700""]""",Org1MSP Org2MSP ,VALID,, 10017 12349,,WT,158,15492,0
2022-04-07T17:25:58.159Z,9deb0fa1773e6d2fccde60a4941cc2ee0887a4686204699c5b730608695206cb,Org1MSP,Func4,"[10000"",""1000000"",""10014"",""1001400""]""",Org1MSP Org2MSP ,VALID,, 10000 10014,,WT,158,15497,0
2022-04-07T17:25:58.161Z,d00e9e78dc409d74bc400eae17895b41b0986be347ada8e2c35e8b80aaff1809,Org1MSP,Func4,"[10109"",""1010900"",""16627"",""1662700""]""",Org1MSP Org2MSP ,VALID,, 10109 16627,,WT,158,15512,0
2022-04-07T17:25:58.162Z,26d507b27a8b196f8f5d8a61358479edd48a56815791279a12d86c17fc2ea194,Org1MSP,Func4,"[10001"",""1000100"",""10000"",""1000000""]""",Org1MSP Org2MSP ,VALID,, 10000 10001,,WT,158,15454,0
2022-04-07T17:25:58.164Z,1d636f1fcfa389e551b37f771cc4ed0dd88681ce8237b43e94cfbcef751e9deb,Org1MSP,Func1,"[3"",""60""]""",Org1MSP Org2MSP ,VALID, 3 60,,,RT,158,15451,0
2022-04-07T17:25:58.166Z,3178599c91b4ddd53ae18e3bfcd7210a6a69ac287de6fd69cf03b1958c208b73,Org1MSP,Func4,"[10028"",""1002800"",""10001"",""1000100""]""",Org1MSP Org2MSP ,VALID,, 10001 10028,,WT,158,15456,0
2022-04-07T17:25:58.255Z,83e8ee4709896fa9cbf882e78fbe35555b775bef2ffc0f758fe0fb19c77d661e,Org1MSP,Func4,"[13367"",""1336700"",""12724"",""1272400""]""",Org1MSP Org2MSP ,VALID,, 12724 13367,,WT,158,15486,0
2022-04-07T17:25:58.257Z,161058fde6067ea2336cede666b21aedd12dc9f125ed484037988ce454194230,Org1MSP,Func4,"[11840"",""1184000"",""10035"",""1003500""]""",Org1MSP Org2MSP ,VALID,, 10035 11840,,WT,158,15443,0
2022-04-07T17:25:58.259Z,1b86221a45dffbfb12ae1bcc3acd2fe74a49bb906c1b7b8b617eeef22050760e,Org1MSP,Func4,"[10056"",""1005600"",""10149"",""1014900""]""",Org1MSP Org2MSP ,VALID,, 10056 10149,,WT,158,15449,0
2022-04-07T17:25:58.259Z,66ebe7f3bd85aee0715301436629c540bfab4d2b6e5a4d601185c5c8b5e75f39,Org1MSP,Func1,"[20"",""4262""]""",Org1MSP Org2MSP ,VALID, 20 4262,,,RT,158,15475,0
2022-04-07T17:25:58.260Z,1c79269a23f455d308adaec50b8cbf49f6b02311cd1d952460861b401e69ee57,Org1MSP,Func7,"[17"",""100"",""8"",""100""]""",Org1MSP Org2MSP ,VALID, 17 8, 17 8,,UT,158,15527,0
2022-04-07T17:25:58.262Z,d799f7c47e6d21c02e759f2615fe912fd57909cf1e8bca35b0bd1fadd9161d4b,Org1MSP,Func1,"[1"",""11""]""",Org1MSP Org2MSP ,VALID, 1 11,,,RT,158,15520,0
2022-04-07T17:25:58.263Z,c0c3c66d6eed3f1d5cddfa854303e43617df7e326f315933bf60679722b84940,Org1MSP,Func4,"[10023"",""1002300"",""10082"",""1008200""]""",Org1MSP Org2MSP ,VALID,, 10023 10082,,WT,158,15507,0
2022-04-07T17:25:58.263Z,c8c0c6eca08451068ea5d1095d32a6359ebacbed873384c51b42a44198232efc,Org1MSP,Func4,"[10301"",""1030100"",""10000"",""1000000""]""",Org1MSP Org2MSP ,VALID,, 10000 10301,,WT,158,15511,0
2022-04-07T17:25:58.264Z,941cd58c26fdd10986fd02ea45cfeab8a9c740cfec1377abe57b55f7df9547a6,Org1MSP,Func4,"[14520"",""1452000"",""10001"",""1000100""]""",Org1MSP Org2MSP ,VALID,, 10001 14520,,WT,158,15490,0
2022-04-07T17:25:58.266Z,78e43cbd26fad60eef23305eaed476d219597ac0579332aaf4037521ae80bb1d,Org1MSP,Func4,"[10003"",""1000300"",""10484"",""1048400""]""",Org1MSP Org2MSP ,VALID,, 10003 10484,,WT,158,15482,0
2022-04-07T17:25:58.355Z,e15ad5321fa7bf95cab6ba36b75b033bbc1b95dd0499654a8105db5d733477ee,Org1MSP,Func7,"[5103"",""100"",""12"",""100""]""",Org1MSP Org2MSP ,VALID, 12 5103, 12 5103,,UT,158,15526,0
2022-04-07T17:25:58.357Z,6d1994061134d39f3624c274bc4ec7aadcc453a68437e41b3f098f932ce01f71,Org1MSP,Func4,"[16037"",""1603700"",""10013"",""1001300""]""",Org1MSP Org2MSP ,VALID,, 10013 16037,,WT,158,15479,0
2022-04-07T17:25:58.358Z,56acc8681ff54760ed3c7bbff936f056ca66817d7c43fa3a1e1d4086e22a76de,Org1MSP,Func4,"[10000"",""1000000"",""10331"",""1033100""]""",Org1MSP Org2MSP ,VALID,, 10000 10331,,WT,158,15467,0
2022-04-07T17:25:58.360Z,a428530f5723f3f704fc731558099b6f9f3f2498ca0513814f63bf2bb556b586,Org1MSP,Func1,"[1"",""202""]""",Org1MSP Org2MSP ,VALID, 1 202,,,RT,158,15521,0
2022-04-07T17:25:58.361Z,b206784d4d3bd0ab4d8ce73cdc668b36bac5a199c6ecd8e40672c6238262a256,Org1MSP,Func1,"[997"",""8428""]""",Org1MSP Org2MSP ,VALID, 8428 997,,,RT,158,15500,0
2022-04-07T17:25:58.362Z,387ae59b52762f70ac2c16133532e47a734b29354786b48208815c36f44cbf8b,Org1MSP,Func4,"[10002"",""1000200"",""10001"",""1000100""]""",Org1MSP Org2MSP ,VALID,, 10001 10002,,WT,158,15457,0
2022-04-07T17:25:58.363Z,137bebf046a49582099682045e3fd836d6c5aeeb975c89181d7748e11bfcca42,Org1MSP,Func4,"[10011"",""1001100"",""11419"",""1141900""]""",Org1MSP Org2MSP ,VALID,, 10011 11419,,WT,158,15441,0
2022-04-07T17:25:58.364Z,8b9154eba348081d488a8f007eaf415dabbd7d70e51c13d49ebd5b82c95f54c9,Org1MSP,Func4,"[10851"",""1085100"",""10000"",""1000000""]""",Org1MSP Org2MSP ,VALID,, 10000 10851,,WT,158,15488,0
2022-04-07T17:25:58.371Z,d23bbae374e4bdc45dae33ed7aa439a9c7dc0a8e05d0296294b2f2d996e91de2,Org1MSP,Func4,"[10068"",""1006800"",""10406"",""1040600""]""",Org1MSP Org2MSP ,VALID,, 10068 10406,,WT,158,15513,0
2022-04-07T17:25:58.455Z,6c2c91546bfd909820c844c187b51212b91f79fc999eed89a6cc91ed5f7b47ff,Org1MSP,Func1,"[106"",""13""]""",Org1MSP Org2MSP ,VALID, 106 13,,,RT,158,15478,0
2022-04-07T17:25:58.456Z,8b7f3077c1b3b124a7fec2b04e5e4d9682de9e800b99b8785b41dc7b00658843,Org1MSP,Func4,"[10000"",""1000000"",""10467"",""1046700""]""",Org1MSP Org2MSP ,VALID,, 10000 10467,,WT,158,15487,0
2022-04-07T17:25:58.457Z,783d0b0a4aff0a7d932d2e7f4604db5628238718d0570294a12b8c482f32c02f,Org1MSP,Func4,"[10052"",""1005200"",""10000"",""1000000""]""",Org1MSP Org2MSP ,VALID,, 10000 10052,,WT,158,15481,0
2022-04-07T17:25:58.460Z,1877addfe78c35e41e9aa518c3db73130bc6fe61306cbb3f9ef9c855c7a3e681,Org1MSP,Func4,"[11124"",""1112400"",""10110"",""1011000""]""",Org1MSP Org2MSP ,VALID,, 10110 11124,,WT,158,15448,0
2022-04-07T17:25:58.460Z,6acb7cedfbac0fc155134a439a39e31a6e7c61344c1aecd292efcf75eaede4c7,Org1MSP,Func4,"[10059"",""1005900"",""10336"",""1033600""]""",Org1MSP Org2MSP ,VALID,, 10059 10336,,WT,158,15477,0
2022-04-07T17:25:58.464Z,3d4c63169fafd8f2730099cdc281b44d910c10206aa83bd87489da00c2ce87b4,Org1MSP,Func1,"[66"",""345""]""",Org1MSP Org2MSP ,VALID, 345 66,,,RT,158,15461,0
2022-04-07T17:25:58.465Z,14207710d71f1674139069c23b58409aed1f71c05ba5ebb25eb934c7e7cebf86,Org1MSP,Func7,"[669"",""100"",""3454"",""100""]""",Org1MSP Org2MSP ,VALID, 3454 669, 3454 669,,UT,158,15442,0
2022-04-07T17:25:58.465Z,230459e1254d79d76c10a08f6c3aa1ce19f024aa78d5b957641a8a5099d598a9,Org1MSP,Func1,"[1"",""21""]""",Org1MSP Org2MSP ,VALID, 1 21,,,RT,158,15522,0
2022-04-07T17:25:58.515Z,c8ac31d7c71bb6038fece903a6f89a5b4576920224f959990812b98c077210a6,Org1MSP,Func7,"[6"",""100"",""1603"",""100""]""",Org1MSP Org2MSP ,VALID, 1603 6, 1603 6,,UT,158,15510,0
2022-04-07T17:25:58.559Z,0f3a57d60c81307aeabf2044d0b078db8534da3852f7a1cddd48f27dd7d344a6,Org1MSP,Func1,"[1"",""43""]""",Org1MSP Org2MSP ,VALID, 1 43,,,RT,158,15523,0
2022-04-07T17:25:58.560Z,088a442dae8e001b67e53d1f1405fb03e6632e81213241e59cc4ddfb13bc7a7b,Org1MSP,Func4,"[10037"",""1003700"",""14906"",""1490600""]""",Org1MSP Org2MSP ,VALID,, 10037 14906,,WT,158,15438,0
2022-04-07T17:25:58.560Z,9ade2af8c91dce77a3fec90977d88889020af9db0a15f0c54bbf002f45bee157,Org1MSP,Func4,"[11361"",""1136100"",""10006"",""1000600""]""",Org1MSP Org2MSP ,VALID,, 10006 11361,,WT,158,15494,0
2022-04-07T17:25:58.562Z,bcfd5c74f436ea4c4a0ec85fbb9c989c30678e94b904d78b762791b55cf892b8,Org1MSP,Func4,"[10000"",""1000000"",""13454"",""1345400""]""",Org1MSP Org2MSP ,VALID,, 10000 13454,,WT,158,15506,0
2022-04-07T17:25:58.564Z,dd66ca5e556c77fe1509f252789b5fead3e877bfd09fc9897f4b17af89dff449,Org1MSP,Func4,"[10015"",""1001500"",""10006"",""1000600""]""",Org1MSP Org2MSP ,VALID,, 10006 10015,,WT,158,15515,0
2022-04-07T17:25:58.566Z,b8b4a1155c7e1d8c46a332ca808d155f7f3f5b02cfe8e81a68fc705a1ab60a2a,Org1MSP,Func4,"[10722"",""1072200"",""10007"",""1000700""]""",Org1MSP Org2MSP ,VALID,, 10007 10722,,WT,158,15502,0
2022-04-07T17:25:58.654Z,4f9709c831a1274a14a7c38ddc3ba65ec162f209b47409b5ccfa77c374d27418,Org1MSP,Func1,"[5"",""2042""]""",Org1MSP Org2MSP ,VALID, 2042 5,,,RT,159,15547,0
2022-04-07T17:25:58.659Z,8c2fc624dee709345da94c8e6227b20de22f29502bb70bb2a9dda0689c85e5c9,Org1MSP,Func4,"[13051"",""1305100"",""10046"",""1004600""]""",Org1MSP Org2MSP ,VALID,, 10046 13051,,WT,159,15570,0
2022-04-07T17:25:58.659Z,e27f1838efad154a759cef76182fea3adfe086f824d76c8c147f7b610fd453af,Org1MSP,Func4,"[10009"",""1000900"",""10692"",""1069200""]""",Org1MSP Org2MSP ,VALID,, 10009 10692,,WT,159,15602,0
2022-04-07T17:25:58.660Z,6d6c5a4dc0cceef1c0a80a23c1e1dd32fe088a4f2236e5f3562a3abecf6e6625,Org1MSP,Func4,"[10000"",""1000000"",""13057"",""1305700""]""",Org1MSP Org2MSP ,VALID,, 10000 13057,,WT,159,15556,0
2022-04-07T17:25:58.660Z,da5a4165a5cec96a7d15416c3859c72ccacd61a4577574b6dab2934fdc35990a,Org1MSP,Func4,"[10352"",""1035200"",""10824"",""1082400""]""",Org1MSP Org2MSP ,VALID,, 10352 10824,,WT,159,15597,0
2022-04-07T17:25:58.663Z,894f5ed7690e86cd2d26849a2737e5ead7340229280cfb165074118024a0607c,Org1MSP,Func4,"[10001"",""1000100"",""10002"",""1000200""]""",Org1MSP Org2MSP ,VALID,, 10001 10002,,WT,159,15567,0
2022-04-07T17:25:58.664Z,834df70a45b9811c118786a6dcf4ca2082a63ec00d9c40ff0d2a2acb5a337fa1,Org1MSP,Func4,"[10001"",""1000100"",""10020"",""1002000""]""",Org1MSP Org2MSP ,VALID,, 10001 10020,,WT,159,15564,0
2022-04-07T17:25:58.664Z,85aa2d3e21721f8bb31e06c64093dc592d676898e2501f88cea251a2d7d603f1,Org1MSP,Func1,"[114"",""43""]""",Org1MSP Org2MSP ,VALID, 114 43,,,RT,159,15566,0
2022-04-07T17:25:58.664Z,a6235b69405c8e78ccf90a85487ecc27999c171489f7c7f29a6e2bbf3aec85fd,Org1MSP,Func4,"[10420"",""1042000"",""10001"",""1000100""]""",Org1MSP Org2MSP ,VALID,, 10001 10420,,WT,159,15578,0
2022-04-07T17:25:58.666Z,b8ef3f2de919f2b766334b75c9046c87c9eeba1e7b0a0fbd7b5b326b144c5561,Org1MSP,Func4,"[10071"",""1007100"",""10043"",""1004300""]""",Org1MSP Org2MSP ,VALID,, 10043 10071,,WT,159,15584,0
2022-04-07T17:25:58.756Z,40655ecc24ac887843db7b7c9f62cc08cd561172ec7cb615d3135ca2a3a21e0e,Org1MSP,Func4,"[10099"",""1009900"",""10181"",""1018100""]""",Org1MSP Org2MSP ,VALID,, 10099 10181,,WT,159,15540,0
2022-04-07T17:25:58.757Z,24b7a2c410e78f3c604ae539d84926ee59fb6afdd6d391aa7681fbbd0d33ff9e,Org1MSP,Func4,"[11143"",""1114300"",""11302"",""1130200""]""",Org1MSP Org2MSP ,VALID,, 11143 11302,,WT,159,15535,0
2022-04-07T17:25:58.759Z,ef7f76ebcf8f3a9749880ed3a1901ac0c4265e5565ab4f24d08163244985c445,Org1MSP,Func4,"[10004"",""1000400"",""10038"",""1003800""]""",Org1MSP Org2MSP ,VALID,, 10004 10038,,WT,159,15606,0
2022-04-07T17:25:58.760Z,206cf92bd70f7c5065a151dd04cec20203fb700f08802f94ddeb66d1ea546bda,Org1MSP,Func4,"[11490"",""1149000"",""10500"",""1050000""]""",Org1MSP Org2MSP ,VALID,, 10500 11490,,WT,159,15534,0
2022-04-07T17:25:58.760Z,eadd14671c50d0d733751252fadbf931c754ac81d0ddc7505f034d64f4497b61,Org1MSP,Func1,"[1"",""78""]""",Org1MSP Org2MSP ,VALID, 1 78,,,RT,159,15603,0
2022-04-07T17:25:58.762Z,1d12a7cc688085f38a99ba861a635fa0178dae638b0cd184bdc0c5163c4ce809,Org1MSP,Func4,"[10000"",""1000000"",""10000"",""1000000""]""",Org1MSP Org2MSP ,VALID,, 10000,,WT,159,15533,0
2022-04-07T17:25:58.765Z,6c4f8183d3f745ea405b305750b034d364e03206f27b21c06f4e5397ef4e8349,Org1MSP,Func4,"[10005"",""1000500"",""10016"",""1001600""]""",Org1MSP Org2MSP ,VALID,, 10005 10016,,WT,159,15555,0
2022-04-07T17:25:58.767Z,f68636cf3ff5460a12db53bcd2056d6bc1f42f05cfaeba3f506fca1f38b9a4d1,Org1MSP,Func4,"[10009"",""1000900"",""15809"",""1580900""]""",Org1MSP Org2MSP ,VALID,, 10009 15809,,WT,159,15610,0
2022-04-07T17:25:58.854Z,0df84e1387ca402cebc8b2752b79e676399baec59d4a3008519b4908d6d83508,Org1MSP,Func4,"[10660"",""1066000"",""12018"",""1201800""]""",Org1MSP Org2MSP ,VALID,, 10660 12018,,WT,159,15531,0
2022-04-07T17:25:58.858Z,9dfc71a6f62eb4d0c5b779bb434d9bcf6bcde02dd3f6bbbbad97357a9737cb24,Org1MSP,Func4,"[10002"",""1000200"",""10132"",""1013200""]""",Org1MSP Org2MSP ,VALID,, 10002 10132,,WT,159,15575,0
2022-04-07T17:25:58.858Z,ef916726f5f724a7c79e9f395cb6023baed80f91efdee4ef0d24083cc6847a5e,Org1MSP,Func4,"[10217"",""1021700"",""11360"",""1136000""]""",Org1MSP Org2MSP ,VALID,, 10217 11360,,WT,159,15607,0
2022-04-07T17:25:58.859Z,416593663aa1b1a32ae452ddc57097e63a710f2eaf24ab460884b74e2c2f2ad5,Org1MSP,Func1,"[1"",""1""]""",Org1MSP Org2MSP ,VALID, 1,,,RT,159,15541,0
2022-04-07T17:25:58.860Z,7cc0b6e5469c163e883a3c83a7568dcdcb65ee3181c692421304fe69be911b62,Org1MSP,Func7,"[393"",""100"",""168"",""100""]""",Org1MSP Org2MSP ,VALID, 168 393, 168 393,,UT,159,15562,0
2022-04-07T17:25:58.863Z,aa6bf56bc2ece75a5daf4ace23da71648dd7da9b859d477c4e6842a3e16bc137,Org1MSP,Func1,"[161"",""4""]""",Org1MSP Org2MSP ,VALID, 161 4,,,RT,159,15579,0
2022-04-07T17:25:58.864Z,b0bbcf67203294e612d3ca9c4ae963f8ab920cc785f60e77fc79b3c743c292cf,Org1MSP,Func4,"[11271"",""1127100"",""11980"",""1198000""]""",Org1MSP Org2MSP ,VALID,, 11271 11980,,WT,159,15582,0
2022-04-07T17:25:58.866Z,da9414c157bce3497bbea4ae317bd2afee2e96802fad4029678776397449fe45,Org1MSP,Func4,"[13226"",""1322600"",""10513"",""1051300""]""",Org1MSP Org2MSP ,VALID,, 10513 13226,,WT,159,15598,0
2022-04-07T17:25:58.866Z,dc65c73a9eee83eb9fb82ca780b48d5563bd144a98d7a43ac54031122c868008,Org1MSP,Func4,"[10117"",""1011700"",""10078"",""1007800""]""",Org1MSP Org2MSP ,VALID,, 10078 10117,,WT,159,15599,0
2022-04-07T17:25:58.954Z,32a2cdcba4231f72f3931651e3cc682c131a6ba9fd0bd43566014743ddc60b9d,Org1MSP,Func7,"[3358"",""100"",""1343"",""100""]""",Org1MSP Org2MSP ,VALID, 1343 3358, 1343 3358,,UT,159,15537,0
2022-04-07T17:25:58.957Z,7b3281dce9bc133a8ccd82da068a306f5c91d5c61cb6d9b11e074e79c9f63a64,Org1MSP,Func7,"[1931"",""100"",""414"",""100""]""",Org1MSP Org2MSP ,VALID, 1931 414, 1931 414,,UT,159,15560,0
2022-04-07T17:25:58.959Z,feced515d464266aa4ebd9c7007a985e1a9d1934a40ee0869b08bb9514cd2a3a,Org1MSP,Func4,"[10023"",""1002300"",""10038"",""1003800""]""",Org1MSP Org2MSP ,VALID,, 10023 10038,,WT,159,15614,0
2022-04-07T17:25:58.959Z,b6393c9c247c62d1ae830d5d438177f01571911177d3f22b33b4de8cd92aa549,Org1MSP,Func7,"[43"",""100"",""191"",""100""]""",Org1MSP Org2MSP ,VALID, 191 43, 191 43,,UT,159,15616,0
2022-04-07T17:25:58.961Z,609e6fcf6e5a795d4c77c7b2f71257d68ab085dcfbe465cbba2559bec9bdf070,Org1MSP,Func1,"[1"",""3""]""",Org1MSP Org2MSP ,VALID, 1 3,,,RT,159,15551,0
2022-04-07T17:25:58.963Z,af9d0d24f8cfa9f01426e6477a8e8ae35d0542e8a9e676532d9b794fa4beb255,Org1MSP,Func4,"[10029"",""1002900"",""10240"",""1024000""]""",Org1MSP Org2MSP ,VALID,, 10029 10240,,WT,159,15581,0
2022-04-07T17:25:58.964Z,fd51580faa5642ebce7f37e4c22164cdec1fd5ea996a657945a2cbeeb09e42c9,Org1MSP,Func4,"[10019"",""1001900"",""10026"",""1002600""]""",Org1MSP Org2MSP ,VALID,, 10019 10026,,WT,159,15612,0
2022-04-07T17:25:58.968Z,96c4cc9cf8a7c309d07d1ac43f59df1a2b7f5455e3c0e925b9cf6ccf811f6ad9,Org1MSP,Func1,"[57"",""2""]""",Org1MSP Org2MSP ,VALID, 2 57,,,RT,159,15574,0
2022-04-07T17:25:58.978Z,08d3a8c3f6492d1236ed7edb97fe6270f5da8b9f5288b5fad36de7128894c764,Org1MSP,Func1,"[4"",""1""]""",Org1MSP Org2MSP ,VALID, 1 4,,,RT,159,15530,0
2022-04-07T17:25:59.055Z,42576af0454716b6412cea0d0e0a36b013a700e9721db32073c64a539e620f81,Org1MSP,Func4,"[10002"",""1000200"",""10016"",""1001600""]""",Org1MSP Org2MSP ,VALID,, 10002 10016,,WT,159,15542,0
2022-04-07T17:25:59.057Z,d4137b726d779216541ef1ae1b64aff561d2d988719587c44e49deeb0626d64c,Org1MSP,Func4,"[10005"",""1000500"",""10162"",""1016200""]""",Org1MSP Org2MSP ,VALID,, 10005 10162,,WT,159,15592,0
2022-04-07T17:25:59.058Z,92c147d905ce353ff1bd78f6577698534b085c1604589f5c2f1ec30f15c6f302,Org1MSP,Func1,"[490"",""178""]""",Org1MSP Org2MSP ,VALID, 178 490,,,RT,159,15571,0
2022-04-07T17:25:59.059Z,ace2ba5c29ad7a329f544318ef03ca6b9f0568425fb0fa0e9cc5a3e5bbe883b9,Org1MSP,Func1,"[195"",""695""]""",Org1MSP Org2MSP ,ENDORSEMENT_POLICY_FAILURE, 195 695,,,RT,159,15580,0
2022-04-07T17:25:59.062Z,4b0b74455996db1489a28c4b94f239854aa1139b3ce220fd8eed40f5476962f6,Org1MSP,Func4,"[12178"",""1217800"",""10005"",""1000500""]""",Org1MSP Org2MSP ,VALID,, 10005 12178,,WT,159,15545,0
2022-04-07T17:25:59.062Z,7bda7c97181a436a5a00fc2c65c298d83e56f0612acb2a97b55e27475cddb06e,Org1MSP,Func4,"[10045"",""1004500"",""10133"",""1013300""]""",Org1MSP Org2MSP ,VALID,, 10045 10133,,WT,159,15561,0
2022-04-07T17:25:59.062Z,d499922bdc48d6e967261c392c806af1b81f14ecdb3d2ff38a223b2e586a6a62,Org1MSP,Func4,"[10294"",""1029400"",""10002"",""1000200""]""",Org1MSP Org2MSP ,VALID,, 10002 10294,,WT,159,15593,0
2022-04-07T17:25:59.064Z,675c1849d5706647fc5a07ea803c4ef0476193f0e1319f23c128593f1f32b4bc,Org1MSP,Func4,"[10004"",""1000400"",""10542"",""1054200""]""",Org1MSP Org2MSP ,VALID,, 10004 10542,,WT,159,15552,0
2022-04-07T17:25:59.064Z,b2863a5380053d8bde9c849d698171777cd5f15243478c60a613f3849f13414d,Org1MSP,Func4,"[10027"",""1002700"",""10000"",""1000000""]""",Org1MSP Org2MSP ,VALID,, 10000 10027,,WT,159,15583,0
2022-04-07T17:25:59.067Z,a4e323400c4f9eb5fe150998b43d88101b51558a96f6bb637ea98026121b21a9,Org1MSP,Func7,"[5"",""100"",""9"",""100""]""",Org1MSP Org2MSP ,VALID, 5 9, 5 9,,UT,159,15618,0
2022-04-07T17:25:59.155Z,c73610f0bd7edfda1f48fe2bce828f0e5461b809f50784ad4f5822d81059be4a,Org1MSP,Func4,"[10892"",""1089200"",""10002"",""1000200""]""",Org1MSP Org2MSP ,VALID,, 10002 10892,,WT,159,15588,0
2022-04-07T17:25:59.157Z,027867a9e3165a94ef62d3eef07152a0f80ff965c497bd162120da9036775d05,Org1MSP,Func4,"[10000"",""1000000"",""10009"",""1000900""]""",Org1MSP Org2MSP ,VALID,, 10000 10009,,WT,159,15529,0
2022-04-07T17:25:59.159Z,cc84fda116838f554ba4b54c47e49cad6ce5a9e0c4a0ef9be271378e62fd04ae,Org1MSP,Func4,"[10502"",""1050200"",""10000"",""1000000""]""",Org1MSP Org2MSP ,VALID,, 10000 10502,,WT,159,15589,0
2022-04-07T17:25:59.160Z,7334093a356fab16a9e945be49dc7b649878d03a65da82cf55c3ede5761c3781,Org1MSP,Func7,"[21"",""100"",""61"",""100""]""",Org1MSP Org2MSP ,VALID, 21 61, 21 61,,UT,159,15559,0
2022-04-07T17:25:59.160Z,e195c82df428b5f4381d9f889ed92fe545837ea6c74c3b9e5a257b5ab815580e,Org1MSP,Func4,"[13963"",""1396300"",""10000"",""1000000""]""",Org1MSP Org2MSP ,VALID,, 10000 13963,,WT,159,15601,0
2022-04-07T17:25:59.160Z,01b0f7058beb9f5893afe84e936470527315ebe77b871adfe4164d454afd2781,Org1MSP,Func7,"[2426"",""100"",""2"",""100""]""",Org1MSP Org2MSP ,VALID, 2 2426, 2 2426,,UT,159,15617,0
2022-04-07T17:25:59.163Z,56cb9c94356ace7422b2c1ed8e85c29496bcdc136a2d5169aee89a89d2022349,Org1MSP,Func7,"[60"",""100"",""4565"",""100""]""",Org1MSP Org2MSP ,VALID, 4565 60, 4565 60,,UT,159,15549,0
2022-04-07T17:25:59.164Z,54e38225fd86822a649594454d62a2d4e97d6a83bdb1a5c675ca16eebe6dcfc2,Org1MSP,Func1,"[78"",""780""]""",Org1MSP Org2MSP ,VALID, 78 780,,,RT,159,15548,0
2022-04-07T17:25:59.165Z,2ae7ffeef3021f16133ab527c0c2a091893f417eede0db118d99321f65a7916a,Org1MSP,Func4,"[10074"",""1007400"",""10002"",""1000200""]""",Org1MSP Org2MSP ,VALID,, 10002 10074,,WT,159,15536,0
2022-04-07T17:25:59.167Z,d760b2f9915aaa643359336de3f81c4592a78b54867d3604b573a30399c3cce0,Org1MSP,Func4,"[12176"",""1217600"",""14252"",""1425200""]""",Org1MSP Org2MSP ,VALID,, 12176 14252,,WT,159,15595,0
2022-04-07T17:25:59.256Z,902f5fc9f97e0ae65b98ca0543c15d8178e81b421b398076ed9112983698b786,Org1MSP,Func7,"[1"",""100"",""9878"",""100""]""",Org1MSP Org2MSP ,VALID, 1 9878, 1 9878,,UT,159,15620,0
2022-04-07T17:25:59.258Z,4f3a174224f8bdcd1413c8320d1c04c3e7b9688c81210e2bb19a6e7ae7751b80,Org1MSP,Func4,"[10426"",""1042600"",""11869"",""1186900""]""",Org1MSP Org2MSP ,VALID,, 10426 11869,,WT,159,15546,0
2022-04-07T17:25:59.259Z,c52e188de86809309354dec0c5473a238ca3933591b7aab8d2a8667a2a70fef7,Org1MSP,Func4,"[10003"",""1000300"",""10053"",""1005300""]""",Org1MSP Org2MSP ,VALID,, 10003 10053,,WT,159,15587,0
2022-04-07T17:25:59.260Z,7f056596d20982ce86c569592f34952f456f1c9f734929bb96e6443a4e0140f1,Org1MSP,Func4,"[12367"",""1236700"",""11140"",""1114000""]""",Org1MSP Org2MSP ,VALID,, 11140 12367,,WT,159,15563,0
2022-04-07T17:25:59.261Z,8961754e3b74e61e33fc692f5a0c35a09a7850e27e547fd98c94fd8a9a9355e6,Org1MSP,Func4,"[13381"",""1338100"",""10032"",""1003200""]""",Org1MSP Org2MSP ,VALID,, 10032 13381,,WT,159,15568,0
2022-04-07T17:25:59.262Z,d07ef5f7526cbf546ca68f2300d8337f3b65f2d1b47394a02d69cda6ce6d2b05,Org1MSP,Func4,"[10236"",""1023600"",""10119"",""1011900""]""",Org1MSP Org2MSP ,VALID,, 10119 10236,,WT,159,15591,0
2022-04-07T17:25:59.263Z,436ea93548fa8fc0a928612e85502de47b4facb0d0acb341009179f4363c8c93,Org1MSP,Func4,"[10001"",""1000100"",""10002"",""1000200""]""",Org1MSP Org2MSP ,VALID,, 10001 10002,,WT,159,15543,0
2022-04-07T17:25:59.263Z,d80c1f0fae729fd1d70018c315ca64fc79ae4adae9077bccc60f5154436b5a56,Org1MSP,Func4,"[10130"",""1013000"",""10340"",""1034000""]""",Org1MSP Org2MSP ,VALID,, 10130 10340,,WT,159,15596,0
2022-04-07T17:25:59.264Z,a46966e1194c572b78281b968dc761798bbd8c77ce0f05f98992873427e25ad7,Org1MSP,Func4,"[10778"",""1077800"",""16781"",""1678100""]""",Org1MSP Org2MSP ,VALID,, 10778 16781,,WT,159,15577,0
2022-04-07T17:25:59.355Z,fe60558be8de904ca3754de8947e017b8ffc2cd7d6567d5e2cd9a7f1dbc43b38,Org1MSP,Func4,"[11291"",""1129100"",""10014"",""1001400""]""",Org1MSP Org2MSP ,VALID,, 10014 11291,,WT,159,15613,0
2022-04-07T17:25:59.356Z,f93ce8a8781a768a3bc768f1de472f05cdc3e75b58f6b191449695d652148907,Org1MSP,Func4,"[10003"",""1000300"",""10148"",""1014800""]""",Org1MSP Org2MSP ,VALID,, 10003 10148,,WT,159,15611,0
2022-04-07T17:25:59.358Z,5b13cd9d7014b671972f2945f9699cb896e754fe06c8c841a3480fa9dfa3763d,Org1MSP,Func4,"[10010"",""1001000"",""10074"",""1007400""]""",Org1MSP Org2MSP ,VALID,, 10010 10074,,WT,159,15550,0
2022-04-07T17:25:59.359Z,943c0d55784938b133e6fa7e7d976411a2649b2086fb8c3a59213fda73309211,Org1MSP,Func1,"[9"",""3213""]""",Org1MSP Org2MSP ,VALID, 3213 9,,,RT,159,15572,0
2022-04-07T17:25:59.361Z,f30f7037f78002494cf0793c0f554aa8f4dbe8de58d3f0ed3fc5e664b77c9a7a,Org1MSP,Func4,"[10392"",""1039200"",""10430"",""1043000""]""",Org1MSP Org2MSP ,VALID,, 10392 10430,,WT,159,15609,0
2022-04-07T17:25:59.362Z,eb468946ef1c80f87bc3214d3eca8ed13a2b6920d4937f481d9ab18ce44b7515,Org1MSP,Func4,"[10000"",""1000000"",""13514"",""1351400""]""",Org1MSP Org2MSP ,VALID,, 10000 13514,,WT,159,15604,0
2022-04-07T17:25:59.363Z,7034759ef6713c4eb5efc0035ce01de4f60dcc45ad98634ceac58aad7465583a,Org1MSP,Func4,"[16038"",""1603800"",""10001"",""1000100""]""",Org1MSP Org2MSP ,VALID,, 10001 16038,,WT,159,15557,0
2022-04-07T17:25:59.363Z,a285f743ff18c8a65aab86f5d9c14e46efe4943c76389cb571c204d223b91904,Org1MSP,Func4,"[10063"",""1006300"",""10032"",""1003200""]""",Org1MSP Org2MSP ,VALID,, 10032 10063,,WT,159,15576,0
2022-04-07T17:25:59.455Z,367a3db1f7bf127d6072c76c54eba30a80f81729dc882796393798390cd17960,Org1MSP,Func4,"[10154"",""1015400"",""12956"",""1295600""]""",Org1MSP Org2MSP ,VALID,, 10154 12956,,WT,159,15538,0
2022-04-07T17:25:59.457Z,eb536e9fe917c9a14f641c9c6f77f50679572e3dea640436b7d13877311f1b46,Org1MSP,Func4,"[11837"",""1183700"",""10182"",""1018200""]""",Org1MSP Org2MSP ,VALID,, 10182 11837,,WT,159,15605,0
2022-04-07T17:25:59.458Z,853f8d2344059e4403760daed3fbbcb8c0e9c64041c10d06821efa7c96c03054,Org1MSP,Func4,"[10012"",""1001200"",""15933"",""1593300""]""",Org1MSP Org2MSP ,VALID,, 10012 15933,,WT,159,15565,0
2022-04-07T17:25:59.459Z,1d093ee3407dcca92736b8939aa5e1a5f5dc15bb75822dccc966f439026d1e94,Org1MSP,Func4,"[10461"",""1046100"",""10036"",""1003600""]""",Org1MSP Org2MSP ,VALID,, 10036 10461,,WT,159,15532,0
2022-04-07T17:25:59.460Z,6c492bbb46c228a342dbf43f0f9b027984a5a3a59ed52b6d9572b7d67327d02c,Org1MSP,Func4,"[10243"",""1024300"",""10017"",""1001700""]""",Org1MSP Org2MSP ,VALID,, 10017 10243,,WT,159,15554,0
2022-04-07T17:25:59.462Z,8a28f110fa337a0386e89c7d85bfed36a1461c0869570f6de2711d282fd8fd61,Org1MSP,Func4,"[10023"",""1002300"",""10819"",""1081900""]""",Org1MSP Org2MSP ,VALID,, 10023 10819,,WT,159,15569,0
2022-04-07T17:25:59.463Z,d6a5151697107de39c84b1f8c84c03a0697621cf15187234caf0b8026812f273,Org1MSP,Func1,"[1484"",""9""]""",Org1MSP Org2MSP ,VALID, 1484 9,,,RT,159,15594,0
2022-04-07T17:25:59.465Z,cd9b77f0d58838041be2809f53033c225e010293fa0bfabac60a3e6fd131bebf,Org1MSP,Func4,"[10660"",""1066000"",""10003"",""1000300""]""",Org1MSP Org2MSP ,VALID,, 10003 10660,,WT,159,15590,0
2022-04-07T17:25:59.466Z,e0466cc10d61157c0b238fbbbba0181fa000d4a4c86a432142fa506f37d68b66,Org1MSP,Func4,"[10016"",""1001600"",""10223"",""1022300""]""",Org1MSP Org2MSP ,VALID,, 10016 10223,,WT,159,15600,0
2022-04-07T17:25:59.555Z,52541a29354d49b7a81c3ba388b0ae9d55376c337a887de81936c5dc7d417126,Org1MSP,Func7,"[3"",""100"",""1965"",""100""]""",Org1MSP Org2MSP ,VALID, 1965 3, 1965 3,,UT,159,15615,0
2022-04-07T17:25:59.557Z,ab17d347a9b0dec60a6298371933695985a712034cc2db08d4253df9229390bb,Org1MSP,Func1,"[375"",""1""]""",Org1MSP Org2MSP ,VALID, 1 375,,,RT,159,15619,0
2022-04-07T17:25:59.558Z,47d99ce280b9a28bb4f93882c76dfb23c637e931767f9f66bccfe69b6e0e95a2,Org1MSP,Func4,"[10000"",""1000000"",""10000"",""1000000""]""",Org1MSP Org2MSP ,VALID,, 10000,,WT,159,15544,0
2022-04-07T17:25:59.559Z,9601f0ec77dba6604bf1f0a3f4af4a277d27e67827bdc2a1bded4f510ca92d63,Org1MSP,Func7,"[151"",""100"",""15"",""100""]""",Org1MSP Org2MSP ,VALID, 15 151, 15 151,,UT,159,15573,0
2022-04-07T17:25:59.560Z,3c4cddcd978faf3c19960d1e158ae11728d0900e945d42464617452ef8e34d3f,Org1MSP,Func4,"[10157"",""1015700"",""10387"",""1038700""]""",Org1MSP Org2MSP ,VALID,, 10157 10387,,WT,159,15539,0
2022-04-07T17:25:59.560Z,c1afc2fd20750927633c2fdb7f4705ad5cf8f30d080bd4f90ae07d79ab59ed9e,Org1MSP,Func4,"[10612"",""1061200"",""10000"",""1000000""]""",Org1MSP Org2MSP ,VALID,, 10000 10612,,WT,159,15586,0
2022-04-07T17:25:59.563Z,b940101d20390f8157a918675b40ab89f3b8f103bf14a3b5014b8e38866fd35d,Org1MSP,Func4,"[10000"",""1000000"",""10002"",""1000200""]""",Org1MSP Org2MSP ,VALID,, 10000 10002,,WT,159,15585,0
2022-04-07T17:25:59.563Z,f2fef86686eb6766388d5b32c00d9460dc01dfcfded5d4963588ee7407e60240,Org1MSP,Func4,"[12283"",""1228300"",""10019"",""1001900""]""",Org1MSP Org2MSP ,VALID,, 10019 12283,,WT,159,15608,0
2022-04-07T17:25:59.564Z,6823359f24ea609bad44503195d2bc6e60d6be97a56528492aaf1c5acc237c8f,Org1MSP,Func4,"[10001"",""1000100"",""10005"",""1000500""]""",Org1MSP Org2MSP ,VALID,, 10001 10005,,WT,159,15553,0
2022-04-07T17:25:59.567Z,70ecb44846e9365038813abd12e5b8dea06dca3885eac9a6615997de9422a361,Org1MSP,Func4,"[10019"",""1001900"",""16660"",""1666000""]""",Org1MSP Org2MSP ,VALID,, 10019 16660,,WT,159,15558,0
2022-04-07T17:25:59.655Z,f37e7cd9be44c7660a623b8c855523b765cd9608da563acb8810b7507ec6f26e,Org1MSP,Func4,"[14362"",""1436200"",""10007"",""1000700""]""",Org1MSP Org2MSP ,VALID,, 10007 14362,,WT,160,15708,0
2022-04-07T17:25:59.657Z,8d34d3df8c06977e885672765d25a1e05bde63e3613224f30ca230db7b785b89,Org1MSP,Func4,"[10030"",""1003000"",""12988"",""1298800""]""",Org1MSP Org2MSP ,VALID,, 10030 12988,,WT,160,15676,0
2022-04-07T17:25:59.658Z,7a59670a696d4cd3e9d4b4cd0c0024123a4d8392f6f3d4d481a0d71ec3933404,Org1MSP,Func4,"[12190"",""1219000"",""10000"",""1000000""]""",Org1MSP Org2MSP ,VALID,, 10000 12190,,WT,160,15671,0
2022-04-07T17:25:59.659Z,cb4176df03f659348e380b11a59d1b8867740d65cf23badd83b3f3915769de46,Org1MSP,Func7,"[4944"",""100"",""7"",""100""]""",Org1MSP Org2MSP ,VALID, 4944 7, 4944 7,,UT,160,15715,0
2022-04-07T17:25:59.660Z,8bb67d2d980533d96046ce3bb689db37cce329c7eba9256da1fd8cb83c6f6bb4,Org1MSP,Func4,"[10066"",""1006600"",""11740"",""1174000""]""",Org1MSP Org2MSP ,VALID,, 10066 11740,,WT,160,15675,0
2022-04-07T17:25:59.660Z,cea8d637ac82caa7595078d994014fc7082c1b092cc9f9dbb8082de355c2be6d,Org1MSP,Func1,"[320"",""1""]""",Org1MSP Org2MSP ,VALID, 1 320,,,RT,160,15691,0
2022-04-07T17:25:59.662Z,aaf0ad7571e5680433dae4df7893724f95f887a4ad459f0c96396fbbc52a1f0d,Org1MSP,Func4,"[10196"",""1019600"",""10027"",""1002700""]""",Org1MSP Org2MSP ,VALID,, 10027 10196,,WT,160,15687,0
2022-04-07T17:25:59.663Z,49b140485e36a2e3bbc748f0879fafab58df0d774dbde846e8cdacaa56661936,Org1MSP,Func4,"[10037"",""1003700"",""10000"",""1000000""]""",Org1MSP Org2MSP ,VALID,, 10000 10037,,WT,160,15648,0
2022-04-07T17:25:59.755Z,7bf0596327f5c8946a20caabac873513e222d94cf9ac5d1c1eeb0ba8477c9bd5,Org1MSP,Func4,"[10018"",""1001800"",""10000"",""1000000""]""",Org1MSP Org2MSP ,VALID,, 10000 10018,,WT,160,15672,0
2022-04-07T17:25:59.758Z,181ff931b64fc4ccb5ae80b1f28ac87a1583d4021af3a98af65acf4bc551d6fd,Org1MSP,Func4,"[10031"",""1003100"",""10325"",""1032500""]""",Org1MSP Org2MSP ,VALID,, 10031 10325,,WT,160,15629,0
2022-04-07T17:25:59.758Z,58409f5613623027bab9257accb0c52cc8605e479333def5daa11f378fc1b15f,Org1MSP,Func4,"[10306"",""1030600"",""10001"",""1000100""]""",Org1MSP Org2MSP ,VALID,, 10001 10306,,WT,160,15656,0
2022-04-07T17:25:59.759Z,5fec3a529307b837f7dee4c2c3f84a3aff2d9d9dcce3cdab7a5902176dd40399,Org1MSP,Func4,"[10281"",""1028100"",""10006"",""1000600""]""",Org1MSP Org2MSP ,VALID,, 10006 10281,,WT,160,15661,0
2022-04-07T17:25:59.760Z,2c17e3dc711eb9565b847013e81f95edc57b01172974fb77a29d79e1c1d41c82,Org1MSP,Func4,"[10001"",""1000100"",""10006"",""1000600""]""",Org1MSP Org2MSP ,VALID,, 10001 10006,,WT,160,15639,0
2022-04-07T17:25:59.762Z,551442b65782b781c5d0bfc1ac6122ce8649982688ff5de14ca8c561d8fb5e45,Org1MSP,Func4,"[10002"",""1000200"",""10031"",""1003100""]""",Org1MSP Org2MSP ,VALID,, 10002 10031,,WT,160,15654,0
2022-04-07T17:25:59.762Z,a27dd55381a66612db0e6f6fabcc91eec2bdf3d017b221e7126d30fbcede2961,Org1MSP,Func1,"[4"",""30""]""",Org1MSP Org2MSP ,VALID, 30 4,,,RT,160,15685,0
2022-04-07T17:25:59.764Z,e409e400703e3d7bb035a1a5579e1d3f3d84fe4ef7c7f098eb9d362fa932f9bb,Org1MSP,Func4,"[10003"",""1000300"",""10004"",""1000400""]""",Org1MSP Org2MSP ,VALID,, 10003 10004,,WT,160,15699,0
2022-04-07T17:25:59.765Z,7212cb2a9ad9d58dd215bc4eb0a93261c2f0767af6454bf29ae8ea314589c6bd,Org1MSP,Func4,"[10000"",""1000000"",""10028"",""1002800""]""",Org1MSP Org2MSP ,VALID,, 10000 10028,,WT,160,15668,0
2022-04-07T17:25:59.766Z,9be1e3a9c1b02dc92fe174b6fbe9af39df0c3eb4eaf25217933c96f102d40375,Org1MSP,Func7,"[206"",""100"",""27"",""100""]""",Org1MSP Org2MSP ,VALID, 206 27, 206 27,,UT,160,15710,0
2022-04-07T17:25:59.858Z,8dd8a5644af6d36fa7192558130b978587222f73bb0cbc1075aa0f357dfa303b,Org1MSP,Func7,"[6"",""100"",""2308"",""100""]""",Org1MSP Org2MSP ,VALID, 2308 6, 2308 6,,UT,160,15677,0
2022-04-07T17:25:59.858Z,b5cca3f6cb26304f53962c4628aa226e5c112c783f9979d4768990b0cc923fa5,Org1MSP,Func4,"[10003"",""1000300"",""10164"",""1016400""]""",Org1MSP Org2MSP ,VALID,, 10003 10164,,WT,160,15689,0
2022-04-07T17:25:59.860Z,121e4ecabc1e22d110e8791430df321c7ff6f99202e4eb353db3bd809259599a,Org1MSP,Func4,"[10976"",""1097600"",""10090"",""1009000""]""",Org1MSP Org2MSP ,VALID,, 10090 10976,,WT,160,15626,0
2022-04-07T17:25:59.861Z,5c7c755092fef0f9f39a1ce838b9998899be516b34ab455fe55e601292a12042,Org1MSP,Func4,"[13108"",""1310800"",""10806"",""1080600""]""",Org1MSP Org2MSP ,VALID,, 10806 13108,,WT,160,15658,0
2022-04-07T17:25:59.861Z,83ba600e3fcb8415048c49041d88b59baed6ae06882c0137c941e17a9bd24360,Org1MSP,Func4,"[10006"",""1000600"",""10029"",""1002900""]""",Org1MSP Org2MSP ,VALID,, 10006 10029,,WT,160,15673,0
2022-04-07T17:25:59.862Z,e42438654b5f6b21d570c0315852886129720a872a304561f9c161c5f147cb53,Org1MSP,Func1,"[53"",""5009""]""",Org1MSP Org2MSP ,VALID, 5009 53,,,RT,160,15700,0
2022-04-07T17:25:59.863Z,d408ab552f01984d64bc21512ee989f3c39da43dc1bcaaf7a4d8a23e9f113bae,Org1MSP,Func1,"[198"",""2""]""",Org1MSP Org2MSP ,VALID, 198 2,,,RT,160,15696,0
2022-04-07T17:25:59.865Z,53ffc4f88354c3d39b2041188560df469f5cd8a6ff39fbcb24f047411a478890,Org1MSP,Func4,"[10013"",""1001300"",""11598"",""1159800""]""",Org1MSP Org2MSP ,VALID,, 10013 11598,,WT,160,15653,0
2022-04-07T17:25:59.866Z,ac57e9d20b984b1e5e9f3aef518b01509ffe44f696e6e61d0a15f7bd14e5f91b,Org1MSP,Func4,"[10438"",""1043800"",""10403"",""1040300""]""",Org1MSP Org2MSP ,VALID,, 10403 10438,,WT,160,15688,0
2022-04-07T17:25:59.955Z,64dccaa538ba21b39ac086746785d6db55efd95d8d65338133e3bf668651ceb5,Org1MSP,Func7,"[8001"",""100"",""116"",""100""]""",Org1MSP Org2MSP ,VALID, 116 8001, 116 8001,,UT,160,15663,0
2022-04-07T17:25:59.958Z,f13c75835660ae6833e4df0009c0bcdd7289aff34cf6769e6d4d5f7f2faaa868,Org1MSP,Func4,"[10177"",""1017700"",""10009"",""1000900""]""",Org1MSP Org2MSP ,VALID,, 10009 10177,,WT,160,15705,0
2022-04-07T17:25:59.959Z,1b8bd71c7d00de7bcc2fe05163526cb9933b265897f65535195f351b6fcb64ff,Org1MSP,Func4,"[12390"",""1239000"",""11357"",""1135700""]""",Org1MSP Org2MSP ,VALID,, 11357 12390,,WT,160,15630,0
2022-04-07T17:25:59.960Z,efa4ee9875ae116f5c0f1d4a1f10b51f8b331733a07396c02aa333618dc4329c,Org1MSP,Func1,"[268"",""205""]""",Org1MSP Org2MSP ,VALID, 205 268,,,RT,160,15704,0
2022-04-07T17:25:59.961Z,7975af8b309d8b576272ac8040f33ef2c8a072a29930d2968e8a5f1b33974682,Org1MSP,Func4,"[10098"",""1009800"",""11586"",""1158600""]""",Org1MSP Org2MSP ,VALID,, 10098 11586,,WT,160,15670,0
2022-04-07T17:25:59.965Z,8eb300d8f6545cea708362fea1919356451455625e3bacc4fa6ae3f6cbd9fb61,Org1MSP,Func7,"[39"",""100"",""7960"",""100""]""",Org1MSP Org2MSP ,VALID, 39 7960, 39 7960,,UT,160,15678,0
2022-04-07T17:25:59.966Z,5faf53d9d543b35df8ef67a3107b7f63c5ca5cb82ad01e4fa57c63d0ef1e0cc2,Org1MSP,Func4,"[10180"",""1018000"",""12356"",""1235600""]""",Org1MSP Org2MSP ,VALID,, 10180 12356,,WT,160,15660,0
2022-04-07T17:25:59.967Z,0ac519576d998495fbd9b7f84bd947bde3b292dbc9faa3c8d4ae95f39707be35,Org1MSP,Func4,"[10011"",""1001100"",""10122"",""1012200""]""",Org1MSP Org2MSP ,VALID,, 10011 10122,,WT,160,15624,0
2022-04-07T17:25:59.968Z,6d0c4613ce202e535a95732a784bd23296aee49a1c7f1e33df176bbb56bbd909,Org1MSP,Func4,"[13025"",""1302500"",""10148"",""1014800""]""",Org1MSP Org2MSP ,VALID,, 10148 13025,,WT,160,15665,0
2022-04-07T17:26:00.055Z,334fc1e063daed3f654a653c7889a9115cc8a2afdb7df8aee68541d40ee01183,Org1MSP,Func1,"[1518"",""8931""]""",Org1MSP Org2MSP ,VALID, 1518 8931,,,RT,160,15641,0
2022-04-07T17:26:00.057Z,0679541dacc02b8e6de5c07582c5633de98e2be0ab166a9fce47a3d9e24e964b,Org1MSP,Func4,"[10000"",""1000000"",""10000"",""1000000""]""",Org1MSP Org2MSP ,VALID,, 10000,,WT,160,15622,0
2022-04-07T17:26:00.059Z,446d9dec47778de0bccad898a6ffa39d51f0a7f669701897f3a2018b546a2bbf,Org1MSP,Func4,"[16152"",""1615200"",""10755"",""1075500""]""",Org1MSP Org2MSP ,VALID,, 10755 16152,,WT,160,15646,0
2022-04-07T17:26:00.060Z,211e5f360cde4f2878e1b112954a79c5e1bea0c0570841fd017a77004b61b691,Org1MSP,Func4,"[10034"",""1003400"",""11669"",""1166900""]""",Org1MSP Org2MSP ,VALID,, 10034 11669,,WT,160,15633,0
2022-04-07T17:26:00.062Z,50b93a2d3e9ba1029e9096e8cbb5cee1bcef877e619c28e202e7453c3788d65e,Org1MSP,Func1,"[2"",""1768""]""",Org1MSP Org2MSP ,VALID, 1768 2,,,RT,160,15651,0
2022-04-07T17:26:00.063Z,1c4c0f8a133b1c4ba7b43ef2835164528c25cca5ddafb6937a394b29c0923675,Org1MSP,Func4,"[10023"",""1002300"",""10007"",""1000700""]""",Org1MSP Org2MSP ,VALID,, 10007 10023,,WT,160,15631,0
2022-04-07T17:26:00.063Z,3933073f2a3e2cc0d6e221e38dc50d7fb6cbe0185aa6ca5c04ba0ce028e25db7,Org1MSP,Func4,"[10005"",""1000500"",""10000"",""1000000""]""",Org1MSP Org2MSP ,VALID,, 10000 10005,,WT,160,15643,0
2022-04-07T17:26:00.063Z,d97c452e363270dcfabb8deb83e549afbef58878691c759e698fe4476c24c533,Org1MSP,Func1,"[153"",""2881""]""",Org1MSP Org2MSP ,VALID, 153 2881,,,RT,160,15698,0
2022-04-07T17:26:00.066Z,532e19009353e6f337d88d1381189924d21d047b3695d1b6afe60914e9f3b18c,Org1MSP,Func1,"[1251"",""4858""]""",Org1MSP Org2MSP ,VALID, 1251 4858,,,RT,160,15652,0
2022-04-07T17:26:00.067Z,8af4de42c995a49e04fb0cebe46c5f78ec11f781c8457be7aca191ecdcbb9c0e,Org1MSP,Func4,"[17648"",""1764800"",""10127"",""1012700""]""",Org1MSP Org2MSP ,VALID,, 10127 17648,,WT,160,15674,0
2022-04-07T17:26:00.156Z,4e02e1c764ae789f814a914215b320087bed3298b95fe61811d27f93b857ea28,Org1MSP,Func4,"[10003"",""1000300"",""10101"",""1010100""]""",Org1MSP Org2MSP ,VALID,, 10003 10101,,WT,160,15650,0
2022-04-07T17:26:00.158Z,567353132c229d69dd1fc871fdc4af63fc548141f376fe53e99fe7b92705809b,Org1MSP,Func1,"[11"",""92""]""",Org1MSP Org2MSP ,VALID, 11 92,,,RT,160,15655,0
2022-04-07T17:26:00.160Z,48421df3557abf88eaad2847e4060a9ee1828f8b99d670398d0781246814d95e,Org1MSP,Func1,"[2819"",""9448""]""",Org1MSP Org2MSP ,VALID, 2819 9448,,,RT,160,15647,0
2022-04-07T17:26:00.160Z,75b09a8f96ae1842cecf3fdf485245a9195698d2fed9e6809bee7b6c8fb5e23a,Org1MSP,Func4,"[10002"",""1000200"",""12506"",""1250600""]""",Org1MSP Org2MSP ,VALID,, 10002 12506,,WT,160,15669,0
2022-04-07T17:26:00.160Z,1900b62f3f904da00d603095472436ed775d5fb803d232c71c5af8706a141f83,Org1MSP,Func1,"[3"",""2""]""",Org1MSP Org2MSP ,VALID, 2 3,,,RT,160,15712,0
2022-04-07T17:26:00.161Z,2aa32fb481e2fa00d6acebeba65f47970146d1799ee17e4c6b96a77ed44e4821,Org1MSP,Func4,"[10209"",""1020900"",""10000"",""1000000""]""",Org1MSP Org2MSP ,VALID,, 10000 10209,,WT,160,15637,0
2022-04-07T17:26:00.162Z,086ca67b98c09995ed70986c996d039fc9d28a1d19f74d4dd86667b4ace0eb1f,Org1MSP,Func4,"[12059"",""1205900"",""10123"",""1012300""]""",Org1MSP Org2MSP ,VALID,, 10123 12059,,WT,160,15623,0
2022-04-07T17:26:00.164Z,5cc48d4fd49bed20b52a9dfdaa2b9fa308410bbdda2957703c5b72d46ce75571,Org1MSP,Func4,"[10016"",""1001600"",""12010"",""1201000""]""",Org1MSP Org2MSP ,VALID,, 10016 12010,,WT,160,15659,0
2022-04-07T17:26:00.164Z,991cecec61615e28e382d6ca56dbdbc5fde713e6daef2714937ae049ade3f2e8,Org1MSP,Func4,"[10002"",""1000200"",""11574"",""1157400""]""",Org1MSP Org2MSP ,VALID,, 10002 11574,,WT,160,15681,0
2022-04-07T17:26:00.166Z,1d81e906fbfd05bdbfe661a812fb1630deb83d187823c54777373d8c59c16851,Org1MSP,Func4,"[10001"",""1000100"",""10005"",""1000500""]""",Org1MSP Org2MSP ,VALID,, 10001 10005,,WT,160,15632,0
2022-04-07T17:26:00.258Z,0b49c65969eb2e68bf3b84f07f2ccf5abefd020eb68955b029dc7a6d97cd7114,Org1MSP,Func4,"[10161"",""1016100"",""10017"",""1001700""]""",Org1MSP Org2MSP ,VALID,, 10017 10161,,WT,160,15625,0
2022-04-07T17:26:00.258Z,4991fa105e663c00478acfb0c584c02867bfe73bc489dccefdd644c5b23c6010,Org1MSP,Func1,"[7"",""1""]""",Org1MSP Org2MSP ,VALID, 1 7,,,RT,160,15711,0
2022-04-07T17:26:00.260Z,67a21eb8b6c28369cd44ba7d8cc34f0be2bdecd1ae2cf111548334491e410751,Org1MSP,Func1,"[7703"",""9""]""",Org1MSP Org2MSP ,VALID, 7703 9,,,RT,160,15664,0
2022-04-07T17:26:00.260Z,6e413020f3757d4cd2645466a956c642a780417fed86fa35d49e525133929832,Org1MSP,Func4,"[10000"",""1000000"",""10120"",""1012000""]""",Org1MSP Org2MSP ,VALID,, 10000 10120,,WT,160,15666,0
2022-04-07T17:26:00.261Z,cfa9ec583992327a85110b60c69c24a7e915cf0a5e0c9802b728aca5a2153dc5,Org1MSP,Func4,"[12540"",""1254000"",""18718"",""1871800""]""",Org1MSP Org2MSP ,VALID,, 12540 18718,,WT,160,15692,0
2022-04-07T17:26:00.263Z,429dd77122152490b2056699068e3e5d1c9ec6403d2367cf15c716409290b92b,Org1MSP,Func4,"[10041"",""1004100"",""10003"",""1000300""]""",Org1MSP Org2MSP ,VALID,, 10003 10041,,WT,160,15644,0
2022-04-07T17:26:00.265Z,d104cc6094b3e567525ccc24f313bbd53e7f3bc483eda58142533230039edb93,Org1MSP,Func4,"[10000"",""1000000"",""10744"",""1074400""]""",Org1MSP Org2MSP ,VALID,, 10000 10744,,WT,160,15694,0
2022-04-07T17:26:00.266Z,5ad835e9238ca5c65bdc9c6eaf2bb4e2b16b696374218e7b8c3af50f0c3f4dcc,Org1MSP,Func4,"[10515"",""1051500"",""11042"",""1104200""]""",Org1MSP Org2MSP ,VALID,, 10515 11042,,WT,160,15657,0
2022-04-07T17:26:00.267Z,2699bf92f4d321e6fc7dbdac309265ad3fa1921fd27dbfb376bc04bf827481ba,Org1MSP,Func4,"[14926"",""1492600"",""17177"",""1717700""]""",Org1MSP Org2MSP ,VALID,, 14926 17177,,WT,160,15635,0
2022-04-07T17:26:00.355Z,a1f9e42130f9b0e7dcff676c083c0ea7d916a48a87e3b83038645083d3cbfe6d,Org1MSP,Func4,"[13070"",""1307000"",""12025"",""1202500""]""",Org1MSP Org2MSP ,VALID,, 12025 13070,,WT,160,15684,0
2022-04-07T17:26:00.358Z,d88b3fc53005c5520c710fd2a743e2402358a2c63e6788475116e60f78367ead,Org1MSP,Func7,"[214"",""100"",""23"",""100""]""",Org1MSP Org2MSP ,VALID, 214 23, 214 23,,UT,160,15697,0
2022-04-07T17:26:00.358Z,e852005d5205c7160fde5481f80449dbc74aa96d9449f8b69061237d3adb5be0,Org1MSP,Func7,"[21"",""100"",""960"",""100""]""",Org1MSP Org2MSP ,VALID, 21 960, 21 960,,UT,160,15701,0
2022-04-07T17:26:00.359Z,9906069eff96e8c6944a722200736f1b373ab08655dd265efecfd12f3264918d,Org1MSP,Func7,"[34"",""100"",""13"",""100""]""",Org1MSP Org2MSP ,VALID, 13 34, 13 34,,UT,160,15680,0
2022-04-07T17:26:00.362Z,4a0c3c798bc9c3b679ba35d204bc729424b5ce31728a712504b27f334a9799a0,Org1MSP,Func4,"[12735"",""1273500"",""10000"",""1000000""]""",Org1MSP Org2MSP ,VALID,, 10000 12735,,WT,160,15649,0
2022-04-07T17:26:00.363Z,635317a73f8379c1ec3096846e042d4342520c898a695c4698b6d81c26a8eada,Org1MSP,Func4,"[10090"",""1009000"",""10019"",""1001900""]""",Org1MSP Org2MSP ,VALID,, 10019 10090,,WT,160,15662,0
2022-04-07T17:26:00.363Z,9da17b6e20c29a18614c33524a28ec07dc2f59995b9c832360eae49f0ea57362,Org1MSP,Func4,"[10007"",""1000700"",""10003"",""1000300""]""",Org1MSP Org2MSP ,VALID,, 10003 10007,,WT,160,15683,0
2022-04-07T17:26:00.365Z,ef415b7bc777409e04788ad855f5dc5ca34ae581ee6c5663953e2697b43f4b83,Org1MSP,Func1,"[279"",""5421""]""",Org1MSP Org2MSP ,VALID, 279 5421,,,RT,160,15703,0
2022-04-07T17:26:00.367Z,42af72ce1e51e08b6cefc44ce961962658a20acbc566a53b66e611500ed1b0f1,Org1MSP,Func1,"[1464"",""308""]""",Org1MSP Org2MSP ,VALID, 1464 308,,,RT,160,15645,0
2022-04-07T17:26:00.454Z,a300773d0e04f3012402e875b26663ae7a5935d51ccd8fbceabf1028d029e1db,Org1MSP,Func4,"[10008"",""1000800"",""10000"",""1000000""]""",Org1MSP Org2MSP ,VALID,, 10000 10008,,WT,160,15686,0
2022-04-07T17:26:00.458Z,c8d449752ffae6fc93f8b00e625e816b8de44a4f1da65ce1488d9a22ba5e3ea6,Org1MSP,Func1,"[3300"",""10""]""",Org1MSP Org2MSP ,VALID, 10 3300,,,RT,160,15690,0
2022-04-07T17:26:00.458Z,18e48f7a362cde82dcbe9ee12a657a2f97d02c066649b51b8477fb07f433c841,Org1MSP,Func7,"[5189"",""100"",""1"",""100""]""",Org1MSP Org2MSP ,VALID, 1 5189, 1 5189,,UT,160,15716,0
2022-04-07T17:26:00.459Z,f1652252c622646a68b52ab9e8e6bddb0845387e87332e9b88253b510ad40ff9,Org1MSP,Func4,"[10039"",""1003900"",""10004"",""1000400""]""",Org1MSP Org2MSP ,VALID,, 10004 10039,,WT,160,15706,0
2022-04-07T17:26:00.460Z,714b28d5b1b08083335fee88ec98a32fa77406eb7f64ccb8451c52f6b4dcf0e1,Org1MSP,Func4,"[10017"",""1001700"",""10000"",""1000000""]""",Org1MSP Org2MSP ,VALID,, 10000 10017,,WT,160,15667,0
2022-04-07T17:26:00.462Z,d16baba0ffe524f8f11ee960b8554bc51f68071d01d99bbc2542e856b0921a42,Org1MSP,Func4,"[10127"",""1012700"",""10009"",""1000900""]""",Org1MSP Org2MSP ,VALID,, 10009 10127,,WT,160,15695,0
2022-04-07T17:26:00.464Z,d03ac6e3eeb384fc350589493f5b3a1ec32b28de7a3c0e4eafac53aaab922dd5,Org1MSP,Func4,"[12751"",""1275100"",""10017"",""1001700""]""",Org1MSP Org2MSP ,VALID,, 10017 12751,,WT,160,15693,0
2022-04-07T17:26:00.464Z,3ba8757580553e4fc09d5745f9aaa3a5716c55287ff52b64b629a332142a5511,Org1MSP,Func1,"[2"",""1""]""",Org1MSP Org2MSP ,VALID, 1 2,,,RT,160,15713,0
2022-04-07T17:26:00.465Z,2d2522b94b39099df31b932a8079e408c068518c1f7d9839a0950ac4813dca62,Org1MSP,Func4,"[10123"",""1012300"",""10266"",""1026600""]""",Org1MSP Org2MSP ,VALID,, 10123 10266,,WT,160,15640,0
2022-04-07T17:26:00.466Z,1685d0052c051540c9a293461756a7f6eda89d0ffd4c40a4021572e6c341ce37,Org1MSP,Func4,"[16492"",""1649200"",""10002"",""1000200""]""",Org1MSP Org2MSP ,VALID,, 10002 16492,,WT,160,15628,0
2022-04-07T17:26:00.555Z,2a30af21697d6bc39117a907a295f61aac076b2cd77c1abaa4876292fd21372d,Org1MSP,Func4,"[10001"",""1000100"",""10000"",""1000000""]""",Org1MSP Org2MSP ,VALID,, 10000 10001,,WT,160,15636,0
2022-04-07T17:26:00.558Z,925a85e8da28dad668cc9d09847ae5de7876747b8b11693eff66fd2137e1705b,Org1MSP,Func4,"[10262"",""1026200"",""10010"",""1001000""]""",Org1MSP Org2MSP ,VALID,, 10010 10262,,WT,160,15679,0
2022-04-07T17:26:00.559Z,01662dd70b49758dffdefbf232e5e14bfa1e40d05e47d830fa127790e5090520,Org1MSP,Func1,"[37"",""1809""]""",Org1MSP Org2MSP ,VALID, 1809 37,,,RT,160,15621,0
2022-04-07T17:26:00.560Z,359cf22208a0511559cf95b75293486fee39d116051a9529dfe914718674d1d4,Org1MSP,Func1,"[177"",""27""]""",Org1MSP Org2MSP ,VALID, 177 27,,,RT,160,15642,0
2022-04-07T17:26:00.560Z,9c4c4d8ccf391490b2563f887c007af425723136900222a9ddd2b9084ad1fef6,Org1MSP,Func4,"[10635"",""1063500"",""10001"",""1000100""]""",Org1MSP Org2MSP ,VALID,, 10001 10635,,WT,160,15682,0
2022-04-07T17:26:00.562Z,ea72602cb311261a8d1bed3ec344e60de24882f30b2fdb69a6c3ccbf8102946c,Org1MSP,Func1,"[184"",""16""]""",Org1MSP Org2MSP ,VALID, 16 184,,,RT,160,15702,0
2022-04-07T17:26:00.563Z,fe85b96d7e551f5f75978e56e24a35d671259ef8df1de8c1cccc848d29a3d633,Org1MSP,Func1,"[26"",""1995""]""",Org1MSP Org2MSP ,VALID, 1995 26,,,RT,160,15709,0
2022-04-07T17:26:00.564Z,2b43c8f36b894c0941da612f47a5d9b72272056e195b88f0b80919ae97f14f0e,Org1MSP,Func7,"[2271"",""100"",""4510"",""100""]""",Org1MSP Org2MSP ,VALID, 2271 4510, 2271 4510,,UT,160,15638,0
2022-04-07T17:26:00.565Z,226cc3c093c16e7565c1a24c0cdacb0acfc6c17d5c0ad204371c43248d03fde0,Org1MSP,Func4,"[10297"",""1029700"",""10000"",""1000000""]""",Org1MSP Org2MSP ,VALID,, 10000 10297,,WT,160,15634,0
2022-04-07T17:26:00.566Z,f2a2007239b1c3a71e2c52654fa72b8e5ada50a261a7e00863366bb8689f0b82,Org1MSP,Func4,"[10003"",""1000300"",""10001"",""1000100""]""",Org1MSP Org2MSP ,VALID,, 10001 10003,,WT,160,15707,0
2022-04-07T17:26:00.655Z,1466dd64c83e10e89ae0c26e157d8937b3e634d58520155e82fe6b0870234765,Org1MSP,Func1,"[2595"",""9""]""",Org1MSP Org2MSP ,VALID, 2595 9,,,RT,160,15627,0
2022-04-07T17:26:00.657Z,95daa0884d0912a386323706a2be6ed1cb2d3289f6422a9ffd99bc2b558063d7,Org1MSP,Func4,"[10009"",""1000900"",""10000"",""1000000""]""",Org1MSP Org2MSP ,VALID,, 10000 10009,,WT,161,15775,0
2022-04-07T17:26:00.659Z,e72ee2397569880461127443e1c65368baecb2aeb991b4064e5fb1eb4fcb321b,Org1MSP,Func7,"[56"",""100"",""12"",""100""]""",Org1MSP Org2MSP ,VALID, 12 56, 12 56,,UT,161,15805,0
2022-04-07T17:26:00.659Z,d01da97ab40a2c0862a4c2d3e2c756670af885fdb7c367498f8201b4706ce97f,Org1MSP,Func7,"[2"",""100"",""4"",""100""]""",Org1MSP Org2MSP ,VALID, 2 4, 2 4,,UT,161,15810,0
2022-04-07T17:26:00.660Z,8a513a22820a3354d60da39a0e3b107108f0af1d321fe15d4c7c8c159dded67c,Org1MSP,Func1,"[183"",""2""]""",Org1MSP Org2MSP ,VALID, 183 2,,,RT,160,15714,0
2022-04-07T17:26:00.660Z,4e4d95ae5fc084e4288a1075a9f90543ccfb60031df86ff4a7ddb779f21a55cd,Org1MSP,Func7,"[696"",""100"",""1292"",""100""]""",Org1MSP Org2MSP ,VALID, 1292 696, 1292 696,,UT,161,15749,0
2022-04-07T17:26:00.662Z,c58f5829e9128e5b20c30a535d740b8a06c180f3c7b947af3b84eaa0dfb12f57,Org1MSP,Func4,"[10037"",""1003700"",""12742"",""1274200""]""",Org1MSP Org2MSP ,VALID,, 10037 12742,,WT,161,15791,0
2022-04-07T17:26:00.664Z,8565aee501408611c0b79c44ec94d4a5e2df86c2fced81b1209bcb0e25730957,Org1MSP,Func7,"[20"",""100"",""19"",""100""]""",Org1MSP Org2MSP ,VALID, 19 20, 19 20,,UT,161,15767,0
2022-04-07T17:26:00.665Z,2bd0827af0c420c421715bbe2ca59216ad32c8dc9241c49290e4d2042f2030cd,Org1MSP,Func1,"[28"",""1""]""",Org1MSP Org2MSP ,VALID, 1 28,,,RT,161,15738,0
2022-04-07T17:26:00.667Z,6a16ebd2506687d4a6e7167e40bfbe8f864e9c4bbb2aefae2374afe8900a4819,Org1MSP,Func1,"[32"",""668""]""",Org1MSP Org2MSP ,VALID, 32 668,,,RT,161,15757,0
2022-04-07T17:26:00.755Z,85cf7f95e96eb7c2450ee405841b7505ad56f2c1e32604dfa2227f32d5987cd4,Org1MSP,Func4,"[10002"",""1000200"",""12216"",""1221600""]""",Org1MSP Org2MSP ,VALID,, 10002 12216,,WT,161,15768,0
2022-04-07T17:26:00.756Z,b52c8521bcbf9eac0fe9ac4d8f0745b8e7a898ec07f25c86f9e781f037bc0e06,Org1MSP,Func1,"[766"",""52""]""",Org1MSP Org2MSP ,VALID, 52 766,,,RT,161,15783,0
2022-04-07T17:26:00.759Z,786983511d5d5a8e53494c6cdf4510b4e9795c89652e45a930e8db9a859cee36,Org1MSP,Func1,"[4"",""6""]""",Org1MSP Org2MSP ,VALID, 4 6,,,RT,161,15763,0
2022-04-07T17:26:00.759Z,8c7c00c0dcdf6db600df644b805c6229528a2678ddfa70e6a7004d0b5f99d039,Org1MSP,Func1,"[339"",""25""]""",Org1MSP Org2MSP ,VALID, 25 339,,,RT,161,15769,0
2022-04-07T17:26:00.760Z,10e638454d1d43d5f7601bf989932a46c88b06c7d39391b4020993b7bf4e002d,Org1MSP,Func4,"[10220"",""1022000"",""10223"",""1022300""]""",Org1MSP Org2MSP ,VALID,, 10220 10223,,WT,161,15724,0
2022-04-07T17:26:00.761Z,0bbeba53f59a58bb0ca7dc12b31242ace1b1b873f4e03365bea473df42453d1d,Org1MSP,Func1,"[4586"",""1""]""",Org1MSP Org2MSP ,VALID, 1 4586,,,RT,161,15720,0
2022-04-07T17:26:00.762Z,5ba75dfeaca1c87db07f06e9c47bb706d8b61b35bb7b9b52c59d5136a458f99b,Org1MSP,Func4,"[10143"",""1014300"",""10965"",""1096500""]""",Org1MSP Org2MSP ,VALID,, 10143 10965,,WT,161,15754,0
2022-04-07T17:26:00.765Z,25878a4e2f80d245729bf2308819ef62e6c956e60be394bae71974eb4bc631e4,Org1MSP,Func4,"[10064"",""1006400"",""10002"",""1000200""]""",Org1MSP Org2MSP ,VALID,, 10002 10064,,WT,161,15733,0
2022-04-07T17:26:00.765Z,28e4f5c2477ea5d2c12dd7c26c7b7c3dcdeaf268dea3783ed6d6635606eca015,Org1MSP,Func4,"[10001"",""1000100"",""10057"",""1005700""]""",Org1MSP Org2MSP ,VALID,, 10001 10057,,WT,161,15736,0
2022-04-07T17:26:00.766Z,1be894a593d7481b6735f70da15a0ef5538496a299f99e6b43c13e5512a7bee0,Org1MSP,Func4,"[12565"",""1256500"",""10002"",""1000200""]""",Org1MSP Org2MSP ,VALID,, 10002 12565,,WT,161,15727,0
2022-04-07T17:26:00.856Z,0e3f7116ce21c99d05b0835e504b8fc72bfa9b5df1211485a65de25d738758ef,Org1MSP,Func4,"[14600"",""1460000"",""10013"",""1001300""]""",Org1MSP Org2MSP ,VALID,, 10013 14600,,WT,161,15722,0
2022-04-07T17:26:00.858Z,cf8e94580e7efdeaf20d3645d207fd5ecd3f3640d44e9cceb3be8a5b10864bf4,Org1MSP,Func7,"[2341"",""100"",""8"",""100""]""",Org1MSP Org2MSP ,VALID, 2341 8, 2341 8,,UT,161,15793,0
2022-04-07T17:26:00.858Z,8447f742f59456caf82909222254d6a59a3229b47f3554380c3f94401cf362c3,Org1MSP,Func7,"[33"",""100"",""6935"",""100""]""",Org1MSP Org2MSP ,VALID, 33 6935, 33 6935,,UT,161,15808,0
2022-04-07T17:26:00.861Z,b48205b2dda6c1fb383ff12c0755897ec18a8444ea4ed140e54c01343ce0bc44,Org1MSP,Func4,"[11063"",""1106300"",""10007"",""1000700""]""",Org1MSP Org2MSP ,VALID,, 10007 11063,,WT,161,15782,0
2022-04-07T17:26:00.862Z,4cbc2335f846f186a3815074fda1886e8c22b95f53481ca2ff58fcf071430870,Org1MSP,Func4,"[10018"",""1001800"",""10012"",""1001200""]""",Org1MSP Org2MSP ,VALID,, 10012 10018,,WT,161,15747,0
2022-04-07T17:26:00.863Z,1a02464ca1c2c9890a404a9ad632360292684c9b07c6636c2aacf5af4cffbef0,Org1MSP,Func1,"[1239"",""6""]""",Org1MSP Org2MSP ,VALID, 1239 6,,,RT,161,15726,0
2022-04-07T17:26:00.865Z,1d5812b5dbe85f41230f487861a4de478eaf212d4c64cdd8cbeede75d0def013,Org1MSP,Func7,"[1245"",""100"",""1074"",""100""]""",Org1MSP Org2MSP ,VALID, 1074 1245, 1074 1245,,UT,161,15728,0
2022-04-07T17:26:00.867Z,b56ff496f3dcb54070ae92eb7d2d9f986b59b279fe5abb49e34d351cbf8f3f4c,Org1MSP,Func4,"[16097"",""1609700"",""10002"",""1000200""]""",Org1MSP Org2MSP ,VALID,, 10002 16097,,WT,161,15784,0
2022-04-07T17:26:00.954Z,b2bc54c575b8fe3ab9d99e4249bf834cdccdd66043b9debc74a3bcf4c4f5e382,Org1MSP,Func4,"[10070"",""1007000"",""10165"",""1016500""]""",Org1MSP Org2MSP ,VALID,, 10070 10165,,WT,161,15781,0
2022-04-07T17:26:00.957Z,0cf15c9b05073fb2208d73db27809917f8ff27276fede68713d40feea2afc5ec,Org1MSP,Func7,"[119"",""100"",""3"",""100""]""",Org1MSP Org2MSP ,VALID, 119 3, 119 3,,UT,161,15721,0
2022-04-07T17:26:00.959Z,a5888fec43c6f5b20ef16744bbe480ef9234bf6263b4f9e5b2922463570bd628,Org1MSP,Func1,"[21"",""121""]""",Org1MSP Org2MSP ,VALID, 121 21,,,RT,161,15778,0
2022-04-07T17:26:00.960Z,51f3e8b41b3183699939ea661561063b2ad6bd84185fbeb0edb344cbdaaa6510,Org1MSP,Func4,"[10004"",""1000400"",""10105"",""1010500""]""",Org1MSP Org2MSP ,VALID,, 10004 10105,,WT,161,15750,0
2022-04-07T17:26:00.962Z,9403fec4c26f71e7796662cef6cec401befe65302bfe63aa62518f96b4af32aa,Org1MSP,Func4,"[11601"",""1160100"",""10521"",""1052100""]""",Org1MSP Org2MSP ,VALID,, 10521 11601,,WT,161,15772,0
2022-04-07T17:26:00.963Z,01cbf8e12c9202aeb4ad0393738965cde6868487d7d4a3850c2643e586d683af,Org1MSP,Func1,"[12"",""33""]""",Org1MSP Org2MSP ,VALID, 12 33,,,RT,161,15717,0
2022-04-07T17:26:00.964Z,32b5a7bced5ab33e114bb2b3a599e4c2e89b7697548d36e11a0d4618a5d770c6,Org1MSP,Func4,"[10026"",""1002600"",""10009"",""1000900""]""",Org1MSP Org2MSP ,VALID,, 10009 10026,,WT,161,15739,0
2022-04-07T17:26:00.968Z,f73ebba260a5e3cfcf853757a87789127dff8ebcf27923d71979478ae4e1c23a,Org1MSP,Func4,"[11932"",""1193200"",""10172"",""1017200""]""",Org1MSP Org2MSP ,VALID,, 10172 11932,,WT,161,15803,0
2022-04-07T17:26:01.055Z,8f6068562c7922a4cc5652e3d5784a5470543c7cce20b320f02c8cc795926785,Org1MSP,Func4,"[10002"",""1000200"",""10495"",""1049500""]""",Org1MSP Org2MSP ,VALID,, 10002 10495,,WT,161,15770,0
2022-04-07T17:26:01.058Z,94480590b90b6f891f851ea8ac16c99606ef29d067fc741390428348487e6b65,Org1MSP,Func4,"[10003"",""1000300"",""10174"",""1017400""]""",Org1MSP Org2MSP ,VALID,, 10003 10174,,WT,161,15773,0
2022-04-07T17:26:01.059Z,adddd4c6be6c626028815e47fce26cb25ef722e34a5d51bde1454abb71fc44b3,Org1MSP,Func7,"[46"",""100"",""341"",""100""]""",Org1MSP Org2MSP ,VALID, 341 46, 341 46,,UT,161,15779,0
2022-04-07T17:26:01.061Z,daa918dc17d08b2d835fee4d4c2d03ec897232920cc383cf9591d96e56d40312,Org1MSP,Func7,"[156"",""100"",""311"",""100""]""",Org1MSP Org2MSP ,VALID, 156 311, 156 311,,UT,161,15795,0
2022-04-07T17:26:01.061Z,8fc9191fcf7a7d72dbd347d5d014e8d000f7cb9ed6fb2720f24b149bcd4b2763,Org1MSP,Func1,"[2"",""1""]""",Org1MSP Org2MSP ,VALID, 1 2,,,RT,161,15807,0
2022-04-07T17:26:01.062Z,82d5ea8038b518faad63eb9a1dde6a143b1207073c1febe5886e975859a72070,Org1MSP,Func4,"[10083"",""1008300"",""14717"",""1471700""]""",Org1MSP Org2MSP ,VALID,, 10083 14717,,WT,161,15766,0
2022-04-07T17:26:01.063Z,6cc7ad6073a749fb057788e0f11459c405e0ab516fe841b6eddd6d88a9ba9c8a,Org1MSP,Func4,"[10116"",""1011600"",""17055"",""1705500""]""",Org1MSP Org2MSP ,VALID,, 10116 17055,,WT,161,15758,0
2022-04-07T17:26:01.063Z,c05868433e6c1893fc4852a8d4600c8b1eff64f11e434414aa69373e2c7e4212,Org1MSP,Func4,"[10010"",""1001000"",""10001"",""1000100""]""",Org1MSP Org2MSP ,VALID,, 10001 10010,,WT,161,15788,0
2022-04-07T17:26:01.065Z,38d4b236226bc38732daf5089e298bfabf20116ae35a31314000d55933beb88d,Org1MSP,Func4,"[10169"",""1016900"",""10058"",""1005800""]""",Org1MSP Org2MSP ,VALID,, 10058 10169,,WT,161,15740,0
2022-04-07T17:26:01.068Z,455d303be8133a6efa697f985eb50c48a72fe3cca9d243064e9476b168c1ce6b,Org1MSP,Func4,"[10012"",""1001200"",""12159"",""1215900""]""",Org1MSP Org2MSP ,VALID,, 10012 12159,,WT,161,15744,0
2022-04-07T17:26:01.156Z,44033e422478c62058217a7aff4f1ab0c0b1e5dcec94f1b6ea4bbc4c4f4af72e,Org1MSP,Func7,"[90"",""100"",""13"",""100""]""",Org1MSP Org2MSP ,VALID, 13 90, 13 90,,UT,161,15743,0
2022-04-07T17:26:01.158Z,27ca9e9d2b9307d7607de4e312224d817a596ce4bf1a4c3d023ddbd4f46431e7,Org1MSP,Func4,"[10000"",""1000000"",""10000"",""1000000""]""",Org1MSP Org2MSP ,VALID,, 10000,,WT,161,15735,0
2022-04-07T17:26:01.161Z,29f0f8f3143bfb8440a7952260861577502f62d5bcde1042f2b934677e6d3df6,Org1MSP,Func4,"[10001"",""1000100"",""10035"",""1003500""]""",Org1MSP Org2MSP ,VALID,, 10001 10035,,WT,161,15737,0
2022-04-07T17:26:01.161Z,eef153c6bd2b3ea9063bfd2acc23ffcfd1e7c5645df5433e67381fdc270ba9aa,Org1MSP,Func1,"[10"",""446""]""",Org1MSP Org2MSP ,VALID, 10 446,,,RT,161,15802,0
2022-04-07T17:26:01.162Z,be3d4360755ffbdbdc97d5a8817f25d1b2fc8fcff0f5ec2c3b8d9113037eeeb9,Org1MSP,Func4,"[10013"",""1001300"",""10045"",""1004500""]""",Org1MSP Org2MSP ,VALID,, 10013 10045,,WT,161,15787,0
2022-04-07T17:26:01.162Z,fd544ceeb656509b9c248a6bd73953c5018044979582edf95c6435b1579dc536,Org1MSP,Func4,"[10010"",""1001000"",""10908"",""1090800""]""",Org1MSP Org2MSP ,VALID,, 10010 10908,,WT,161,15804,0
2022-04-07T17:26:01.163Z,627ed983f5618e4931c0fb859bb03835db47f2eb4ebbcd63a3e230adbbcf4138,Org1MSP,Func7,"[1222"",""100"",""482"",""100""]""",Org1MSP Org2MSP ,VALID, 1222 482, 1222 482,,UT,161,15756,0
2022-04-07T17:26:01.163Z,d1d725943b9b9e8eb6ca5abcf5a1420cd97a7a2207078a2263fd21251bb095ae,Org1MSP,Func4,"[10005"",""1000500"",""10045"",""1004500""]""",Org1MSP Org2MSP ,VALID,, 10005 10045,,WT,161,15794,0
2022-04-07T17:26:01.164Z,9341d8e0fbedf8fd37e2ac80672b27aaacd45ae6c66d136005d3cd37219ca2d7,Org1MSP,Func4,"[10001"",""1000100"",""13020"",""1302000""]""",Org1MSP Org2MSP ,VALID,, 10001 13020,,WT,161,15771,0
2022-04-07T17:26:01.171Z,ecd99d108c0f9a820ddc552c44b69d80b207a85903add212fa58a31f34884d24,Org1MSP,Func7,"[95"",""100"",""2596"",""100""]""",Org1MSP Org2MSP ,VALID, 2596 95, 2596 95,,UT,161,15801,0
2022-04-07T17:26:01.259Z,765130538462c1180a4ebd4f73997d84cf217b97c4e0406976720fb1f91c97a3,Org1MSP,Func4,"[13304"",""1330400"",""10012"",""1001200""]""",Org1MSP Org2MSP ,VALID,, 10012 13304,,WT,161,15762,0
2022-04-07T17:26:01.260Z,22be14c9cd0d6c6f130c133c80e6d388a6b804358e80b775c23b3f9a47ec6cbf,Org1MSP,Func4,"[10000"",""1000000"",""10008"",""1000800""]""",Org1MSP Org2MSP ,VALID,, 10000 10008,,WT,161,15730,0
2022-04-07T17:26:01.261Z,4dc3de5de4f6cbd51914af0f8a40f8995399162fe33230f2268b4fae2e9d655b,Org1MSP,Func7,"[242"",""100"",""697"",""100""]""",Org1MSP Org2MSP ,VALID, 242 697, 242 697,,UT,161,15748,0
2022-04-07T17:26:01.261Z,5a0022ef282a95654e102769d8ec63c210ea7168b483c744ff7870fd40fa2a7d,Org1MSP,Func7,"[2048"",""100"",""3945"",""100""]""",Org1MSP Org2MSP ,VALID, 2048 3945, 2048 3945,,UT,161,15753,0
2022-04-07T17:26:01.262Z,e837eaaaab25b36f6533a3873a242b76913effaf0049475f5bdcaa9d10d7a263,Org1MSP,Func1,"[43"",""1""]""",Org1MSP Org2MSP ,VALID, 1 43,,,RT,161,15806,0
2022-04-07T17:26:01.264Z,08cd10ce1e308623f9db45547b1a49e01b33f711e27b2f9f0a6a507909f5753e,Org1MSP,Func4,"[10021"",""1002100"",""10000"",""1000000""]""",Org1MSP Org2MSP ,VALID,, 10000 10021,,WT,161,15719,0
2022-04-07T17:26:01.268Z,22ec0206da06cb7828a707abac12ef507a1ba06a91b08af435fc565ad903eb67,Org1MSP,Func4,"[10002"",""1000200"",""19064"",""1906400""]""",Org1MSP Org2MSP ,VALID,, 10002 19064,,WT,161,15731,0
2022-04-07T17:26:01.355Z,7efc58bcdae3133e3a2c48ec94e16d19a14e56a4862952f391ed1cfc1e54a075,Org1MSP,Func4,"[10004"",""1000400"",""10008"",""1000800""]""",Org1MSP Org2MSP ,VALID,, 10004 10008,,WT,161,15765,0
2022-04-07T17:26:01.359Z,19c19a32bb4c0373b837b6ee365e1c01ad7cc9ee6754f58c90d3419aba9879bd,Org1MSP,Func4,"[10056"",""1005600"",""11287"",""1128700""]""",Org1MSP Org2MSP ,VALID,, 10056 11287,,WT,161,15725,0
2022-04-07T17:26:01.360Z,0f283ab74e6ca5102eda75eb2cc38c63a01f2828abe9332be77f0e0f2898cc74,Org1MSP,Func4,"[10980"",""1098000"",""10048"",""1004800""]""",Org1MSP Org2MSP ,VALID,, 10048 10980,,WT,161,15723,0
2022-04-07T17:26:01.361Z,9d2dac5c0ca6b978c57bc8268a9bf3e4a5b54235cdd0459dda5be5dcdc462f2b,Org1MSP,Func4,"[10000"",""1000000"",""10006"",""1000600""]""",Org1MSP Org2MSP ,VALID,, 10000 10006,,WT,161,15777,0
2022-04-07T17:26:01.362Z,6cddca9980867130e45c9bee99232b91b3f5970bad204d8e30ddf43e7a0e5f10,Org1MSP,Func4,"[10006"",""1000600"",""10003"",""1000300""]""",Org1MSP Org2MSP ,VALID,, 10003 10006,,WT,161,15759,0
2022-04-07T17:26:01.362Z,b94591ee95dc987569d20454c46ee0dab8d4ca84f3bde04660893d2676c2780c,Org1MSP,Func4,"[10310"",""1031000"",""10053"",""1005300""]""",Org1MSP Org2MSP ,VALID,, 10053 10310,,WT,161,15786,0
2022-04-07T17:26:01.363Z,26cde235328a203b15bfa1235dc978e8abb4bd66b344a5546741dd9352aced67,Org1MSP,Func1,"[49"",""9""]""",Org1MSP Org2MSP ,VALID, 49 9,,,RT,161,15734,0
2022-04-07T17:26:01.363Z,5676658c2197b69198080a51cfb69bf93aaaac9931a6c26391cee8b85184e8d5,Org1MSP,Func4,"[16499"",""1649900"",""10079"",""1007900""]""",Org1MSP Org2MSP ,VALID,, 10079 16499,,WT,161,15752,0
2022-04-07T17:26:01.364Z,4c8753e94d4d238f20f40c753e89b9e08034f27382115b5f6f29730fb43ccb92,Org1MSP,Func4,"[10009"",""1000900"",""10022"",""1002200""]""",Org1MSP Org2MSP ,VALID,, 10009 10022,,WT,161,15746,0
2022-04-07T17:26:01.366Z,ea04ce71decc337a943b1f342a5a9cd01544d083da13f4cf83572a5918c80f5d,Org1MSP,Func7,"[206"",""100"",""7"",""100""]""",Org1MSP Org2MSP ,VALID, 206 7, 206 7,,UT,161,15797,0
2022-04-07T17:26:01.455Z,eb27b3b763f54262e696cebfe985704fd892f5df96e3c6e3e7dce4040ddf2e3c,Org1MSP,Func4,"[10352"",""1035200"",""10032"",""1003200""]""",Org1MSP Org2MSP ,VALID,, 10032 10352,,WT,161,15799,0
2022-04-07T17:26:01.458Z,dffdf21011ceb45fd80cca02ce71c869a3d3961340930f1da5907a4e2819f8f8,Org1MSP,Func7,"[37"",""100"",""5"",""100""]""",Org1MSP Org2MSP ,VALID, 37 5, 37 5,,UT,161,15796,0
2022-04-07T17:26:01.459Z,9b51ae1953ae16de6c54f368f500eff82cff090769b6199afa9d8ad25452586b,Org1MSP,Func4,"[10169"",""1016900"",""10204"",""1020400""]""",Org1MSP Org2MSP ,VALID,, 10169 10204,,WT,161,15776,0
2022-04-07T17:26:01.459Z,c41d256388c42907f918b0491e3771447f3e53c78665bcce300dee2f48c1c98a,Org1MSP,Func4,"[10014"",""1001400"",""10024"",""1002400""]""",Org1MSP Org2MSP ,VALID,, 10014 10024,,WT,161,15790,0
2022-04-07T17:26:01.460Z,d2e5805233de82d5eb9304f304269a97f47f5b4419fada419240cc91ccd54a6c,Org1MSP,Func7,"[1"",""100"",""8054"",""100""]""",Org1MSP Org2MSP ,VALID, 1 8054, 1 8054,,UT,161,15811,0
2022-04-07T17:26:01.462Z,c70535ff1a58503ac0dc88868f8f7b517e0a165114458b00a5c136625c8a6883,Org1MSP,Func1,"[2"",""2""]""",Org1MSP Org2MSP ,VALID, 2,,,RT,161,15792,0
2022-04-07T17:26:01.464Z,46308a186aaadcd2df2781ae5eeeb5c549288487fa326618c437b9f813f51c05,Org1MSP,Func4,"[10007"",""1000700"",""10176"",""1017600""]""",Org1MSP Org2MSP ,VALID,, 10007 10176,,WT,161,15745,0
2022-04-07T17:26:01.466Z,7138eb3b216ab2ac2383a962eff314fb23c23e362890479a77f33c6fe3a268eb,Org1MSP,Func4,"[10122"",""1012200"",""10063"",""1006300""]""",Org1MSP Org2MSP ,VALID,, 10063 10122,,WT,161,15760,0
2022-04-07T17:26:01.559Z,afdfc8fcb00e8cbd4d6a0cd14687438a811b2eaefdeb6d030550b08c5dff2d26,Org1MSP,Func7,"[52"",""100"",""6"",""100""]""",Org1MSP Org2MSP ,VALID, 52 6, 52 6,,UT,161,15809,0
2022-04-07T17:26:01.560Z,2566a22b1669901a6bb02134f73c0aeaaa8ac4a83f3b3836577358639c9da952,Org1MSP,Func1,"[92"",""346""]""",Org1MSP Org2MSP ,VALID, 346 92,,,RT,161,15732,0
2022-04-07T17:26:01.560Z,561e80dac83cec0ea098380e442fba23b8403091894082b8922dc662a1716479,Org1MSP,Func4,"[10030"",""1003000"",""10104"",""1010400""]""",Org1MSP Org2MSP ,VALID,, 10030 10104,,WT,161,15751,0
2022-04-07T17:26:01.562Z,0491808a7cffdf10a4857aed756cf21599fd344aada646d960f71ab261563106,Org1MSP,Func1,"[1455"",""4""]""",Org1MSP Org2MSP ,VALID, 1455 4,,,RT,161,15718,0
2022-04-07T17:26:01.564Z,6107fdba71a525fbc04fa38394ce03971c3bae750b5b46474a89e4eb96d651a5,Org1MSP,Func4,"[10001"",""1000100"",""10004"",""1000400""]""",Org1MSP Org2MSP ,VALID,, 10001 10004,,WT,161,15755,0
2022-04-07T17:26:01.564Z,7206b0b084cda3a8dda2ac54fac34d70f09fae4cc0c868dd4be8aea0752d0e33,Org1MSP,Func4,"[10002"",""1000200"",""10001"",""1000100""]""",Org1MSP Org2MSP ,VALID,, 10001 10002,,WT,161,15761,0
2022-04-07T17:26:01.564Z,eb0c0b2be094ec6df0a3381940551fd7708f1d0363e8ad72a9fc519da0591526,Org1MSP,Func4,"[10518"",""1051800"",""10393"",""1039300""]""",Org1MSP Org2MSP ,VALID,, 10393 10518,,WT,161,15798,0
2022-04-07T17:26:01.566Z,7d2a73ea04bf3c073946db449320751ed9b150aef88f65f03a99739d081a55fd,Org1MSP,Func4,"[18291"",""1829100"",""10009"",""1000900""]""",Org1MSP Org2MSP ,VALID,, 10009 18291,,WT,161,15764,0
2022-04-07T17:26:01.572Z,ae79a3dc513a1df8a1bcc9bb93f393d9d85d7c6092da23978500f2e605a2cf7e,Org1MSP,Func4,"[10708"",""1070800"",""11927"",""1192700""]""",Org1MSP Org2MSP ,VALID,, 10708 11927,,WT,161,15780,0
2022-04-07T17:26:01.655Z,41f906294dc17fd8cadf243d0ac33fe17e9e93eb574a2c201d4f055268302f22,Org1MSP,Func4,"[10897"",""1089700"",""10042"",""1004200""]""",Org1MSP Org2MSP ,VALID,, 10042 10897,,WT,161,15742,0
2022-04-07T17:26:01.657Z,eb7486c65f935570c2cf8a5a4cea929cf5cfa9ffbf833b9c22ebcfaddf93f773,Org1MSP,Func4,"[10000"",""1000000"",""10000"",""1000000""]""",Org1MSP Org2MSP ,VALID,, 10000,,WT,161,15800,0
2022-04-07T17:26:01.659Z,9540915b7f0ebd4eaef40ae8385a6c5b66fa522a2f7db5b83f6cdf8344624314,Org1MSP,Func1,"[33"",""9""]""",Org1MSP Org2MSP ,VALID, 33 9,,,RT,161,15774,0
2022-04-07T17:26:01.661Z,1d993ba5c3d09821b1b9314f5350783a661ea044f8f3b53b0288be2a4bdffdb5,Org1MSP,Func4,"[10000"",""1000000"",""10000"",""1000000""]""",Org1MSP Org2MSP ,VALID,, 10000,,WT,161,15729,0
2022-04-07T17:26:01.662Z,3f4c4ef06e34dce38e7434cb3a537a492f168496d12779b2c9b04fbbe2c25250,Org1MSP,Func1,"[4"",""50""]""",Org1MSP Org2MSP ,VALID, 4 50,,,RT,161,15741,0
2022-04-07T17:26:01.662Z,d74eae5dcdc158b66aa8862f7732adea3205bee7ec6977d91ab8db8f92467e41,Org1MSP,Func4,"[10016"",""1001600"",""11008"",""1100800""]""",Org1MSP Org2MSP ,VALID,, 10016 11008,,WT,162,15889,0
2022-04-07T17:26:01.664Z,b6ddb0e346fc14f247f24f7a9cf57f695dd9dfedbfbe7a2c066fedc3e594947e,Org1MSP,Func4,"[10000"",""1000000"",""12142"",""1214200""]""",Org1MSP Org2MSP ,VALID,, 10000 12142,,WT,161,15785,0
2022-04-07T17:26:01.667Z,c4119fc41aabbadff41baae759a1d092ec3c6177c97852dd274c954ee56504bd,Org1MSP,Func4,"[12351"",""1235100"",""14113"",""1411300""]""",Org1MSP Org2MSP ,VALID,, 12351 14113,,WT,161,15789,0
2022-04-07T17:26:01.756Z,439fbb3044fbf4c0dc33f7668cc6dd8a6fba83599b339dcb5a64bb9fdb0a75f1,Org1MSP,Func1,"[726"",""50""]""",Org1MSP Org2MSP ,VALID, 50 726,,,RT,162,15839,0
2022-04-07T17:26:01.757Z,3f1cf24fe4fec1c8e5da3bc8e4c3b2c6e49121932a1d1651d2d363aba51fbaf1,Org1MSP,Func4,"[10068"",""1006800"",""10006"",""1000600""]""",Org1MSP Org2MSP ,VALID,, 10006 10068,,WT,162,15835,0
2022-04-07T17:26:01.758Z,39dde6e8faeba6402f718afe54203eed140a2a39b4f86e9b8cc4419d7f0938ef,Org1MSP,Func1,"[3"",""1""]""",Org1MSP Org2MSP ,VALID, 1 3,,,RT,162,15833,0
2022-04-07T17:26:01.759Z,45adf92a659d8f78fc34b23e08e81a224714981f366261b64dec8b8ff9d7c970,Org1MSP,Func7,"[1216"",""100"",""28"",""100""]""",Org1MSP Org2MSP ,VALID, 1216 28, 1216 28,,UT,162,15842,0
2022-04-07T17:26:01.760Z,381c4bbfc5f177f8164ea651ce440a8aa78518d00d82ca041ea3ec058852c400,Org1MSP,Func1,"[108"",""1692""]""",Org1MSP Org2MSP ,VALID, 108 1692,,,RT,162,15830,0
2022-04-07T17:26:01.762Z,285b219cc6f4a8e3544d10d3990572667c432cc28dee84ce0b39da7a8bd35ce7,Org1MSP,Func1,"[219"",""575""]""",Org1MSP Org2MSP ,VALID, 219 575,,,RT,162,15825,0
2022-04-07T17:26:01.762Z,684e582cb810f85898450ed43e830dfcab208f7fe5fd9e478b8ea0275d0ccc97,Org1MSP,Func4,"[11286"",""1128600"",""10122"",""1012200""]""",Org1MSP Org2MSP ,VALID,, 10122 11286,,WT,162,15859,0
2022-04-07T17:26:01.764Z,7e824a8562f0aec597066a5fb1443ab67c9ccffcaa5e5ba53a5f88f925a5c1dc,Org1MSP,Func4,"[18029"",""1802900"",""10006"",""1000600""]""",Org1MSP Org2MSP ,VALID,, 10006 18029,,WT,162,15863,0
2022-04-07T17:26:01.765Z,10fd660aecd0e4311049334ea9517c0c8db45ecf2f9c2f35d390598551a366be,Org1MSP,Func4,"[10046"",""1004600"",""10004"",""1000400""]""",Org1MSP Org2MSP ,VALID,, 10004 10046,,WT,162,15818,0
2022-04-07T17:26:01.767Z,b1764fdfa18c83fc41cabc5e82f489f01c5802cc0c90d6504ae16736ebe77545,Org1MSP,Func4,"[10000"",""1000000"",""11488"",""1148800""]""",Org1MSP Org2MSP ,VALID,, 10000 11488,,WT,162,15880,0
2022-04-07T17:26:01.855Z,4565ba72f95b1078bf307a9e4c34235857673d1bec521b544f513f5a98680280,Org1MSP,Func4,"[10013"",""1001300"",""18675"",""1867500""]""",Org1MSP Org2MSP ,VALID,, 10013 18675,,WT,162,15840,0
2022-04-07T17:26:01.857Z,4e2ec442e3e7a6ddffcaae848f64a54f4269b5c38d2ee11172ffd31a1ff0a7fa,Org1MSP,Func7,"[1032"",""100"",""3562"",""100""]""",Org1MSP Org2MSP ,VALID, 1032 3562, 1032 3562,,UT,162,15848,0
2022-04-07T17:26:01.859Z,456ea6c8e9fd961bcaf5c2c3f93cf221b6ea4942678659c3cd01bd7d08603170,Org1MSP,Func4,"[10131"",""1013100"",""10000"",""1000000""]""",Org1MSP Org2MSP ,VALID,, 10000 10131,,WT,162,15841,0
2022-04-07T17:26:01.859Z,92b2df9f9b354c4c75163a8d39b27664f94c03212b817fa51ec3d5567e75b71f,Org1MSP,Func4,"[10488"",""1048800"",""12379"",""1237900""]""",Org1MSP Org2MSP ,VALID,, 10488 12379,,WT,162,15869,0
2022-04-07T17:26:01.860Z,46ad6903947a0d80a3c6ca17f49ce4d0fd1eccd56d6dec5826c8ee58b50bc7d5,Org1MSP,Func1,"[9040"",""5""]""",Org1MSP Org2MSP ,VALID, 5 9040,,,RT,162,15843,0
2022-04-07T17:26:01.863Z,0aa1a7a42876959bd8724026b2c73106d868870c4fcc8663349b462ae9db4e10,Org1MSP,Func1,"[9400"",""109""]""",Org1MSP Org2MSP ,VALID, 109 9400,,,RT,162,15815,0
2022-04-07T17:26:01.863Z,d8b21568da56e3fe32a5d208cc9313839492012c232727a9bd28e18914cf6db1,Org1MSP,Func4,"[10009"",""1000900"",""13295"",""1329500""]""",Org1MSP Org2MSP ,VALID,, 10009 13295,,WT,162,15890,0
2022-04-07T17:26:01.864Z,aa83a2d8508440433cce0c8ffede421284d105c72fe9ec2a09872f1e28c0c671,Org1MSP,Func4,"[10492"",""1049200"",""10000"",""1000000""]""",Org1MSP Org2MSP ,VALID,, 10000 10492,,WT,162,15878,0
2022-04-07T17:26:01.866Z,ec5367e085f260357d0483ab66cda7250aaf88760336ec897a3018cd4cfbc0bd,Org1MSP,Func4,"[10042"",""1004200"",""10207"",""1020700""]""",Org1MSP Org2MSP ,VALID,, 10042 10207,,WT,162,15895,0
2022-04-07T17:26:01.954Z,f00b5852bed031c3bd6216bdc53d27f2d5130d57872cb9a5842ff0c74737149a,Org1MSP,Func4,"[10007"",""1000700"",""10028"",""1002800""]""",Org1MSP Org2MSP ,VALID,, 10007 10028,,WT,162,15897,0
2022-04-07T17:26:01.958Z,841c38dd34899816115b492fc94b0d3535db282e427f877f22b30447919db3ea,Org1MSP,Func1,"[76"",""5336""]""",Org1MSP Org2MSP ,VALID, 5336 76,,,RT,162,15867,0
2022-04-07T17:26:01.959Z,a912baeb9bb93715ab60bb6a512f3bc34a5c429ae9c7733b3e611f96de547382,Org1MSP,Func4,"[10011"",""1001100"",""10129"",""1012900""]""",Org1MSP Org2MSP ,VALID,, 10011 10129,,WT,162,15876,0
2022-04-07T17:26:01.959Z,b369eefa2d23e32e9fce20789a4c6b5ad610b1152f0e83876f2cb3a51d66fdbf,Org1MSP,Func4,"[10201"",""1020100"",""10081"",""1008100""]""",Org1MSP Org2MSP ,VALID,, 10081 10201,,WT,162,15881,0
2022-04-07T17:26:01.962Z,0950835770b2e6a3e4d28ce926fda9062d97697d190d4ac87d5afcb568d61e36,Org1MSP,Func4,"[10002"",""1000200"",""10022"",""1002200""]""",Org1MSP Org2MSP ,VALID,, 10002 10022,,WT,162,15814,0
2022-04-07T17:26:01.962Z,f564f9b2c3167b40c6ea2d0bb54b2e4de3379e2035f2f2dfbc04573fa1991e13,Org1MSP,Func4,"[10027"",""1002700"",""10034"",""1003400""]""",Org1MSP Org2MSP ,VALID,, 10027 10034,,WT,162,15899,0
2022-04-07T17:26:01.962Z,fb2b07e920462e5ba1b6e2fa1877921dae31b6ae1c816dc58cc9968baaef88d2,Org1MSP,Func4,"[10000"",""1000000"",""12793"",""1279300""]""",Org1MSP Org2MSP ,VALID,, 10000 12793,,WT,162,15901,0
2022-04-07T17:26:01.964Z,5697e6c2c10e7fd43d724044115a69c8599fbb5687092cb794018a5ce7c4421f,Org1MSP,Func4,"[10914"",""1091400"",""10005"",""1000500""]""",Org1MSP Org2MSP ,VALID,, 10005 10914,,WT,162,15852,0
2022-04-07T17:26:01.964Z,a125e558f6d9458fa7cb9df9cc49023fbbcec1f69daee07ac70b8f653bb31046,Org1MSP,Func7,"[1585"",""100"",""45"",""100""]""",Org1MSP Org2MSP ,VALID, 1585 45, 1585 45,,UT,162,15907,0
2022-04-07T17:26:01.966Z,57062d65b48fb83fda328d2b2c40eee157d848aa8db218cdaa6c8d6f45eaf9f5,Org1MSP,Func4,"[12210"",""1221000"",""10001"",""1000100""]""",Org1MSP Org2MSP ,VALID,, 10001 12210,,WT,162,15853,0
2022-04-07T17:26:02.055Z,98f42b8d600a8e56853c98c5a920550e3f92f6f66ad4b9ababe24972aa80d5ea,Org1MSP,Func7,"[4327"",""100"",""54"",""100""]""",Org1MSP Org2MSP ,VALID, 4327 54, 4327 54,,UT,162,15872,0
2022-04-07T17:26:02.057Z,35d51d1c2faa3c7a1d954208e0277e8c5e10569db9e994fbca83580975057d36,Org1MSP,Func4,"[10738"",""1073800"",""11171"",""1117100""]""",Org1MSP Org2MSP ,VALID,, 10738 11171,,WT,162,15829,0
2022-04-07T17:26:02.058Z,f31299f7de36e22f169818d3b02829f9b30d357f411c4e06a787557c4075b4c3,Org1MSP,Func4,"[10009"",""1000900"",""10350"",""1035000""]""",Org1MSP Org2MSP ,VALID,, 10009 10350,,WT,162,15898,0
2022-04-07T17:26:02.059Z,1801aaa2f9ccacf729e810cd201ded3708e323d30083fb2f434fe65ba945405c,Org1MSP,Func4,"[10073"",""1007300"",""10036"",""1003600""]""",Org1MSP Org2MSP ,VALID,, 10036 10073,,WT,162,15821,0
2022-04-07T17:26:02.059Z,35b6dc47abce35e07bed14b544cbc64a01da06d2b9e1301c5f7d2a8c556159b5,Org1MSP,Func4,"[11028"",""1102800"",""10099"",""1009900""]""",Org1MSP Org2MSP ,VALID,, 10099 11028,,WT,162,15828,0
2022-04-07T17:26:02.061Z,ba3c0613f6b3f3a17a4997edf664167704f3186f926cb73b344fb28fc8b3c95d,Org1MSP,Func4,"[10787"",""1078700"",""10000"",""1000000""]""",Org1MSP Org2MSP ,VALID,, 10000 10787,,WT,162,15883,0
2022-04-07T17:26:02.062Z,82c23586e76ec8ef3f7746e2af2106a59aa3b17d349cf37c346c2b554e17b0b3,Org1MSP,Func1,"[1"",""3679""]""",Org1MSP Org2MSP ,VALID, 1 3679,,,RT,162,15866,0
2022-04-07T17:26:02.063Z,ab3379521060ceba187ae13d5daa7dd3660700632f34a68b8193d961225d0cfd,Org1MSP,Func4,"[10026"",""1002600"",""10261"",""1026100""]""",Org1MSP Org2MSP ,VALID,, 10026 10261,,WT,162,15879,0
2022-04-07T17:26:02.064Z,e3d783583aa733176a5aca9a6479d2af6b2d022a046c2b03a926265125b05c10,Org1MSP,Func4,"[14952"",""1495200"",""10000"",""1000000""]""",Org1MSP Org2MSP ,VALID,, 10000 14952,,WT,162,15891,0
2022-04-07T17:26:02.156Z,870f584b8f44ea8911ebc872e6b81b4bcb2b072498c9d98ced447746f2b5d4a3,Org1MSP,Func1,"[45"",""462""]""",Org1MSP Org2MSP ,VALID, 45 462,,,RT,162,15868,0
2022-04-07T17:26:02.158Z,3f6459abe8b7375fe44a3d2e99b66e70fa4cb0ab6068eecc110229191ba7d59a,Org1MSP,Func1,"[302"",""2202""]""",Org1MSP Org2MSP ,VALID, 2202 302,,,RT,162,15837,0
2022-04-07T17:26:02.159Z,69d74f466a695cf49fbaaf438c4f204f2dad328a6e3a70481230d61e935dfe0a,Org1MSP,Func4,"[10034"",""1003400"",""10001"",""1000100""]""",Org1MSP Org2MSP ,VALID,, 10001 10034,,WT,162,15861,0
2022-04-07T17:26:02.159Z,f97a9905c05a0f8c66c4590f59018e93cf0ba12b49ca2c94cd52c834229713f8,Org1MSP,Func4,"[10000"",""1000000"",""10026"",""1002600""]""",Org1MSP Org2MSP ,VALID,, 10000 10026,,WT,162,15900,0
2022-04-07T17:26:02.160Z,e8743281d60d53234713f978901575668a4a744fc946b3d1d2f815b7c561739f,Org1MSP,Func4,"[10017"",""1001700"",""15420"",""1542000""]""",Org1MSP Org2MSP ,VALID,, 10017 15420,,WT,162,15893,0
2022-04-07T17:26:02.161Z,41b4f6fed5b17add8e4b91416e2c40b9069281e7fb1844d5ecd76eecdad37a93,Org1MSP,Func1,"[11"",""2981""]""",Org1MSP Org2MSP ,VALID, 11 2981,,,RT,162,15838,0
2022-04-07T17:26:02.164Z,5ea50ddcf398f55581c88d5c3554e58759b9704c502bd127471d7cc494cb00fe,Org1MSP,Func4,"[10000"",""1000000"",""10026"",""1002600""]""",Org1MSP Org2MSP ,VALID,, 10000 10026,,WT,162,15855,0
2022-04-07T17:26:02.164Z,a7a28828f4fe227273e01fa2762fa9d63dd5bdb92a0789b99808abd80545bb47,Org1MSP,Func1,"[1019"",""99""]""",Org1MSP Org2MSP ,VALID, 1019 99,,,RT,162,15875,0
2022-04-07T17:26:02.165Z,81fe5089cf4a0d5eeadfe6c604eb56493d3498e25894c63f044144504b814cc9,Org1MSP,Func4,"[10004"",""1000400"",""10000"",""1000000""]""",Org1MSP Org2MSP ,VALID,, 10000 10004,,WT,162,15865,0
2022-04-07T17:26:02.167Z,3bc87dd5314fbbb7e07b7eea204e8969900a38cd25e36556de156d01ffced48e,Org1MSP,Func4,"[10001"",""1000100"",""10000"",""1000000""]""",Org1MSP Org2MSP ,VALID,, 10000 10001,,WT,162,15834,0
2022-04-07T17:26:02.257Z,4bab18890bd7100e3e96cb66dcaee6b79a35dea485369e318d42a6cd89477706,Org1MSP,Func4,"[10002"",""1000200"",""10000"",""1000000""]""",Org1MSP Org2MSP ,VALID,, 10000 10002,,WT,162,15847,0
2022-04-07T17:26:02.257Z,c4a67c8490511503cce4cb7f61b20b8e59b49b7338a09d58d0618ee8d3eaf157,Org1MSP,Func4,"[10110"",""1011000"",""10809"",""1080900""]""",Org1MSP Org2MSP ,VALID,, 10110 10809,,WT,162,15885,0
2022-04-07T17:26:02.259Z,0e4494908e905837117ef404fe4e3e19d7f60c793e3e5664b245a2c18d4f7e4d,Org1MSP,Func4,"[10416"",""1041600"",""10004"",""1000400""]""",Org1MSP Org2MSP ,VALID,, 10004 10416,,WT,162,15817,0
2022-04-07T17:26:02.260Z,0b19dbf542699318d92bb2e2a2053fae4983a49bd8fb36644af787d085732f9e,Org1MSP,Func4,"[10005"",""1000500"",""11888"",""1188800""]""",Org1MSP Org2MSP ,VALID,, 10005 11888,,WT,162,15816,0
2022-04-07T17:26:02.260Z,2607e92fdc7227df2797299e7480a17c648b6580acefbd3f675f3bd5f1f7f9b6,Org1MSP,Func7,"[417"",""100"",""261"",""100""]""",Org1MSP Org2MSP ,VALID, 261 417, 261 417,,UT,162,15824,0
2022-04-07T17:26:02.262Z,130bbf57149f675275880cea725058bc929a6c07a0fedd3d9c816a9e45e598e0,Org1MSP,Func4,"[10000"",""1000000"",""10427"",""1042700""]""",Org1MSP Org2MSP ,VALID,, 10000 10427,,WT,162,15819,0
2022-04-07T17:26:02.263Z,eadb1639f9d897d7189fffa4fd47ed126a6a0810a0341a6237f84854579b0f4b,Org1MSP,Func4,"[10000"",""1000000"",""10000"",""1000000""]""",Org1MSP Org2MSP ,VALID,, 10000,,WT,162,15894,0
2022-04-07T17:26:02.264Z,4b9f4674748a5021cc19bc99a7534fdb36536c30e883cbf6212f19e5ab92bb9a,Org1MSP,Func4,"[10066"",""1006600"",""12980"",""1298000""]""",Org1MSP Org2MSP ,VALID,, 10066 12980,,WT,162,15846,0
2022-04-07T17:26:02.265Z,210b8148d4e692dfeb17345de8e981bcf5f436cd4f074ef8de77ead1d86de8d4,Org1MSP,Func7,"[2444"",""100"",""782"",""100""]""",Org1MSP Org2MSP ,VALID, 2444 782, 2444 782,,UT,162,15822,0
2022-04-07T17:26:02.267Z,9d08ae78cdd150e6af91b0dd3beb78a3534a48578cc1368a53ddc6d97ccb3d0c,Org1MSP,Func1,"[4245"",""80""]""",Org1MSP Org2MSP ,VALID, 4245 80,,,RT,162,15873,0
2022-04-07T17:26:02.355Z,5ef84867020402f878f6172f9b2f87e0cd7c2fbce6a345ff2e4085212942b511,Org1MSP,Func4,"[10027"",""1002700"",""10005"",""1000500""]""",Org1MSP Org2MSP ,VALID,, 10005 10027,,WT,162,15856,0
2022-04-07T17:26:02.357Z,7d4127921a614c821baccfc1a2dbdd13700d9e8a3a7b6523b8cefbdff94c692a,Org1MSP,Func4,"[10009"",""1000900"",""10739"",""1073900""]""",Org1MSP Org2MSP ,VALID,, 10009 10739,,WT,162,15862,0
2022-04-07T17:26:02.358Z,14b90ff793d992df82b7264c1e3e150910b5ac72cd1853e22f9cfc32fc9ce3aa,Org1MSP,Func4,"[14995"",""1499500"",""10019"",""1001900""]""",Org1MSP Org2MSP ,VALID,, 10019 14995,,WT,162,15820,0
2022-04-07T17:26:02.359Z,f697a89659323477d72bcc3c6f2cbe70f7b71ddaf281399eb3d44063fdbebc1a,Org1MSP,Func7,"[279"",""100"",""2"",""100""]""",Org1MSP Org2MSP ,VALID, 2 279, 2 279,,UT,162,15905,0
2022-04-07T17:26:02.360Z,48fddebd526eab8ef542b0d3094e1dee68f9dfb095e725b28cac61fee366f305,Org1MSP,Func4,"[10000"",""1000000"",""10170"",""1017000""]""",Org1MSP Org2MSP ,VALID,, 10000 10170,,WT,162,15845,0
2022-04-07T17:26:02.362Z,51dec80b422388592e38a916eeb10506504fc979597d825d0ce10bab069ee7d8,Org1MSP,Func1,"[6060"",""8758""]""",Org1MSP Org2MSP ,VALID, 6060 8758,,,RT,162,15849,0
2022-04-07T17:26:02.363Z,55b52bb8eec9e9241bb3ad6f1912829e3d02a1fba86b0a50d9ef83857a68a3ab,Org1MSP,Func4,"[10369"",""1036900"",""17040"",""1704000""]""",Org1MSP Org2MSP ,VALID,, 10369 17040,,WT,162,15851,0
2022-04-07T17:26:02.363Z,80f86ab88f5c62aff98233d7aa6c3e7b14e7dae40a0eca7113926813ec9f2f26,Org1MSP,Func4,"[12132"",""1213200"",""10155"",""1015500""]""",Org1MSP Org2MSP ,VALID,, 10155 12132,,WT,162,15864,0
2022-04-07T17:26:02.364Z,a31b804351b2642373d7612353239062402fe43f8c60207976c17078fee6181a,Org1MSP,Func4,"[10244"",""1024400"",""10101"",""1010100""]""",Org1MSP Org2MSP ,VALID,, 10101 10244,,WT,162,15874,0
2022-04-07T17:26:02.366Z,960a8483d95ce18d7bb6f08a3294f6075acff53ac3a7c4feea0c7557f2f412de,Org1MSP,Func7,"[1"",""100"",""16"",""100""]""",Org1MSP Org2MSP ,VALID, 1 16, 1 16,,UT,162,15908,0
2022-04-07T17:26:02.458Z,e7d99b2521f1531c39cfb04b2c5c85ce55612f326564bc8919e8862217e18a30,Org1MSP,Func7,"[7147"",""100"",""10"",""100""]""",Org1MSP Org2MSP ,VALID, 10 7147, 10 7147,,UT,162,15892,0
2022-04-07T17:26:02.461Z,047d8a03cdd9e761371f138f6df8344b21f24969027de1694da6e78ede70bdd1,Org1MSP,Func4,"[10018"",""1001800"",""10000"",""1000000""]""",Org1MSP Org2MSP ,VALID,, 10000 10018,,WT,162,15813,0
2022-04-07T17:26:02.463Z,d143fd6bb3a2a498c770f829755325f406f8da9bdd8d145882be50fe5640263a,Org1MSP,Func4,"[10003"",""1000300"",""10000"",""1000000""]""",Org1MSP Org2MSP ,VALID,, 10000 10003,,WT,162,15886,0
2022-04-07T17:26:02.464Z,31784899b4d11b27d3d607b62284a1f86652490e1368c838484be3ce19548cec,Org1MSP,Func4,"[12756"",""1275600"",""10059"",""1005900""]""",Org1MSP Org2MSP ,VALID,, 10059 12756,,WT,162,15827,0
2022-04-07T17:26:02.464Z,ea23fb3ad315b5d3e7c90bd9b63894ba6468f9967e93e2df5c60bb29daab1e59,Org1MSP,Func1,"[208"",""5""]""",Org1MSP Org2MSP ,VALID, 208 5,,,RT,162,15903,0
2022-04-07T17:26:02.465Z,66c3e338c944fad85d67a142ae147b0f9cf08b0e4f0305936cd27e13aa974633,Org1MSP,Func1,"[87"",""2""]""",Org1MSP Org2MSP ,VALID, 2 87,,,RT,162,15858,0
2022-04-07T17:26:02.466Z,5ab7758526a2c6a57dda4d76585b5c46316385273e5cdbd9d70c6ceb2001dd7b,Org1MSP,Func4,"[10125"",""1012500"",""10022"",""1002200""]""",Org1MSP Org2MSP ,VALID,, 10022 10125,,WT,162,15854,0
2022-04-07T17:26:02.467Z,9b8a1a15b37e38e03476d07a7fb1cb67bf1c910961bdaa3d2eaea2c56ea8ee48,Org1MSP,Func1,"[738"",""37""]""",Org1MSP Org2MSP ,VALID, 37 738,,,RT,162,15904,0
2022-04-07T17:26:02.469Z,ef6ab0c3743e9361c681e1e65130f2c7e07fb24bffd3fca1cfc6af747e295fee,Org1MSP,Func4,"[10131"",""1013100"",""10001"",""1000100""]""",Org1MSP Org2MSP ,VALID,, 10001 10131,,WT,162,15896,0
2022-04-07T17:26:02.474Z,d66c60befc2dcce1d7caa8268d53703183ff7e6e1a5ced104ff0d7208a3e4a45,Org1MSP,Func4,"[10083"",""1008300"",""10077"",""1007700""]""",Org1MSP Org2MSP ,VALID,, 10077 10083,,WT,162,15888,0
2022-04-07T17:26:02.554Z,314128d5b516426a50c7e17029e7789e18d7ab269c41ba6a71888da230b5e9cb,Org1MSP,Func4,"[11222"",""1122200"",""10007"",""1000700""]""",Org1MSP Org2MSP ,VALID,, 10007 11222,,WT,162,15826,0
2022-04-07T17:26:02.557Z,38ba39d9987eb6669d71f140a1130ba88302c3b19c6664140c7be45b64e705d5,Org1MSP,Func1,"[32"",""2295""]""",Org1MSP Org2MSP ,VALID, 2295 32,,,RT,162,15832,0
2022-04-07T17:26:02.557Z,68d8bec48151e7fa293e81023485d23e3980687d434bb2376500286f02242258,Org1MSP,Func4,"[10131"",""1013100"",""10262"",""1026200""]""",Org1MSP Org2MSP ,VALID,, 10131 10262,,WT,162,15860,0
2022-04-07T17:26:02.559Z,bbd4a1cedff1b487be108d373728f67e4bdc91725efdb8c0bdcb4b7aa6a4bc52,Org1MSP,Func4,"[10000"",""1000000"",""11735"",""1173500""]""",Org1MSP Org2MSP ,VALID,, 10000 11735,,WT,162,15884,0
2022-04-07T17:26:02.560Z,63e317a9a81ce2bc5c21ca9e292761a5d4708d744676814dc9cb7a2f512cbf15,Org1MSP,Func4,"[11053"",""1105300"",""14258"",""1425800""]""",Org1MSP Org2MSP ,VALID,, 11053 14258,,WT,162,15857,0
2022-04-07T17:26:02.562Z,041313785c1eaa3b7fb51f124fb1f3382cce048809719389eee62756c1bb12c5,Org1MSP,Func7,"[956"",""100"",""112"",""100""]""",Org1MSP Org2MSP ,VALID, 112 956, 112 956,,UT,162,15812,0
2022-04-07T17:26:02.563Z,d1ed1b5d9c3a3ea892f14bbfdf20d8e063cc01c6a0d522bcb5a00e6df3ce2db7,Org1MSP,Func4,"[10057"",""1005700"",""10006"",""1000600""]""",Org1MSP Org2MSP ,VALID,, 10006 10057,,WT,162,15887,0
2022-04-07T17:26:02.564Z,245f4d217d50ef03c4abbcbf6e4465ddce10fed0b80b40bdd0355b82ce3f23e2,Org1MSP,Func4,"[10081"",""1008100"",""19026"",""1902600""]""",Org1MSP Org2MSP ,VALID,, 10081 19026,,WT,162,15823,0
2022-04-07T17:26:02.566Z,3f495eda5a3e9bbc18cf7db9a56be907350d691b27fd8747308ba2df068863b7,Org1MSP,Func7,"[331"",""100"",""857"",""100""]""",Org1MSP Org2MSP ,VALID, 331 857, 331 857,,UT,162,15836,0
2022-04-07T17:26:02.655Z,941f38085c2e93178f1db62e44849bfa0689f86ac9d3c14e47625c4957e90b1f,Org1MSP,Func4,"[10078"",""1007800"",""17662"",""1766200""]""",Org1MSP Org2MSP ,VALID,, 10078 17662,,WT,162,15870,0
2022-04-07T17:26:02.657Z,38388cd1b9a1f9545f7754c5fa66baf5f306c6197480e3ee484e65ef84fd2258,Org1MSP,Func1,"[2084"",""8192""]""",Org1MSP Org2MSP ,VALID, 2084 8192,,,RT,162,15831,0
2022-04-07T17:26:02.657Z,2613e1477c042bc9d990dd9a93d76a4ed03d82c0e96bffdf5a79367a3e593614,Org1MSP,Func7,"[3"",""100"",""9"",""100""]""",Org1MSP Org2MSP ,VALID, 3 9, 3 9,,UT,162,15902,0
2022-04-07T17:26:02.659Z,54efc767da6ccb7c93329d807ecdbf65c2a3f9e665b3d9533314211555eea2b8,Org1MSP,Func4,"[14629"",""1462900"",""14483"",""1448300""]""",Org1MSP Org2MSP ,VALID,, 14483 14629,,WT,162,15850,0
2022-04-07T17:26:02.661Z,482128fbc070a46a07535510c02961fe7693a7b5cde2e081a1db454318b69491,Org1MSP,Func4,"[12015"",""1201500"",""10134"",""1013400""]""",Org1MSP Org2MSP ,VALID,, 10134 12015,,WT,162,15844,0
2022-04-07T17:26:02.662Z,a9caec3ac23f386c1bc35c9197b30d9a8e83a4844c6045c6a19f9f529755e072,Org1MSP,Func7,"[8238"",""100"",""8430"",""100""]""",Org1MSP Org2MSP ,VALID, 8238 8430, 8238 8430,,UT,162,15877,0
2022-04-07T17:26:02.663Z,4f434d8ab2a43494f73906df8b2b6e6b84c6798ea82c54786686ef232c337a67,Org1MSP,Func1,"[1"",""5""]""",Org1MSP Org2MSP ,VALID, 1 5,,,RT,162,15906,0
2022-04-07T17:26:02.664Z,b6e158b76b279c38e715629b143f6dae06a93ae1955bf2b167394abf631a6704,Org1MSP,Func4,"[10540"",""1054000"",""10010"",""1001000""]""",Org1MSP Org2MSP ,VALID,, 10010 10540,,WT,162,15882,0
2022-04-07T17:26:02.670Z,984d0e5541c26b7805ac0d18e4fd296624c8b8ae60c6d735a55d090e2a253440,Org1MSP,Func4,"[10446"",""1044600"",""10050"",""1005000""]""",Org1MSP Org2MSP ,VALID,, 10050 10446,,WT,162,15871,0
2022-04-07T17:26:02.754Z,78e190b06dac7d76dd794041e0e350a34fed0d61a43baa50643598d4d51c1efb,Org1MSP,Func4,"[10000"",""1000000"",""10001"",""1000100""]""",Org1MSP Org2MSP ,VALID,, 10000 10001,,WT,163,15944,0
2022-04-07T17:26:02.757Z,9eced206cae448582b84c80c0a33f80a95ed363fc1f2db1da5e7079dc29bc353,Org1MSP,Func4,"[10000"",""1000000"",""10047"",""1004700""]""",Org1MSP Org2MSP ,VALID,, 10000 10047,,WT,163,15958,0
2022-04-07T17:26:02.757Z,e90c4771ad7f5ea99b1d5b252d8034bdbfbc0e17c4b98424f7832401725dbe9c,Org1MSP,Func1,"[16"",""229""]""",Org1MSP Org2MSP ,VALID, 16 229,,,RT,163,15986,0
2022-04-07T17:26:02.759Z,3ad0d6d9d7aa38be0afeff9a3895809db5c8ac55f990460fee75455ccc432467,Org1MSP,Func7,"[284"",""100"",""6"",""100""]""",Org1MSP Org2MSP ,VALID, 284 6, 284 6,,UT,163,15927,0
2022-04-07T17:26:02.760Z,4ba0a76c9c5937b18292540ce542119f59e70bd9a5059dc2c90dd4bf44242733,Org1MSP,Func4,"[10000"",""1000000"",""10031"",""1003100""]""",Org1MSP Org2MSP ,VALID,, 10000 10031,,WT,163,15934,0
2022-04-07T17:26:02.762Z,f58855c62e78f7ac06dae618305fe15688ada5fa167ff8aa1ddd5cdc2510032e,Org1MSP,Func4,"[10000"",""1000000"",""10068"",""1006800""]""",Org1MSP Org2MSP ,VALID,, 10000 10068,,WT,163,15992,0
2022-04-07T17:26:02.763Z,467574c632ef37d90cd2c40dd1d52b70fd883e19d4535828b9ec5a4fbca49945,Org1MSP,Func7,"[145"",""100"",""4318"",""100""]""",Org1MSP Org2MSP ,VALID, 145 4318, 145 4318,,UT,163,15933,0
2022-04-07T17:26:02.763Z,7660ca94214b27b3c34858f33678b309b3b53d2dd367ba3c37a92f03e067a78c,Org1MSP,Func4,"[10952"",""1095200"",""10111"",""1011100""]""",Org1MSP Org2MSP ,VALID,, 10111 10952,,WT,163,15943,0
2022-04-07T17:26:02.765Z,c2e32abb3dca191d9d6a0ff1e24fff42612c3435e3844d8082a7f14598bd743d,Org1MSP,Func4,"[10010"",""1001000"",""10005"",""1000500""]""",Org1MSP Org2MSP ,VALID,, 10005 10010,,WT,163,15972,0
2022-04-07T17:26:02.766Z,30bcab821236aee439bbacea2aef63a2b53b636b6e676886ba7f9b5a85910270,Org1MSP,Func4,"[10005"",""1000500"",""12601"",""1260100""]""",Org1MSP Org2MSP ,VALID,, 10005 12601,,WT,163,15921,0
2022-04-07T17:26:02.854Z,5b9c84a7d1bc316bd3b56cd82a8b571eaa40e3a3ce3b5460f0b79f77f8a381dc,Org1MSP,Func4,"[10705"",""1070500"",""10194"",""1019400""]""",Org1MSP Org2MSP ,VALID,, 10194 10705,,WT,163,15937,0
2022-04-07T17:26:02.858Z,1c7910765e24331143619d36150b20ce44320460b9024d332b90a61bc43a6fc4,Org1MSP,Func1,"[2058"",""2""]""",Org1MSP Org2MSP ,VALID, 2 2058,,,RT,163,15913,0
2022-04-07T17:26:02.858Z,56450fe4cc831b47ac3f8f47748b44508d500a0258921255332f51ad4dfd3c8d,Org1MSP,Func4,"[13064"",""1306400"",""10019"",""1001900""]""",Org1MSP Org2MSP ,VALID,, 10019 13064,,WT,163,15936,0
2022-04-07T17:26:02.860Z,39d87caa260ac91adb5591016c9bd2e9b523972f9aadd4e7a941a692b4ffb0e5,Org1MSP,Func4,"[10187"",""1018700"",""10551"",""1055100""]""",Org1MSP Org2MSP ,VALID,, 10187 10551,,WT,163,15926,0
2022-04-07T17:26:02.861Z,73026e0924c18b4b0fc573b83ae96691f010ba5902cde89ef48103145427cad7,Org1MSP,Func4,"[10959"",""1095900"",""12092"",""1209200""]""",Org1MSP Org2MSP ,VALID,, 10959 12092,,WT,163,15942,0
2022-04-07T17:26:02.861Z,7f55fdb6d180bd155acb2e637daa3659000ff648349384182f1636037d8090db,Org1MSP,Func4,"[10765"",""1076500"",""11246"",""1124600""]""",Org1MSP Org2MSP ,VALID,, 10765 11246,,WT,163,15946,0
2022-04-07T17:26:02.862Z,ae98188f4022c3326d5af33c13d34e6b5693104cdc57d1901a0533fdc3a8ae2e,Org1MSP,Func1,"[1"",""7672""]""",Org1MSP Org2MSP ,VALID, 1 7672,,,RT,163,15964,0
2022-04-07T17:26:02.863Z,cbce784274600319899c7d17784d78d21971b987a822d23f04cb400decc9ccfa,Org1MSP,Func4,"[10399"",""1039900"",""10000"",""1000000""]""",Org1MSP Org2MSP ,VALID,, 10000 10399,,WT,163,15977,0
2022-04-07T17:26:02.864Z,9f8ee8f9c12eb5ba13feecd016b1505c57526eb548ead38fb5a4fe32a3ad93df,Org1MSP,Func4,"[10366"",""1036600"",""10013"",""1001300""]""",Org1MSP Org2MSP ,VALID,, 10013 10366,,WT,163,15959,0
2022-04-07T17:26:02.956Z,63fbc552b101e72f9ca8ad2a238865a4cf9b137f3e8a808737dc23b7f39c0f6b,Org1MSP,Func1,"[137"",""318""]""",Org1MSP Org2MSP ,VALID, 137 318,,,RT,163,15938,0
2022-04-07T17:26:02.956Z,87a674d72856014606b8abdffc0cbea8267336e2a7b01375d18c3658e14c3c1c,Org1MSP,Func4,"[10002"",""1000200"",""10000"",""1000000""]""",Org1MSP Org2MSP ,VALID,, 10000 10002,,WT,163,15952,0
2022-04-07T17:26:02.960Z,209effd13e7c8299e8b363cb4a74c8eb8e504cf1991fd159d817f3a7d74ae5d5,Org1MSP,Func1,"[461"",""3""]""",Org1MSP Org2MSP ,VALID, 3 461,,,RT,163,15916,0
2022-04-07T17:26:02.960Z,8502543c8dab3681d47b68e556f208601b6e4822ad2e6933fa54067065d7db91,Org1MSP,Func7,"[6326"",""100"",""164"",""100""]""",Org1MSP Org2MSP ,VALID, 164 6326, 164 6326,,UT,163,15948,0
2022-04-07T17:26:02.962Z,399144ff5c1fb130eeb71d65126be42ad2414be7d1f2285ef24e674d19450b1e,Org1MSP,Func4,"[10005"",""1000500"",""10531"",""1053100""]""",Org1MSP Org2MSP ,VALID,, 10005 10531,,WT,163,15925,0
2022-04-07T17:26:02.962Z,c4eda67ecc1b54d502262ad8b29a916358919d5a711b0c7098de7ae55bafd08b,Org1MSP,Func4,"[10006"",""1000600"",""10000"",""1000000""]""",Org1MSP Org2MSP ,VALID,, 10000 10006,,WT,163,15973,0
2022-04-07T17:26:02.963Z,31e4a7d11244ae4794b2849ba246aa7c2e76317a2b1f2b1c3e8fa4934517cf1f,Org1MSP,Func4,"[11108"",""1110800"",""15421"",""1542100""]""",Org1MSP Org2MSP ,VALID,, 11108 15421,,WT,163,15922,0
2022-04-07T17:26:02.964Z,0668761ec54c53f2cbef935a43eeb68619fb44ff5a362cbcb07c218dcbd02c81,Org1MSP,Func7,"[4"",""100"",""33"",""100""]""",Org1MSP Org2MSP ,VALID, 33 4, 33 4,,UT,163,15997,0
2022-04-07T17:26:02.966Z,8732cfb4831628dadd70933ddcf39b68cc03ff3deb281c9768692c0fdf145ffd,Org1MSP,Func4,"[10017"",""1001700"",""10029"",""1002900""]""",Org1MSP Org2MSP ,VALID,, 10017 10029,,WT,163,15951,0
2022-04-07T17:26:03.054Z,7d46ce623b7afa28d2298ddca1725f5dbef8b3b79c04ccfa340263227dfd339f,Org1MSP,Func4,"[10005"",""1000500"",""13219"",""1321900""]""",Org1MSP Org2MSP ,VALID,, 10005 13219,,WT,163,15945,0
2022-04-07T17:26:03.057Z,a052b61d41ecf05eead5266b591e54a61b16cd11d7a9ef15277f3b8673301503,Org1MSP,Func7,"[595"",""100"",""57"",""100""]""",Org1MSP Org2MSP ,VALID, 57 595, 57 595,,UT,163,15960,0
2022-04-07T17:26:03.058Z,9ca630dd539ea18ab0072ab7ae777e5aee651d0ee43fe0b2436bc7fc4cf38739,Org1MSP,Func4,"[10000"",""1000000"",""10224"",""1022400""]""",Org1MSP Org2MSP ,VALID,, 10000 10224,,WT,163,15957,0
2022-04-07T17:26:03.061Z,100b370947eeddacc6e564656fc78b02a03da8696e5bb402a45128cd4275e859,Org1MSP,Func4,"[10001"",""1000100"",""10021"",""1002100""]""",Org1MSP Org2MSP ,VALID,, 10001 10021,,WT,163,15911,0
2022-04-07T17:26:03.061Z,dec6b2093f9d3a8c3dac161767afbd1dd0cda4e646302610aeb9c5c84008fdb9,Org1MSP,Func1,"[20"",""371""]""",Org1MSP Org2MSP ,VALID, 20 371,,,RT,163,15981,0
2022-04-07T17:26:03.062Z,2b25fddf6c146e613af653b8960d41045cae6da137cfca0683005d63e7a32891,Org1MSP,Func1,"[7349"",""116""]""",Org1MSP Org2MSP ,VALID, 116 7349,,,RT,163,15919,0
2022-04-07T17:26:03.062Z,8934b985759ab10e71e559b50f943f7b4be91818cda15bbfe13371e3fec4c5b5,Org1MSP,Func4,"[10804"",""1080400"",""10008"",""1000800""]""",Org1MSP Org2MSP ,VALID,, 10008 10804,,WT,163,15953,0
2022-04-07T17:26:03.063Z,dbfaa57556a7ea295c5fa1f17aec634bf4c72249be9710c705cf5630fde5638d,Org1MSP,Func4,"[10154"",""1015400"",""10003"",""1000300""]""",Org1MSP Org2MSP ,VALID,, 10003 10154,,WT,163,15980,0
2022-04-07T17:26:03.065Z,ff144e2648f19e123b43bd4d2b29272705af2e7f5d640842e5819366fd845e07,Org1MSP,Func4,"[11435"",""1143500"",""10009"",""1000900""]""",Org1MSP Org2MSP ,VALID,, 10009 11435,,WT,163,15994,0
2022-04-07T17:26:03.066Z,37c9baabfafc4bca09efa71fb7078fe9dbd2659028b2c52d296bc39ed47d56e8,Org1MSP,Func4,"[10210"",""1021000"",""10036"",""1003600""]""",Org1MSP Org2MSP ,VALID,, 10036 10210,,WT,163,15923,0
2022-04-07T17:26:03.155Z,28d3db619b600f5d5b62c1811f50fe8aa01b95e978580df669af9ffb3d1679b4,Org1MSP,Func4,"[10014"",""1001400"",""10185"",""1018500""]""",Org1MSP Org2MSP ,VALID,, 10014 10185,,WT,163,15918,0
2022-04-07T17:26:03.156Z,3e6749a551e38a123b466f31bea6c3b6572f91bd018dc085c4bc07efa7bd2463,Org1MSP,Func1,"[1"",""112""]""",Org1MSP Org2MSP ,VALID, 1 112,,,RT,163,15929,0
2022-04-07T17:26:03.158Z,e7650eb167b892ac3dcf1fa0a8cd8fe65ea8f5bc299f013399f92436468efebc,Org1MSP,Func1,"[1131"",""153""]""",Org1MSP Org2MSP ,VALID, 1131 153,,,RT,163,15984,0
2022-04-07T17:26:03.159Z,1efe7c92c542f29b0fcaa3e06663fdc87a29ff4e10a2ac20a84850502b56e5ed,Org1MSP,Func4,"[10001"",""1000100"",""10041"",""1004100""]""",Org1MSP Org2MSP ,VALID,, 10001 10041,,WT,163,15915,0
2022-04-07T17:26:03.160Z,0c79ef6420bd37c321678862036f80fc60a7d6b08d43a6bcab28eeef290f0fdd,Org1MSP,Func4,"[18026"",""1802600"",""10010"",""1001000""]""",Org1MSP Org2MSP ,VALID,, 10010 18026,,WT,163,15909,0
2022-04-07T17:26:03.162Z,107accc9bd7a5c362771a70e97264b6f2242d1934c430796b9c583c8d8b6ce9f,Org1MSP,Func4,"[10000"",""1000000"",""10615"",""1061500""]""",Org1MSP Org2MSP ,VALID,, 10000 10615,,WT,163,15912,0
2022-04-07T17:26:03.163Z,3ee38efe7992c29ece40d8b5f228e747986f60d5c42537592d89cade68424e6e,Org1MSP,Func4,"[10000"",""1000000"",""10047"",""1004700""]""",Org1MSP Org2MSP ,VALID,, 10000 10047,,WT,163,15930,0
2022-04-07T17:26:03.164Z,0ee38c696512d072bb6f0ec978a8cb00755eac430658d2dd4d7c343e5694d8f2,Org1MSP,Func4,"[10000"",""1000000"",""10106"",""1010600""]""",Org1MSP Org2MSP ,VALID,, 10000 10106,,WT,163,15910,0
2022-04-07T17:26:03.164Z,a62383991117703465140d2b7ccc807f39f2807f16fbc978933a4a4e29b5c447,Org1MSP,Func1,"[2"",""7""]""",Org1MSP Org2MSP ,VALID, 2 7,,,RT,163,15962,0
2022-04-07T17:26:03.166Z,9a95445f7ddad902ae30d6b97ad994639d8ac776e432eb153d86f46593796dd8,Org1MSP,Func4,"[10035"",""1003500"",""10000"",""1000000""]""",Org1MSP Org2MSP ,VALID,, 10000 10035,,WT,163,15956,0
2022-04-07T17:26:03.254Z,6c679b9284b2a5cbaeeb23345703aa19fc0e3aa3d7e4f2adb91e26c7d48d01b5,Org1MSP,Func7,"[44"",""100"",""1916"",""100""]""",Org1MSP Org2MSP ,VALID, 1916 44, 1916 44,,UT,163,15998,0
2022-04-07T17:26:03.257Z,215de74af93e2d653228402cddd1763bb46e6e69164d4dc852a1bf9df6468793,Org1MSP,Func4,"[10003"",""1000300"",""10025"",""1002500""]""",Org1MSP Org2MSP ,VALID,, 10003 10025,,WT,163,15917,0
2022-04-07T17:26:03.260Z,e8f752406a71f197ad851d97c3615440eebe1904ec71310e2a4e47acfb3f72d2,Org1MSP,Func1,"[170"",""10""]""",Org1MSP Org2MSP ,VALID, 10 170,,,RT,163,15985,0
2022-04-07T17:26:03.260Z,254ea218ac7de395233109b703e9ba3904917bbcb2a9b26868cb7f2a09609155,Org1MSP,Func1,"[1"",""1444""]""",Org1MSP Org2MSP ,VALID, 1 1444,,,RT,163,16000,0
2022-04-07T17:26:03.260Z,d4fae88e98114c32838a3fa08301c854e91c562c671b42cb547834d4f694e5c9,Org1MSP,Func7,"[35"",""100"",""1"",""100""]""",Org1MSP Org2MSP ,VALID, 1 35, 1 35,,UT,163,16003,0
2022-04-07T17:26:03.261Z,4fda36a97f63843b9a6983f46215c0190dfc5bf278c028a1e053b8d10aa5afbe,Org1MSP,Func4,"[10020"",""1002000"",""10000"",""1000000""]""",Org1MSP Org2MSP ,VALID,, 10000 10020,,WT,163,15935,0
2022-04-07T17:26:03.262Z,bf0a88f0e761eb67dcac903a13b7982b84f3c905d6cfd5e83a65d2198ac11417,Org1MSP,Func1,"[9841"",""35""]""",Org1MSP Org2MSP ,VALID, 35 9841,,,RT,163,15969,0
2022-04-07T17:26:03.263Z,faf3f8f4ae64ff789b652e8ead164f6e0f345e46f8ded7f69b680c28600cdb74,Org1MSP,Func7,"[5"",""100"",""3312"",""100""]""",Org1MSP Org2MSP ,VALID, 3312 5, 3312 5,,UT,163,15993,0
2022-04-07T17:26:03.264Z,f3221bfef4ab0d633b61393e365f196776e09a03d615547a65c2e3d9cfefbfbb,Org1MSP,Func1,"[2"",""242""]""",Org1MSP Org2MSP ,VALID, 2 242,,,RT,163,15999,0
2022-04-07T17:26:03.266Z,30af881db71da3cc3a2823590ffce8b96a0d8aae7e504e66f0fa557409098c11,Org1MSP,Func4,"[10144"",""1014400"",""10806"",""1080600""]""",Org1MSP Org2MSP ,VALID,, 10144 10806,,WT,163,15920,0
2022-04-07T17:26:03.355Z,446c2b1062a519b4ca3d0c3ad6ed55e8ba360feaa378481378d591a37a282a09,Org1MSP,Func1,"[44"",""139""]""",Org1MSP Org2MSP ,VALID, 139 44,,,RT,163,15932,0
2022-04-07T17:26:03.358Z,ed6739cfdbad1ea745fcf6dff3b26ec2ba7a0072c8ece04d65b45da1163278bf,Org1MSP,Func7,"[3"",""100"",""6416"",""100""]""",Org1MSP Org2MSP ,VALID, 3 6416, 3 6416,,UT,163,15996,0
2022-04-07T17:26:03.359Z,ec20213f47059f74427218a227d5242c5f390b83ea98894f7e7b45254d7be064,Org1MSP,Func4,"[10010"",""1001000"",""10123"",""1012300""]""",Org1MSP Org2MSP ,VALID,, 10010 10123,,WT,163,15988,0
2022-04-07T17:26:03.361Z,85694b8756284f57f972b196efd96447638e1c7734ce47e402b7a8d41b51a7c2,Org1MSP,Func4,"[12655"",""1265500"",""10930"",""1093000""]""",Org1MSP Org2MSP ,VALID,, 10930 12655,,WT,163,15949,0
2022-04-07T17:26:03.362Z,f4e95e9dee7aa8789e3d49944067a79f0f18ae2f190f9de4491f8e3daed8ec5c,Org1MSP,Func4,"[10024"",""1002400"",""10008"",""1000800""]""",Org1MSP Org2MSP ,VALID,, 10008 10024,,WT,163,15991,0
2022-04-07T17:26:03.363Z,aed230eb0634281d6f8277c39510cd32f6fe22f0997882cfa3e2fc94a52f5a4e,Org1MSP,Func4,"[10534"",""1053400"",""10001"",""1000100""]""",Org1MSP Org2MSP ,VALID,, 10001 10534,,WT,163,15965,0
2022-04-07T17:26:03.364Z,6a80435dbd14ed4e04a50e3f1ad8e2747045c89cc0d1ccf93acc62392d4b666b,Org1MSP,Func4,"[10000"",""1000000"",""10003"",""1000300""]""",Org1MSP Org2MSP ,VALID,, 10000 10003,,WT,163,15939,0
2022-04-07T17:26:03.366Z,d05d9d4887f06cc2cd63ad6856e175815530d8845a67b9f85086d7237da49641,Org1MSP,Func4,"[10036"",""1003600"",""10072"",""1007200""]""",Org1MSP Org2MSP ,VALID,, 10036 10072,,WT,163,15978,0
2022-04-07T17:26:03.454Z,1d0615b79d336d3bdffc245ae8259e868455b105bed4dc14f5ede2ccf409f251,Org1MSP,Func4,"[13588"",""1358800"",""10000"",""1000000""]""",Org1MSP Org2MSP ,VALID,, 10000 13588,,WT,163,15914,0
2022-04-07T17:26:03.456Z,defc0ecf58f1bd32f80da4610a7e631668f5b5348546344ac43f502371e8c62b,Org1MSP,Func4,"[11284"",""1128400"",""10821"",""1082100""]""",Org1MSP Org2MSP ,VALID,, 10821 11284,,WT,163,15982,0
2022-04-07T17:26:03.458Z,ad11a3736d662c02c302e2bdb01b88fc7dcb9e5c8e09681736bdf10dc41b92cb,Org1MSP,Func4,"[10029"",""1002900"",""12507"",""1250700""]""",Org1MSP Org2MSP ,VALID,, 10029 12507,,WT,163,15963,0
2022-04-07T17:26:03.460Z,6f1f330d00d84efd4e4b03c0dac0e6a265335eda27248e5ae7ad0e3ee7f23b6a,Org1MSP,Func4,"[19300"",""1930000"",""10005"",""1000500""]""",Org1MSP Org2MSP ,VALID,, 10005 19300,,WT,163,15940,0
2022-04-07T17:26:03.461Z,c5c538b41d6da0c723b0597a9a047b2e477cc5e0f3eab0fd4e2f5a9897a5c1e0,Org1MSP,Func4,"[10018"",""1001800"",""12265"",""1226500""]""",Org1MSP Org2MSP ,VALID,, 10018 12265,,WT,163,15974,0
2022-04-07T17:26:03.462Z,182e78abb91a06b0f756d0642ebf3fd76ba823665c68bec287bc146706641f19,Org1MSP,Func1,"[39"",""9""]""",Org1MSP Org2MSP ,VALID, 39 9,,,RT,163,15995,0
2022-04-07T17:26:03.463Z,a3161e9a70993d92ea276960f14c24f289b674f05c41fe6c0636bfefc77a5664,Org1MSP,Func4,"[10000"",""1000000"",""10013"",""1001300""]""",Org1MSP Org2MSP ,VALID,, 10000 10013,,WT,163,15961,0
2022-04-07T17:26:03.464Z,d77fbf712825949b24f9ec8163e30c4e6f171c3352a497b1bed60251948c310d,Org1MSP,Func4,"[10130"",""1013000"",""10687"",""1068700""]""",Org1MSP Org2MSP ,VALID,, 10130 10687,,WT,163,15979,0
2022-04-07T17:26:03.465Z,b663e5b1c4c97971a2be30f00ad58c1218db85d4ed38cd498577a1d3ef63f55b,Org1MSP,Func7,"[1899"",""100"",""2074"",""100""]""",Org1MSP Org2MSP ,VALID, 1899 2074, 1899 2074,,UT,163,15967,0
2022-04-07T17:26:03.468Z,c87da770207379928979f468a0d639a37265bc7dae4a69cf8260785ac1344d39,Org1MSP,Func4,"[10001"",""1000100"",""13688"",""1368800""]""",Org1MSP Org2MSP ,VALID,, 10001 13688,,WT,163,15976,0
2022-04-07T17:26:03.556Z,be59824896577d86de7e280a017d901205cf163f00b610a26c4d21265538d462,Org1MSP,Func4,"[10040"",""1004000"",""10372"",""1037200""]""",Org1MSP Org2MSP ,VALID,, 10040 10372,,WT,163,15968,0
2022-04-07T17:26:03.557Z,b560529c3e62008e3cedce30fa358eccebcc9d03925710fd5e760f5c16ee63ea,Org1MSP,Func7,"[47"",""100"",""18"",""100""]""",Org1MSP Org2MSP ,VALID, 18 47, 18 47,,UT,163,15966,0
2022-04-07T17:26:03.558Z,833cd7920d8742255680b9d7b717ffd85a71a9b405755cef081aef8ff1599f46,Org1MSP,Func7,"[4234"",""100"",""113"",""100""]""",Org1MSP Org2MSP ,VALID, 113 4234, 113 4234,,UT,163,15947,0
2022-04-07T17:26:03.561Z,3f53e13275fe35981c548bb197ecd5a8a7d80ba3490fd617204c92729356b53c,Org1MSP,Func1,"[38"",""4""]""",Org1MSP Org2MSP ,VALID, 38 4,,,RT,163,15931,0
2022-04-07T17:26:03.562Z,ef5d77c65925a4a165ee4c4a60b98ce48e92effdb4e300fa1ead2f5ceaedefea,Org1MSP,Func4,"[10004"",""1000400"",""11189"",""1118900""]""",Org1MSP Org2MSP ,VALID,, 10004 11189,,WT,163,15989,0
2022-04-07T17:26:03.563Z,9d303a2119500a87589ef7e04d57b0b1a52c7dff4e5fe6fc30d19dfcc26ed5e8,Org1MSP,Func1,"[1"",""25""]""",Org1MSP Org2MSP ,VALID, 1 25,,,RT,163,16001,0
2022-04-07T17:26:03.566Z,388b7df1e48b69c81202b261d4d62ea8666bb5beaf338c274e9a612d73cb9ef8,Org1MSP,Func4,"[19361"",""1936100"",""10000"",""1000000""]""",Org1MSP Org2MSP ,VALID,, 10000 19361,,WT,163,15924,0
2022-04-07T17:26:03.566Z,c1f2391b7dc69219be3be7a1c9f879bf590f3d5509034caf7aa40222ca35b808,Org1MSP,Func4,"[10001"",""1000100"",""10000"",""1000000""]""",Org1MSP Org2MSP ,VALID,, 10000 10001,,WT,163,15970,0
2022-04-07T17:26:03.577Z,8c55891418c3c5e623c2459a88f5f8617a2b5d3af00febe3c8a1fcdb707e0c1a,Org1MSP,Func7,"[274"",""100"",""251"",""100""]""",Org1MSP Org2MSP ,VALID, 251 274, 251 274,,UT,163,15955,0
2022-04-07T17:26:03.655Z,2fe657674ec6100c7a2c3bf3793ec979d7a5535fc0709f79c39bd83932ab62cf,Org1MSP,Func1,"[1"",""190""]""",Org1MSP Org2MSP ,VALID, 1 190,,,RT,163,16002,0
2022-04-07T17:26:03.658Z,3d074e795b26ba7f40e9b3c6c7d69ece17941a1721806f553105bb65b64ab5ed,Org1MSP,Func4,"[14041"",""1404100"",""14379"",""1437900""]""",Org1MSP Org2MSP ,VALID,, 14041 14379,,WT,163,15928,0
2022-04-07T17:26:03.658Z,8b60b39ca53908f9fde21f1004fdedb964caff8a249860d07edab09f6e57023c,Org1MSP,Func4,"[11005"",""1100500"",""13266"",""1326600""]""",Org1MSP Org2MSP ,VALID,, 11005 13266,,WT,163,15954,0
2022-04-07T17:26:03.659Z,861f1faca58bd237fe1f69b9789c4a1ebd491630605c0abe0d7e4fb4795e0ba6,Org1MSP,Func4,"[10063"",""1006300"",""10002"",""1000200""]""",Org1MSP Org2MSP ,VALID,, 10002 10063,,WT,163,15950,0
2022-04-07T17:26:03.661Z,dfdf9d4a950cea524303a82c04c9572d3fa3424892bfb32b2661d5feb6004d28,Org1MSP,Func1,"[206"",""1928""]""",Org1MSP Org2MSP ,VALID, 1928 206,,,RT,163,15983,0
2022-04-07T17:26:03.662Z,c71f5e190b7972ce83b39305548f60bc2098b494b485ad08a2a4d8f5d182b5ae,Org1MSP,Func4,"[10005"",""1000500"",""10985"",""1098500""]""",Org1MSP Org2MSP ,VALID,, 10005 10985,,WT,163,15975,0
2022-04-07T17:26:03.662Z,f3971ac87cde829e70ced8eb202ecc83e08f1d7cc6440298806721197f9fc530,Org1MSP,Func4,"[10071"",""1007100"",""10008"",""1000800""]""",Org1MSP Org2MSP ,VALID,, 10008 10071,,WT,163,15990,0
2022-04-07T17:26:03.663Z,c2731d1e675dbe0a0cda3f4a27ded7d9a4b59306b10efd4199e31ae74e2710b5,Org1MSP,Func4,"[10000"",""1000000"",""10567"",""1056700""]""",Org1MSP Org2MSP ,VALID,, 10000 10567,,WT,163,15971,0
2022-04-07T17:26:03.665Z,70540dce996b1b155ac3ae74b3d245d9331edc89fdac949fa2deebbb28a2aca7,Org1MSP,Func4,"[10002"",""1000200"",""10008"",""1000800""]""",Org1MSP Org2MSP ,VALID,, 10002 10008,,WT,163,15941,0
2022-04-07T17:26:03.665Z,ea808eb230249829784385fb2a5a969aa16e4dd8fea4d735bbc931308064a3fe,Org1MSP,Func4,"[10081"",""1008100"",""10111"",""1011100""]""",Org1MSP Org2MSP ,VALID,, 10081 10111,,WT,163,15987,0
2022-04-07T17:26:03.755Z,ba57f0e4d09afcda98fdd1b8722dae8617cc7bacc13295b8daef05a4cbcf0ec3,Org1MSP,Func4,"[10785"",""1078500"",""10038"",""1003800""]""",Org1MSP Org2MSP ,VALID,, 10038 10785,,WT,164,16061,0
2022-04-07T17:26:03.758Z,860d5769e7df22dbfe983dd1d69519b893d0029ec86e6acf5b26b07069c30bdf,Org1MSP,Func4,"[10000"",""1000000"",""10058"",""1005800""]""",Org1MSP Org2MSP ,VALID,, 10000 10058,,WT,164,16044,0
2022-04-07T17:26:03.758Z,a312c980700605aa2486e2968e7cc115f97fd31cef5def393a35ed1ade9cef1d,Org1MSP,Func4,"[11684"",""1168400"",""19128"",""1912800""]""",Org1MSP Org2MSP ,VALID,, 11684 19128,,WT,164,16056,0
2022-04-07T17:26:03.759Z,08547cbda03094fb1372228ba95b482b0c103d916cf33b74005f74ae24241cca,Org1MSP,Func4,"[10131"",""1013100"",""10046"",""1004600""]""",Org1MSP Org2MSP ,VALID,, 10046 10131,,WT,164,16006,0
2022-04-07T17:26:03.760Z,94dc8dcdc275dfd5e91d5e96a73f4fc7daaa34c932317aad702bea7ab24fc1a3,Org1MSP,Func4,"[10069"",""1006900"",""10003"",""1000300""]""",Org1MSP Org2MSP ,VALID,, 10003 10069,,WT,164,16052,0
2022-04-07T17:26:03.761Z,79c5b325206e1add0a4106c035b0263c5b50c9b600af63ac09e923bb7e5aa3c4,Org1MSP,Func4,"[10001"",""1000100"",""10024"",""1002400""]""",Org1MSP Org2MSP ,VALID,, 10001 10024,,WT,164,16037,0
2022-04-07T17:26:03.763Z,8f57d6a7ca9d0617f8a9f2afc108560ca60b9fe071920de05728f5de228552e7,Org1MSP,Func1,"[106"",""7""]""",Org1MSP Org2MSP ,VALID, 106 7,,,RT,164,16048,0
2022-04-07T17:26:03.765Z,1f5c7e0ce019e9d69dd66235882e1f8eade48e2a353b952734a739c13cefa58e,Org1MSP,Func4,"[10017"",""1001700"",""12747"",""1274700""]""",Org1MSP Org2MSP ,VALID,, 10017 12747,,WT,164,16013,0
2022-04-07T17:26:03.766Z,10fa09b6de00df25edbf2db54672aa92bc13958f8ec5417947d8e70cc24c7a19,Org1MSP,Func4,"[19327"",""1932700"",""13291"",""1329100""]""",Org1MSP Org2MSP ,VALID,, 13291 19327,,WT,164,16009,0
2022-04-07T17:26:03.772Z,126c898bad70df7c5b4a20743a4b09cc54fff7a5998c70df40598f5f060b5552,Org1MSP,Func4,"[10029"",""1002900"",""10202"",""1020200""]""",Org1MSP Org2MSP ,VALID,, 10029 10202,,WT,164,16010,0
2022-04-07T17:26:03.855Z,9116e0e02483275a32d4b95647f0006ff9bccb7e949465c432083c2e94d17ed1,Org1MSP,Func4,"[15578"",""1557800"",""14369"",""1436900""]""",Org1MSP Org2MSP ,VALID,, 14369 15578,,WT,164,16051,0
2022-04-07T17:26:03.859Z,7a8b588412a4bb5b4137b378f14ff8289e731b2f2bd2c7422c784b8f890a67a9,Org1MSP,Func4,"[17211"",""1721100"",""10036"",""1003600""]""",Org1MSP Org2MSP ,VALID,, 10036 17211,,WT,164,16039,0
2022-04-07T17:26:03.859Z,bfced88ec40390e2dc071595e780c6fe0616f8e96cdb5a7660a0cc7d5e9deecc,Org1MSP,Func4,"[10005"",""1000500"",""10012"",""1001200""]""",Org1MSP Org2MSP ,VALID,, 10005 10012,,WT,164,16064,0
2022-04-07T17:26:03.860Z,0fa85d9e8e0b8adb93baac7f9aefe4caa13ac0abba1b4157cfc3842a672200c6,Org1MSP,Func1,"[1"",""6""]""",Org1MSP Org2MSP ,VALID, 1 6,,,RT,164,16008,0
2022-04-07T17:26:03.861Z,7a6dd6389d238d0a91e4a8182cc84394453eef6be98b78265d806b52141f4921,Org1MSP,Func4,"[10126"",""1012600"",""10702"",""1070200""]""",Org1MSP Org2MSP ,VALID,, 10126 10702,,WT,164,16038,0
2022-04-07T17:26:03.862Z,42920fec15d879f45c9fe7816b3d596714ebdcc2896723b1b6b81134ce025d76,Org1MSP,Func4,"[13276"",""1327600"",""10381"",""1038100""]""",Org1MSP Org2MSP ,VALID,, 10381 13276,,WT,164,16023,0
2022-04-07T17:26:03.862Z,45b94774bfadbf1386696f984117cb159af33073c0be3a36ea9029a085d89d70,Org1MSP,Func7,"[425"",""100"",""150"",""100""]""",Org1MSP Org2MSP ,VALID, 150 425, 150 425,,UT,164,16025,0
2022-04-07T17:26:03.864Z,03f98c5e8b217775f7183e4b732cbe3dcbfc491b88f508665964b1773b6f7578,Org1MSP,Func7,"[22"",""100"",""686"",""100""]""",Org1MSP Org2MSP ,VALID, 22 686, 22 686,,UT,164,16005,0
2022-04-07T17:26:03.864Z,85803eaf8b5f333ceba51fa113f652ce399d7953555f928d2897c7858282bbf3,Org1MSP,Func1,"[313"",""1""]""",Org1MSP Org2MSP ,VALID, 1 313,,,RT,164,16043,0
2022-04-07T17:26:03.955Z,43b6d8cc889b64b8e259b382c197c5e8f2bfce060463246b6b7dc292b907430f,Org1MSP,Func4,"[10066"",""1006600"",""14023"",""1402300""]""",Org1MSP Org2MSP ,VALID,, 10066 14023,,WT,164,16024,0
2022-04-07T17:26:03.957Z,3e25a185b83f1e6b4bf8c5953dd1bd0e1a549185f8fd1363b48d36b64caa3a59,Org1MSP,Func4,"[10014"",""1001400"",""10001"",""1000100""]""",Org1MSP Org2MSP ,VALID,, 10001 10014,,WT,164,16021,0
2022-04-07T17:26:03.958Z,24c80a169439657a06f8b77828eba4697bd889bbcbe5ba57d351dfde5bcfa92e,Org1MSP,Func1,"[253"",""1845""]""",Org1MSP Org2MSP ,VALID, 1845 253,,,RT,164,16015,0
2022-04-07T17:26:03.959Z,66042f29cebebc8f6f5a9bf33192388cdf74abdc038acf5ca8f6b37cbe433a6c,Org1MSP,Func1,"[7"",""1533""]""",Org1MSP Org2MSP ,VALID, 1533 7,,,RT,164,16032,0
2022-04-07T17:26:03.959Z,9832d7184f9b4405281d65258f98d27ba7d6fd21d2fffae9c17fd1331265f53b,Org1MSP,Func1,"[46"",""10""]""",Org1MSP Org2MSP ,VALID, 10 46,,,RT,164,16055,0
2022-04-07T17:26:03.963Z,9818249277620d609b99dbb4f775512e6168098fdd33f5d6ba6d22aa5897320d,Org1MSP,Func4,"[10004"",""1000400"",""10012"",""1001200""]""",Org1MSP Org2MSP ,VALID,, 10004 10012,,WT,164,16054,0
2022-04-07T17:26:03.963Z,fa91b5386b704046d353fecd985d670b14e1ecd5c8687f5c1b41f787d1e13400,Org1MSP,Func1,"[35"",""73""]""",Org1MSP Org2MSP ,VALID, 35 73,,,RT,164,16074,0
2022-04-07T17:26:03.964Z,1d8b632f9e3399c007547f8f3e6286c95cd87c8eb55313ca6ac197350c7d0d87,Org1MSP,Func7,"[569"",""100"",""4210"",""100""]""",Org1MSP Org2MSP ,VALID, 4210 569, 4210 569,,UT,164,16012,0
2022-04-07T17:26:03.964Z,4a887b6d3e70f9df5c1b4bd7dfce69fea8a729cc1da57b2f941785d502124f5b,Org1MSP,Func7,"[107"",""100"",""61"",""100""]""",Org1MSP Org2MSP ,VALID, 107 61, 107 61,,UT,164,16026,0
2022-04-07T17:26:03.966Z,01c39921bfcf5d5b3b8f0b7499a582380bc270fee18771a04e8abdc15bc68f8b,Org1MSP,Func1,"[1"",""3""]""",Org1MSP Org2MSP ,VALID, 1 3,,,RT,164,16004,0
2022-04-07T17:26:04.055Z,6ecc3ed0fad7a47bbfab1d3efbdaa2050ca48e0b3b3d589e57330454cecc7ac8,Org1MSP,Func4,"[10346"",""1034600"",""10000"",""1000000""]""",Org1MSP Org2MSP ,VALID,, 10000 10346,,WT,164,16036,0
2022-04-07T17:26:04.058Z,2979f1e4c9536aa0794646f6ea4f4522bdc8f0b4cd73395d5a405f2e2f79c1a8,Org1MSP,Func4,"[19819"",""1981900"",""11000"",""1100000""]""",Org1MSP Org2MSP ,VALID,, 11000 19819,,WT,164,16017,0
2022-04-07T17:26:04.059Z,bb50692e437cca499669b0672bf5589921ebc08903dd029baf43793f416bd19e,Org1MSP,Func1,"[5"",""162""]""",Org1MSP Org2MSP ,VALID, 162 5,,,RT,164,16062,0
2022-04-07T17:26:04.059Z,ed182609d1ce86d4bbad512f93f6f8863a8d3a7e261020574cc179d0062a8e9d,Org1MSP,Func4,"[10453"",""1045300"",""18229"",""1822900""]""",Org1MSP Org2MSP ,VALID,, 10453 18229,,WT,164,16071,0
2022-04-07T17:26:04.060Z,d8323822517147aeaeea33e138e8faf40814bd6f40e37a87b9a2e2a3ee174a4f,Org1MSP,Func1,"[1"",""1""]""",Org1MSP Org2MSP ,VALID, 1,,,RT,164,16066,0
2022-04-07T17:26:04.061Z,614a7f291682c1716261fd101f34cf772112e60369ad8f4537cf5b7c143b76e8,Org1MSP,Func4,"[10000"",""1000000"",""10007"",""1000700""]""",Org1MSP Org2MSP ,VALID,, 10000 10007,,WT,164,16031,0
2022-04-07T17:26:04.063Z,2d6fc9a60676b93c5a59f5c55cc0a4fc348f382b08a6071a104c098e8edea7fb,Org1MSP,Func4,"[10005"",""1000500"",""10001"",""1000100""]""",Org1MSP Org2MSP ,VALID,, 10001 10005,,WT,164,16018,0
2022-04-07T17:26:04.063Z,e6739d11a7d24e3ef1101fc3c47284a18b91ee784e7a096b651053fe36ffc1e0,Org1MSP,Func1,"[85"",""24""]""",Org1MSP Org2MSP ,VALID, 24 85,,,RT,164,16069,0
2022-04-07T17:26:04.064Z,817b49fb311c3b0d291b0f603b8c0619b531f3b9cadda1cfe36725e7f013225b,Org1MSP,Func7,"[591"",""100"",""8"",""100""]""",Org1MSP Org2MSP ,VALID, 591 8, 591 8,,UT,164,16041,0
2022-04-07T17:26:04.068Z,95dd6ef35ac39c76ad0536b94a0f3966c74b7f61ba8770acf5ee6c435d1c195b,Org1MSP,Func4,"[14155"",""1415500"",""10002"",""1000200""]""",Org1MSP Org2MSP ,VALID,, 10002 14155,,WT,164,16053,0
2022-04-07T17:26:04.156Z,dc03b9ad10ff27f13891e6b0f91b88fdf462d7d390bcbebc878fc914576e0d12,Org1MSP,Func4,"[14095"",""1409500"",""10700"",""1070000""]""",Org1MSP Org2MSP ,VALID,, 10700 14095,,WT,164,16067,0
2022-04-07T17:26:04.157Z,8989daf5537fabc0f906df7bcd4c5df7623318ed7c55a98bd0a071aaff805fcf,Org1MSP,Func4,"[17683"",""1768300"",""10243"",""1024300""]""",Org1MSP Org2MSP ,VALID,, 10243 17683,,WT,164,16045,0
2022-04-07T17:26:04.159Z,35131c013083bbc1d4f646cc46a23ae64bfb7611dc3f9cd9a409d1a77e16e802,Org1MSP,Func4,"[11022"",""1102200"",""10014"",""1001400""]""",Org1MSP Org2MSP ,VALID,, 10014 11022,,WT,164,16019,0
2022-04-07T17:26:04.159Z,9053f76892584d79ed475bafb740a6b0b91092c475bc57f7291b0eab709e80d2,Org1MSP,Func4,"[10696"",""1069600"",""10009"",""1000900""]""",Org1MSP Org2MSP ,VALID,, 10009 10696,,WT,164,16050,0
2022-04-07T17:26:04.160Z,3dc5f518c2b6dd322aa2ba7e1bf9242104c3fb11e7115b1bfc439375e26ebba3,Org1MSP,Func7,"[126"",""100"",""3508"",""100""]""",Org1MSP Org2MSP ,VALID, 126 3508, 126 3508,,UT,164,16020,0
2022-04-07T17:26:04.161Z,82e84a73b90977dea6e04cdc180320cacfb3a650a327b6619cec6e01979313d4,Org1MSP,Func1,"[365"",""891""]""",Org1MSP Org2MSP ,VALID, 365 891,,,RT,164,16042,0
2022-04-07T17:26:04.162Z,580036bd7fac09fb58f28ecdd5984c17ee06e7abad3cb8cb52a024a622e6c4fd,Org1MSP,Func1,"[1"",""42""]""",Org1MSP Org2MSP ,VALID, 1 42,,,RT,164,16029,0
2022-04-07T17:26:04.164Z,5c05466b0f1547d18ff07de96cbde0b393def536095688dfaccbe4f65d58f7df,Org1MSP,Func1,"[6442"",""124""]""",Org1MSP Org2MSP ,VALID, 124 6442,,,RT,164,16030,0
2022-04-07T17:26:04.168Z,2421f9aae902741818f0b580855e47610b5bfc964c27be13c18857e911cad5bf,Org1MSP,Func4,"[10053"",""1005300"",""11143"",""1114300""]""",Org1MSP Org2MSP ,VALID,, 10053 11143,,WT,164,16014,0
2022-04-07T17:26:04.254Z,e71c347cded337a4a413ab769c675884ea7a5a5e8dac4daca3538e31fc561920,Org1MSP,Func1,"[1"",""16""]""",Org1MSP Org2MSP ,VALID, 1 16,,,RT,164,16070,0
2022-04-07T17:26:04.257Z,ba1a61c27779dcae32eb8ab6217f032c30113c567c9cfa78bff4750dae270c0d,Org1MSP,Func4,"[10068"",""1006800"",""10002"",""1000200""]""",Org1MSP Org2MSP ,VALID,, 10002 10068,,WT,164,16060,0
2022-04-07T17:26:04.258Z,6ea03085565ed8e165bf6fd958865e325712286517f8653ac0ea433772018b1c,Org1MSP,Func4,"[10028"",""1002800"",""10002"",""1000200""]""",Org1MSP Org2MSP ,VALID,, 10002 10028,,WT,164,16035,0
2022-04-07T17:26:04.260Z,b489c42833b88903b313611d7c9065190526a3746f6ffd63d82cb8cfa7915ad2,Org1MSP,Func1,"[39"",""1""]""",Org1MSP Org2MSP ,VALID, 1 39,,,RT,164,16058,0
2022-04-07T17:26:04.260Z,ddda3605021dead27b0c8871490daadf540c0b016e2a80c63b84589930847d91,Org1MSP,Func4,"[10164"",""1016400"",""10037"",""1003700""]""",Org1MSP Org2MSP ,VALID,, 10037 10164,,WT,164,16068,0
2022-04-07T17:26:04.261Z,a704465505290879254e960fc2b3dad912311ad5dbf2ce4b54a9008c33ab0d5e,Org1MSP,Func1,"[207"",""1013""]""",Org1MSP Org2MSP ,VALID, 1013 207,,,RT,164,16057,0
2022-04-07T17:26:04.262Z,b8fb1685a4898bfbdf9ffd6951c54563f966b5d73b90ae22d5315884fd681458,Org1MSP,Func7,"[114"",""100"",""398"",""100""]""",Org1MSP Org2MSP ,VALID, 114 398, 114 398,,UT,164,16059,0
2022-04-07T17:26:04.263Z,8d15722d2d14e37214532b172bf7a3981be013d20419ee6ed4a9b3a3b7c7c3ed,Org1MSP,Func4,"[10131"",""1013100"",""10145"",""1014500""]""",Org1MSP Org2MSP ,VALID,, 10131 10145,,WT,164,16047,0
2022-04-07T17:26:04.264Z,09dd7f3ee80b91b51e56286d41e624fd9af4891b515ffeb8972de495f9d01d8e,Org1MSP,Func4,"[10016"",""1001600"",""10000"",""1000000""]""",Org1MSP Org2MSP ,VALID,, 10000 10016,,WT,164,16007,0
2022-04-07T17:26:04.266Z,4d94ba18708cf0ed52e8d716d2f723a6f62793f5733884ce5b249cd0f66f8816,Org1MSP,Func4,"[10000"",""1000000"",""10004"",""1000400""]""",Org1MSP Org2MSP ,VALID,, 10000 10004,,WT,164,16027,0
2022-04-07T17:26:04.355Z,67093394800fe8cd0013d2705d497b1e72f5ec7417887aafd8de7cebdb797c0a,Org1MSP,Func4,"[10017"",""1001700"",""13269"",""1326900""]""",Org1MSP Org2MSP ,VALID,, 10017 13269,,WT,164,16033,0
2022-04-07T17:26:04.357Z,8fdae0edac2294b6c7dd1d862ff957cfacb817afed45cd4f4df968e2dfc1cd4c,Org1MSP,Func4,"[10141"",""1014100"",""10342"",""1034200""]""",Org1MSP Org2MSP ,VALID,, 10141 10342,,WT,164,16049,0
2022-04-07T17:26:04.359Z,7f0767d698e7aa0bb553f4aed2c9147a5b236db7424cd08d1abfc1a784002eb1,Org1MSP,Func4,"[10173"",""1017300"",""10087"",""1008700""]""",Org1MSP Org2MSP ,VALID,, 10087 10173,,WT,164,16040,0
2022-04-07T17:26:04.359Z,c678c60f38018bc32b2303200cf8c3de34e8f8aff7a6b2b684e94d0c71b941f9,Org1MSP,Func7,"[4948"",""100"",""161"",""100""]""",Org1MSP Org2MSP ,VALID, 161 4948, 161 4948,,UT,164,16065,0
2022-04-07T17:26:04.359Z,f4a92b28a752df8eb8d8ee1c5145af60b9097dd55b792509a67d1ee1c90265f9,Org1MSP,Func1,"[3"",""1""]""",Org1MSP Org2MSP ,VALID, 1 3,,,RT,164,16072,0
2022-04-07T17:26:04.362Z,411b8f45f738a56f46e5ba4c24386009e1bb7abc770221a81a3c10c95d681f4f,Org1MSP,Func1,"[1"",""3""]""",Org1MSP Org2MSP ,VALID, 1 3,,,RT,164,16022,0
2022-04-07T17:26:04.363Z,bd7d10853b1f42bff5e42d47122eea9a6f77e1f9fb84569e2f93826fad73491b,Org1MSP,Func4,"[10104"",""1010400"",""10526"",""1052600""]""",Org1MSP Org2MSP ,VALID,, 10104 10526,,WT,164,16063,0
2022-04-07T17:26:04.363Z,4b381f7630bf5b6efb4df736538422afb421e6606a45450a82e71e592aa4a466,Org1MSP,Func7,"[7"",""100"",""13"",""100""]""",Org1MSP Org2MSP ,VALID, 13 7, 13 7,,UT,164,16075,0
2022-04-07T17:26:04.363Z,7fc422d28f9ec268db873ef7dbd18744c2258d0dbea9fed72832c36ab8dc0406,Org1MSP,Func7,"[39"",""100"",""37"",""100""]""",Org1MSP Org2MSP ,VALID, 37 39, 37 39,,UT,164,16076,0
2022-04-07T17:26:04.366Z,8a52091e1a49765d7fbe6d308816b204aacceb11966268a3da39930794f8ca5a,Org1MSP,Func4,"[10000"",""1000000"",""10032"",""1003200""]""",Org1MSP Org2MSP ,VALID,, 10000 10032,,WT,164,16046,0
2022-04-07T17:26:04.455Z,f73b2692ab1117c2a9f00797295363e4b8ea68b97656c8e73a942beda614de97,Org1MSP,Func4,"[15458"",""1545800"",""10014"",""1001400""]""",Org1MSP Org2MSP ,VALID,, 10014 15458,,WT,164,16073,0
2022-04-07T17:26:04.457Z,6831194bb2e8ffa8fe3624a5f903cdda06de8719915b99dc487a1367272d06b2,Org1MSP,Func1,"[823"",""2""]""",Org1MSP Org2MSP ,VALID, 2 823,,,RT,164,16034,0
2022-04-07T17:26:04.458Z,185afb3ff11481493c29339c9e1ed28e0a78ad77d7fe397d920021b76c0a8ace,Org1MSP,Func4,"[16177"",""1617700"",""13186"",""1318600""]""",Org1MSP Org2MSP ,VALID,, 13186 16177,,WT,164,16011,0
2022-04-07T17:26:04.459Z,4f772566390ef9ea9747f406dea9bf690e2e325fc3154bac2eac254e1382494a,Org1MSP,Func4,"[10001"",""1000100"",""10007"",""1000700""]""",Org1MSP Org2MSP ,VALID,, 10001 10007,,WT,164,16028,0
2022-04-07T17:26:04.460Z,267df1bb092498364ac16486858d44c21af543a55abc6fda36d200a7b669f477,Org1MSP,Func4,"[10001"",""1000100"",""10588"",""1058800""]""",Org1MSP Org2MSP ,VALID,, 10001 10588,,WT,164,16016,0
2022-04-07T17:26:04.461Z,2bfb6cbe33e539fb525332fe0c9b0c66fac71efe69a1022aae384dd7b1a73984,Org1MSP,Func1,"[248"",""2236""]""",Org1MSP Org2MSP ,ENDORSEMENT_POLICY_FAILURE, 2236 248,,,RT,165,16100,0
2022-04-07T17:26:04.462Z,773176a3d7038c5fdd9198e5e9dc7933eccf9b01e41e27141d583a2665a7f8eb,Org1MSP,Func4,"[10013"",""1001300"",""10002"",""1000200""]""",Org1MSP Org2MSP ,VALID,, 10002 10013,,WT,165,16135,0
2022-04-07T17:26:04.463Z,7d3c46a3633d7f25ac7cc5a3dc9cc09ac87d960ef1f0f8d22f6146b0f4317f26,Org1MSP,Func4,"[10004"",""1000400"",""10001"",""1000100""]""",Org1MSP Org2MSP ,VALID,, 10001 10004,,WT,165,16140,0
2022-04-07T17:26:04.464Z,e820b21ed03752541ae5fb2222644d95ca6f9f1cb5e06008f347ba92ccfb3e1b,Org1MSP,Func4,"[16490"",""1649000"",""10002"",""1000200""]""",Org1MSP Org2MSP ,VALID,, 10002 16490,,WT,165,16197,0
2022-04-07T17:26:04.555Z,7d97947fd7bd516a6def7231e0975c90ece7b3eca289304f3e387fd2e7edee1f,Org1MSP,Func4,"[10000"",""1000000"",""10001"",""1000100""]""",Org1MSP Org2MSP ,VALID,, 10000 10001,,WT,165,16142,0
2022-04-07T17:26:04.557Z,93193494a21b0e6a5b94e1dd7b753c3224a01e6b52e4124b4a22a41410b6bae8,Org1MSP,Func1,"[1153"",""6053""]""",Org1MSP Org2MSP ,VALID, 1153 6053,,,RT,165,16157,0
2022-04-07T17:26:04.559Z,3a70af870d569509e504f87240e4e629ac84af4c8142d12977c0d78cc5e490b8,Org1MSP,Func4,"[10000"",""1000000"",""13429"",""1342900""]""",Org1MSP Org2MSP ,VALID,, 10000 13429,,WT,165,16111,0
2022-04-07T17:26:04.559Z,893ef4c33941a54f2fe1f45d4bba5fa7adf7727611e8deed83fe792bf201b97a,Org1MSP,Func4,"[10002"",""1000200"",""10007"",""1000700""]""",Org1MSP Org2MSP ,VALID,, 10002 10007,,WT,165,16150,0
2022-04-07T17:26:04.560Z,7d62e09bcf187ab068b9fbd34765cded16b5f52e9a86e3a0ad628dd96732d65b,Org1MSP,Func1,"[70"",""1749""]""",Org1MSP Org2MSP ,VALID, 1749 70,,,RT,165,16141,0
2022-04-07T17:26:04.562Z,ffb7711e61fe71cfb8eb76fd1c23623f43a03e967aefaa56c2feab2229ea77cf,Org1MSP,Func4,"[10757"",""1075700"",""10001"",""1000100""]""",Org1MSP Org2MSP ,VALID,, 10001 10757,,WT,165,16211,0
2022-04-07T17:26:04.564Z,49c0ac5d36bed265d9ee0e9d8519aa0c9a5b21130a2145be3cfd547e7b714ae5,Org1MSP,Func4,"[10301"",""1030100"",""10003"",""1000300""]""",Org1MSP Org2MSP ,VALID,, 10003 10301,,WT,165,16117,0
2022-04-07T17:26:04.564Z,9d95c1966911a5c78aac58c464f7cf24af7356d2c461b254f5ee706cef776fa3,Org1MSP,Func1,"[121"",""1""]""",Org1MSP Org2MSP ,VALID, 1 121,,,RT,165,16162,0
2022-04-07T17:26:04.567Z,d145edf505863efab8eb1858247ae5475c30f4c56a6ef1d942c347b16c1bbf3b,Org1MSP,Func4,"[10022"",""1002200"",""18664"",""1866400""]""",Org1MSP Org2MSP ,VALID,, 10022 18664,,WT,165,16184,0
2022-04-07T17:26:04.655Z,fe37d3239614c18b34850f173f7e82df2796f14777cd70d1620fa5a3619d3af7,Org1MSP,Func4,"[10006"",""1000600"",""19590"",""1959000""]""",Org1MSP Org2MSP ,VALID,, 10006 19590,,WT,165,16208,0
2022-04-07T17:26:04.657Z,fcd12b027c0f3fffccd37b7a723cd3b54d3e08c7a826245b83ad3d147b3b339d,Org1MSP,Func4,"[10000"",""1000000"",""10002"",""1000200""]""",Org1MSP Org2MSP ,VALID,, 10000 10002,,WT,165,16207,0
2022-04-07T17:26:04.659Z,3422f8f5278633de44709d3f2f083be9c44123e084b614491ea37f1de0bc8405,Org1MSP,Func1,"[736"",""1280""]""",Org1MSP Org2MSP ,VALID, 1280 736,,,RT,165,16107,0
2022-04-07T17:26:04.659Z,f0b8853f5c8f709abeff4b4de3f6fe0d397af9a6d36ee4b8a04f33699856a660,Org1MSP,Func4,"[10006"",""1000600"",""10037"",""1003700""]""",Org1MSP Org2MSP ,VALID,, 10006 10037,,WT,165,16200,0
2022-04-07T17:26:04.660Z,cfcb7d96a9f6fcc6e4ab5e151af376ea4c6015aa0a78a440571b225096ce0670,Org1MSP,Func4,"[14114"",""1411400"",""10006"",""1000600""]""",Org1MSP Org2MSP ,VALID,, 10006 14114,,WT,165,16183,0
2022-04-07T17:26:04.663Z,5aface37568db65859bcf5df1fbadc3cb343cdf8fcd1c1680356a00ea538e992,Org1MSP,Func4,"[10027"",""1002700"",""10122"",""1012200""]""",Org1MSP Org2MSP ,VALID,, 10027 10122,,WT,165,16124,0
2022-04-07T17:26:04.663Z,e72b51e0f5bd4ce988653ebcbbaa23abfa425fe4293500779bd5873bfebbb85f,Org1MSP,Func1,"[72"",""7702""]""",Org1MSP Org2MSP ,VALID, 72 7702,,,RT,165,16196,0
2022-04-07T17:26:04.664Z,fe98bd3d8257763382685b6327ada4d1c2e43d6dffac9993013bd4ceaf93d4b8,Org1MSP,Func4,"[10002"",""1000200"",""13443"",""1344300""]""",Org1MSP Org2MSP ,VALID,, 10002 13443,,WT,165,16210,0
2022-04-07T17:26:04.664Z,67a85ed49fb6d2d713ea9d36fd522c3e08450e39cd3c50b6f5ed4e4a46018cd9,Org1MSP,Func7,"[5"",""100"",""482"",""100""]""",Org1MSP Org2MSP ,VALID, 482 5, 482 5,,UT,165,16216,0
2022-04-07T17:26:04.666Z,c45ce0f570c6d0766e3c348f276df3cab58822d920aed4fd3368a91824807bd8,Org1MSP,Func7,"[1"",""100"",""135"",""100""]""",Org1MSP Org2MSP ,VALID, 1 135, 1 135,,UT,165,16217,0
2022-04-07T17:26:04.755Z,d2b061141e9535aee38e5cbe3aea1f77970f68fc72ea83085f57cd6c91cc05da,Org1MSP,Func4,"[10095"",""1009500"",""10482"",""1048200""]""",Org1MSP Org2MSP ,VALID,, 10095 10482,,WT,165,16186,0
2022-04-07T17:26:04.758Z,b0b35d02fd992ebdf516dddc8e2027d9a823c5f8c0892499ba64501b8eadefee,Org1MSP,Func4,"[10074"",""1007400"",""10014"",""1001400""]""",Org1MSP Org2MSP ,VALID,, 10014 10074,,WT,165,16171,0
2022-04-07T17:26:04.758Z,ef289b6a90ed8c7ddb39942185a968aa7040b591253beda77910f6f9c6fca4fb,Org1MSP,Func4,"[10002"",""1000200"",""16456"",""1645600""]""",Org1MSP Org2MSP ,VALID,, 10002 16456,,WT,165,16199,0
2022-04-07T17:26:04.761Z,7434fe44d850ddc594225a77fddd850f40d212d8392ef57494ea149b28451ada,Org1MSP,Func1,"[1889"",""20""]""",Org1MSP Org2MSP ,VALID, 1889 20,,,RT,165,16133,0
2022-04-07T17:26:04.762Z,a620c6e641bf9c31e714300b0ce4e2348230bb8b0461eef1c3f0824f20cc7ed5,Org1MSP,Func4,"[10014"",""1001400"",""15707"",""1570700""]""",Org1MSP Org2MSP ,VALID,, 10014 15707,,WT,165,16166,0
2022-04-07T17:26:04.764Z,759d49280d6300ebd6531b9e781dec36d00dbe68f7863cf22153cbefd631be7c,Org1MSP,Func4,"[10014"",""1001400"",""10000"",""1000000""]""",Org1MSP Org2MSP ,VALID,, 10000 10014,,WT,165,16134,0
2022-04-07T17:26:04.764Z,7776eb4380639cf44cabfc422aff981e79ceeed14a45c425681484278aa5eae9,Org1MSP,Func4,"[10006"",""1000600"",""13778"",""1377800""]""",Org1MSP Org2MSP ,VALID,, 10006 13778,,WT,165,16137,0
2022-04-07T17:26:04.764Z,391984208803ac5025bdaa1b95d1ccf06349d1eeffbc0ce7c319c42507f7cd12,Org1MSP,Func7,"[51"",""100"",""17"",""100""]""",Org1MSP Org2MSP ,VALID, 17 51, 17 51,,UT,165,16212,0
2022-04-07T17:26:04.766Z,2d8daf54ad84ee436ff6275dd45be870e3473644224ff944bd3bbf01168908bf,Org1MSP,Func1,"[1"",""4683""]""",Org1MSP Org2MSP ,VALID, 1 4683,,,RT,165,16102,0
2022-04-07T17:26:04.856Z,143e1ac17e645ffa381d3aa03830725b084db7d811f562405b43abedce9a9519,Org1MSP,Func4,"[10151"",""1015100"",""10166"",""1016600""]""",Org1MSP Org2MSP ,VALID,, 10151 10166,,WT,165,16091,0
2022-04-07T17:26:04.857Z,8fbe6d27031abbc121fa6cf6fb720cdffbbeafbc62524b1e93e87b1a001009a7,Org1MSP,Func1,"[1"",""124""]""",Org1MSP Org2MSP ,VALID, 1 124,,,RT,165,16155,0
2022-04-07T17:26:04.859Z,42dfbc6976ee3a24dbe472c0005b8ee608d90cbd1954d3115b7a7cfc099ffa91,Org1MSP,Func4,"[10001"",""1000100"",""10023"",""1002300""]""",Org1MSP Org2MSP ,VALID,, 10001 10023,,WT,165,16113,0
2022-04-07T17:26:04.859Z,d2956596d602948fad66c430dd1dd2398fc4af78e604baaac25322c6ab545ce1,Org1MSP,Func4,"[10343"",""1034300"",""10014"",""1001400""]""",Org1MSP Org2MSP ,VALID,, 10014 10343,,WT,165,16185,0
2022-04-07T17:26:04.860Z,94552191e0df654da9ff63837a78a1614e7e053504ab776455d2cd3f9e045cb7,Org1MSP,Func4,"[11468"",""1146800"",""10008"",""1000800""]""",Org1MSP Org2MSP ,VALID,, 10008 11468,,WT,165,16158,0
2022-04-07T17:26:04.864Z,8bc1bd5fd622781ae590f60bb477f0bf80fba616f3cb69d357a493c43306bbf8,Org1MSP,Func4,"[10005"",""1000500"",""10034"",""1003400""]""",Org1MSP Org2MSP ,VALID,, 10005 10034,,WT,165,16153,0
2022-04-07T17:26:04.864Z,c83b2de8b7928dbc49db660182e8f97f9d64f6a0d0ca5281f909c96657aa50ad,Org1MSP,Func1,"[354"",""1""]""",Org1MSP Org2MSP ,VALID, 1 354,,,RT,165,16179,0
2022-04-07T17:26:04.866Z,17d9eb591c1aae65ddbda94887284f7605d50d5f36db41ad531893dd72e2181e,Org1MSP,Func1,"[2916"",""2""]""",Org1MSP Org2MSP ,VALID, 2 2916,,,RT,165,16093,0
2022-04-07T17:26:04.866Z,8497a375f07a8c861e9705db4967d634940c6ee195d7b9639cec54b06193a2ed,Org1MSP,Func1,"[1579"",""23""]""",Org1MSP Org2MSP ,VALID, 1579 23,,,RT,165,16147,0
2022-04-07T17:26:04.954Z,8af39468280b066022a33a3b654437bea1819d49a65183af2718a21c41ac41a9,Org1MSP,Func4,"[11631"",""1163100"",""10006"",""1000600""]""",Org1MSP Org2MSP ,VALID,, 10006 11631,,WT,165,16151,0
2022-04-07T17:26:04.958Z,94ae1b26795f0942934f06a86abce5d23e7392b31d31a3a0ed229c42e5bec5fa,Org1MSP,Func1,"[1"",""5""]""",Org1MSP Org2MSP ,VALID, 1 5,,,RT,165,16159,0
2022-04-07T17:26:04.959Z,a6568d80a5a1c3fa95049b66bd0ae25ac9c9ff2dc80b9d8f35df183a87ec682b,Org1MSP,Func4,"[13786"",""1378600"",""11865"",""1186500""]""",Org1MSP Org2MSP ,VALID,, 11865 13786,,WT,165,16167,0
2022-04-07T17:26:04.961Z,43c5f244579fc7ea9ab737534421f5c5dcf3da84501d513ec51989cbb0d42c0e,Org1MSP,Func4,"[10000"",""1000000"",""10007"",""1000700""]""",Org1MSP Org2MSP ,VALID,, 10000 10007,,WT,165,16114,0
2022-04-07T17:26:04.963Z,02cac9977e27e267c41a4b836c937262bde025253e532bb386e8c01d71011576,Org1MSP,Func4,"[10003"",""1000300"",""10011"",""1001100""]""",Org1MSP Org2MSP ,VALID,, 10003 10011,,WT,165,16080,0
2022-04-07T17:26:04.965Z,a2912bfef49c155147edd040013c4833a63f7e0cccf1b9b18aedecb4c6098e7d,Org1MSP,Func7,"[234"",""100"",""2"",""100""]""",Org1MSP Org2MSP ,VALID, 2 234, 2 234,,UT,165,16218,0
2022-04-07T17:26:04.966Z,b82714e14e1ebd8ac28c13cb779de0ec1c150f9e390074abe6d0f8a8ee3e36f5,Org1MSP,Func4,"[10035"",""1003500"",""10013"",""1001300""]""",Org1MSP Org2MSP ,VALID,, 10013 10035,,WT,165,16175,0
2022-04-07T17:26:04.968Z,7e6b087f5d63460bcbd49c75618e2b4ae875be40fb3bd30ad577b3013bf3e4fb,Org1MSP,Func1,"[28"",""15""]""",Org1MSP Org2MSP ,VALID, 15 28,,,RT,165,16143,0
2022-04-07T17:26:04.969Z,f583bbcda83927dc5721de3b6d99950ed4cdac68c0bca401eeecfbe4a4db1c50,Org1MSP,Func4,"[10000"",""1000000"",""10253"",""1025300""]""",Org1MSP Org2MSP ,VALID,, 10000 10253,,WT,165,16203,0
2022-04-07T17:26:04.972Z,5cfb13fe8d15828d740235499d80e0bb1c9e26a22bb8f82d23ffebbc9bf6f543,Org1MSP,Func4,"[10008"",""1000800"",""10003"",""1000300""]""",Org1MSP Org2MSP ,VALID,, 10003 10008,,WT,165,16127,0
2022-04-07T17:26:05.056Z,3542757acff7e35f45f7c9112995f9c68364ba455ef8f47d8b92fa44dc512fd1,Org1MSP,Func4,"[10168"",""1016800"",""10103"",""1010300""]""",Org1MSP Org2MSP ,VALID,, 10103 10168,,WT,165,16108,0
2022-04-07T17:26:05.062Z,da2208cf54b26ea55ea44fa95f6cbf9421886573eaa93b7459b4d243d765c0ca,Org1MSP,Func4,"[10462"",""1046200"",""10009"",""1000900""]""",Org1MSP Org2MSP ,VALID,, 10009 10462,,WT,165,16189,0
2022-04-07T17:26:05.063Z,c2a23729cabd5704e10d9f9f14ebbe5ce4abb1c8604b00d24bae3286187321ad,Org1MSP,Func4,"[10314"",""1031400"",""10006"",""1000600""]""",Org1MSP Org2MSP ,VALID,, 10006 10314,,WT,165,16178,0
2022-04-07T17:26:05.063Z,dfc79a70ad9e4bdef8f98c262976069ef611a54e25a5ef0e6c19e29ff63f54b7,Org1MSP,Func4,"[10001"",""1000100"",""10063"",""1006300""]""",Org1MSP Org2MSP ,VALID,, 10001 10063,,WT,165,16192,0
2022-04-07T17:26:05.063Z,f18add77b295116f80d4f768079413f91654aca9e08d393ee884f8cdef12df93,Org1MSP,Func4,"[13001"",""1300100"",""10081"",""1008100""]""",Org1MSP Org2MSP ,VALID,, 10081 13001,,WT,165,16201,0
2022-04-07T17:26:05.064Z,2fa0ab9a38b27a4b2f848cd1e3c03f4c05ce861775cfa0dfdaa9653c41736c3b,Org1MSP,Func7,"[1880"",""100"",""2172"",""100""]""",Org1MSP Org2MSP ,VALID, 1880 2172, 1880 2172,,UT,165,16104,0
2022-04-07T17:26:05.065Z,ce5cf509b6eed4347b58c39eb9648b1bde7d32f535ff92b3d05846dc8f378a2e,Org1MSP,Func4,"[10056"",""1005600"",""10172"",""1017200""]""",Org1MSP Org2MSP ,VALID,, 10056 10172,,WT,165,16181,0
2022-04-07T17:26:05.069Z,0e69d8c2b14e9b174cd8b5afe78c7af111996549f96d902669383b0f47223bee,Org1MSP,Func7,"[4"",""100"",""1380"",""100""]""",Org1MSP Org2MSP ,VALID, 1380 4, 1380 4,,UT,165,16086,0
2022-04-07T17:26:05.154Z,69d21f7a959eb80d1e41ba3cfae37b0c65f94c739f006af888ea369885983ffe,Org1MSP,Func4,"[10098"",""1009800"",""15482"",""1548200""]""",Org1MSP Org2MSP ,VALID,, 10098 15482,,WT,165,16130,0
2022-04-07T17:26:05.157Z,3763f600e76b07ef2cbe7499655b572201860e31e7950990368557f5961dff00,Org1MSP,Func4,"[10002"",""1000200"",""10563"",""1056300""]""",Org1MSP Org2MSP ,VALID,, 10002 10563,,WT,165,16109,0
2022-04-07T17:26:05.158Z,0d077a4d7ba78607ecd8f636e1222b99b64bb60f66b4ef79fddc6d349b9f240a,Org1MSP,Func7,"[5988"",""100"",""102"",""100""]""",Org1MSP Org2MSP ,ENDORSEMENT_POLICY_FAILURE, 102 5988, 102 5988,,UT,165,16084,0
2022-04-07T17:26:05.161Z,95e2c13284af9ec7432d743840547daf8ffbe8834cc5f1f19402d17b7495d1c8,Org1MSP,Func4,"[10264"",""1026400"",""10049"",""1004900""]""",Org1MSP Org2MSP ,VALID,, 10049 10264,,WT,165,16160,0
2022-04-07T17:26:05.162Z,0ce451bd3f6fbe6c14cac235e8190b32e62250429f0c50729ab55cb851fb0fe8,Org1MSP,Func4,"[10043"",""1004300"",""12372"",""1237200""]""",Org1MSP Org2MSP ,VALID,, 10043 12372,,WT,165,16083,0
2022-04-07T17:26:05.162Z,121dd8127828eb9fa86fd5b4659644591419986dc10739c59e37fd597c4ac568,Org1MSP,Func4,"[16390"",""1639000"",""15329"",""1532900""]""",Org1MSP Org2MSP ,VALID,, 15329 16390,,WT,165,16090,0
2022-04-07T17:26:05.162Z,6b64f22bd4b60418c5d37fa10e725ecee4d3d7b907846eb789661c7454b3d61e,Org1MSP,Func4,"[10000"",""1000000"",""10003"",""1000300""]""",Org1MSP Org2MSP ,VALID,, 10000 10003,,WT,165,16131,0
2022-04-07T17:26:05.165Z,2ced8ee11c9e208008b496822641efbbac9d00fbb8fa17f8cb8c8b614b047119,Org1MSP,Func1,"[2982"",""541""]""",Org1MSP Org2MSP ,ENDORSEMENT_POLICY_FAILURE, 2982 541,,,RT,165,16101,0
2022-04-07T17:26:05.166Z,8afbdc5bb0e13feeb2f1851bc73b7de76a3c5edd2d7b8a159782e0bf2bf26e58,Org1MSP,Func4,"[16537"",""1653700"",""10037"",""1003700""]""",Org1MSP Org2MSP ,VALID,, 10037 16537,,WT,165,16152,0
2022-04-07T17:26:05.255Z,01a8fd059f4806b46c035110ba89dda9d6826a7c643cb984cd4e08d26399c025,Org1MSP,Func1,"[19"",""2468""]""",Org1MSP Org2MSP ,VALID, 19 2468,,,RT,165,16079,0
2022-04-07T17:26:05.257Z,3a398088ecd432895881bd82eac0af9bb3f052d02b5e3cc128eecc4dc6c57546,Org1MSP,Func1,"[1"",""201""]""",Org1MSP Org2MSP ,VALID, 1 201,,,RT,165,16110,0
2022-04-07T17:26:05.258Z,a1a046a6233f443642b79c34ea9ccec50b94e530b1e9d187dd044ef5407e8395,Org1MSP,Func4,"[10606"",""1060600"",""10039"",""1003900""]""",Org1MSP Org2MSP ,VALID,, 10039 10606,,WT,165,16164,0
2022-04-07T17:26:05.260Z,fcb35cd9897115ce40a153699b09c430376eeff25412507a91b3f973fd0a51f5,Org1MSP,Func1,"[9"",""16""]""",Org1MSP Org2MSP ,VALID, 16 9,,,RT,165,16206,0
2022-04-07T17:26:05.261Z,0e79bb6691193439639d9b74614963159ebe13cb93fc96887cb38fc9ca5e3a3f,Org1MSP,Func4,"[10000"",""1000000"",""15531"",""1553100""]""",Org1MSP Org2MSP ,VALID,, 10000 15531,,WT,165,16087,0
2022-04-07T17:26:05.261Z,0ec0f427d90f169ea5e9b96fbbd5c8e3d9bd2e10b9eb53795e68919f58c0dcb2,Org1MSP,Func4,"[10000"",""1000000"",""10141"",""1014100""]""",Org1MSP Org2MSP ,VALID,, 10000 10141,,WT,165,16088,0
2022-04-07T17:26:05.262Z,5998143e02284010f09c3107ec4175701ec5aa6f8a82a98287fb8e9e222931e6,Org1MSP,Func7,"[20"",""100"",""3085"",""100""]""",Org1MSP Org2MSP ,VALID, 20 3085, 20 3085,,UT,165,16214,0
2022-04-07T17:26:05.265Z,cc77b58c0de86738bed77fafa08d96803d304676f36070cfd9550afbb0f13fa2,Org1MSP,Func4,"[10100"",""1010000"",""11405"",""1140500""]""",Org1MSP Org2MSP ,VALID,, 10100 11405,,WT,165,16180,0
2022-04-07T17:26:05.267Z,2769da06eeff3d777a1a6a901ba81ca8587234796335cfdc9569e4dd917b0d1b,Org1MSP,Func7,"[2149"",""100"",""375"",""100""]""",Org1MSP Org2MSP ,VALID, 2149 375, 2149 375,,UT,165,16098,0
2022-04-07T17:26:05.269Z,24875ca7477b9990ce39af511a7b75c48e2a5fc023c5d246a4ac5f294eef9dcd,Org1MSP,Func1,"[13"",""2""]""",Org1MSP Org2MSP ,VALID, 13 2,,,RT,165,16096,0
2022-04-07T17:26:05.355Z,9a56ec8b67587a8a0a66a6fd98831af89773a86f7d7a8bc1c39d1ed893f95a5c,Org1MSP,Func4,"[10004"",""1000400"",""10293"",""1029300""]""",Org1MSP Org2MSP ,VALID,, 10004 10293,,WT,165,16161,0
2022-04-07T17:26:05.356Z,16d4c3d728b31998f6d60e9e100c18e98f2f6d740bfc6cdee37140df825a8e47,Org1MSP,Func4,"[10001"",""1000100"",""14064"",""1406400""]""",Org1MSP Org2MSP ,VALID,, 10001 14064,,WT,165,16092,0
2022-04-07T17:26:05.358Z,19d8607444d66b2ecba927141141532ea4fdd40844c24ded36f5e75156e58dde,Org1MSP,Func1,"[2"",""17""]""",Org1MSP Org2MSP ,VALID, 17 2,,,RT,165,16094,0
2022-04-07T17:26:05.359Z,44827241e0819b7d289584e3bea276a16cfe96f5fb71ed8b96228264c925b5de,Org1MSP,Func4,"[18627"",""1862700"",""10025"",""1002500""]""",Org1MSP Org2MSP ,VALID,, 10025 18627,,WT,165,16115,0
2022-04-07T17:26:05.360Z,f993f77a8b3b428defe0c81c0462d19957e955cfd64a7b9578530dcad2b318ad,Org1MSP,Func4,"[10151"",""1015100"",""10095"",""1009500""]""",Org1MSP Org2MSP ,VALID,, 10095 10151,,WT,165,16205,0
2022-04-07T17:26:05.362Z,b8737412f4fcd7524e2815340249aa47cd5e38705ea83356baa57efeed695da2,Org1MSP,Func1,"[8"",""220""]""",Org1MSP Org2MSP ,VALID, 220 8,,,RT,165,16176,0
2022-04-07T17:26:05.363Z,f55364e40678235b0002f47710a3d22d042f43f2c8ef4171da70f02e26f31105,Org1MSP,Func4,"[10002"",""1000200"",""10145"",""1014500""]""",Org1MSP Org2MSP ,VALID,, 10002 10145,,WT,165,16202,0
2022-04-07T17:26:05.364Z,a0f4aef4945cd17186674b2db64be6cddb24615b5f787017ff3db20e6e791bb7,Org1MSP,Func4,"[16704"",""1670400"",""12250"",""1225000""]""",Org1MSP Org2MSP ,VALID,, 12250 16704,,WT,165,16163,0
2022-04-07T17:26:05.366Z,af92f3f1418bf5270f30baed99d2a65dd81f0201fbc42653d68435d6a7df268d,Org1MSP,Func4,"[18135"",""1813500"",""10302"",""1030200""]""",Org1MSP Org2MSP ,VALID,, 10302 18135,,WT,165,16170,0
2022-04-07T17:26:05.367Z,101501ecafcf3dd15ca2f9226fe3d6ee33293ee927b169fb5b07698915a88ab5,Org1MSP,Func4,"[10000"",""1000000"",""10054"",""1005400""]""",Org1MSP Org2MSP ,VALID,, 10000 10054,,WT,165,16089,0
2022-04-07T17:26:05.457Z,59d7555ab4e0938222d3cdfab315064bc9bd22a21f00c4fb95a1239e8910a3d0,Org1MSP,Func7,"[372"",""100"",""29"",""100""]""",Org1MSP Org2MSP ,VALID, 29 372, 29 372,,UT,165,16123,0
2022-04-07T17:26:05.460Z,5eac2efbe9bfb8bac18a2ec69ee7225692cf3cf5d1e150d0406e0621b1c19632,Org1MSP,Func7,"[442"",""100"",""9024"",""100""]""",Org1MSP Org2MSP ,VALID, 442 9024, 442 9024,,UT,165,16128,0
2022-04-07T17:26:05.462Z,0c10ec252b963e0178eb9b42fb0642ece6a4fece6cedff362a145c1552fd47f2,Org1MSP,Func4,"[10028"",""1002800"",""10079"",""1007900""]""",Org1MSP Org2MSP ,VALID,, 10028 10079,,WT,165,16082,0
2022-04-07T17:26:05.462Z,4c28fc56056d6c3c6c94638281b693fc1bbf40fe8f3674418fc1b13da5adc0b9,Org1MSP,Func4,"[10004"",""1000400"",""10786"",""1078600""]""",Org1MSP Org2MSP ,VALID,, 10004 10786,,WT,165,16119,0
2022-04-07T17:26:05.462Z,8438917344aaa8a4e7bd4226b951885b3ce105792a2ddd358710da3de335646c,Org1MSP,Func4,"[10000"",""1000000"",""12579"",""1257900""]""",Org1MSP Org2MSP ,VALID,, 10000 12579,,WT,165,16146,0
2022-04-07T17:26:05.463Z,dafa85ca5f6a2d8cd652c5bdc02d1d37a357d5c7a992c8f2ac6cb9c1ad31c305,Org1MSP,Func1,"[328"",""13""]""",Org1MSP Org2MSP ,VALID, 13 328,,,RT,165,16190,0
2022-04-07T17:26:05.467Z,2b1352c40f0055d82131c16d951829559106aa03a63ea26a228e361b59cc6bb9,Org1MSP,Func1,"[6"",""3""]""",Org1MSP Org2MSP ,VALID, 3 6,,,RT,165,16099,0
2022-04-07T17:26:05.467Z,bab91d9283ef6667e683675902ef0955c5d98ee369c96bc7b8f82f70f19bdb17,Org1MSP,Func7,"[23"",""100"",""411"",""100""]""",Org1MSP Org2MSP ,VALID, 23 411, 23 411,,UT,165,16215,0
2022-04-07T17:26:05.473Z,8d2358a8bab5f8e96c834543ed6dcdfccc070a1a3240bed7a13f053bd29afb5c,Org1MSP,Func4,"[10004"",""1000400"",""10069"",""1006900""]""",Org1MSP Org2MSP ,VALID,, 10004 10069,,WT,165,16154,0
2022-04-07T17:26:05.481Z,85a67eae0410965e7882b8b564f5f662bc9013f2e4852e5de0dad06084d9393d,Org1MSP,Func1,"[1"",""8442""]""",Org1MSP Org2MSP ,VALID, 1 8442,,,RT,165,16148,0
2022-04-07T17:26:05.555Z,92631cc3b1794655cd3506d7f30751c3bbdff59c19752a7630c4f56d77faf3d0,Org1MSP,Func4,"[10919"",""1091900"",""10217"",""1021700""]""",Org1MSP Org2MSP ,VALID,, 10217 10919,,WT,165,16156,0
2022-04-07T17:26:05.557Z,259d01fc115dc73ce07c59aa0fb4297535c88122411e2d03d79badb01b0a27c1,Org1MSP,Func4,"[10004"",""1000400"",""10198"",""1019800""]""",Org1MSP Org2MSP ,VALID,, 10004 10198,,WT,165,16097,0
2022-04-07T17:26:05.559Z,b21606e6a89dc3cf58c2a8f0de6f9d2ff893d99f041d9ae21df6749eb1698869,Org1MSP,Func7,"[11"",""100"",""9422"",""100""]""",Org1MSP Org2MSP ,VALID, 11 9422, 11 9422,,UT,165,16174,0
2022-04-07T17:26:05.560Z,f720dc106b397be5ffba32cbb1ae437dd93c077d5b878869df81c026babf3a01,Org1MSP,Func4,"[10000"",""1000000"",""14329"",""1432900""]""",Org1MSP Org2MSP ,VALID,, 10000 14329,,WT,165,16204,0
2022-04-07T17:26:05.561Z,b1b11f7cdfe0389faa648408df2effbe15428878d408d7952b19070d74cbece6,Org1MSP,Func1,"[1"",""48""]""",Org1MSP Org2MSP ,VALID, 1 48,,,RT,165,16173,0
2022-04-07T17:26:05.562Z,e9181f70709465339e33feb5a9fc9164a335fa9249ff66d7e25600978deb7d90,Org1MSP,Func7,"[14"",""100"",""12"",""100""]""",Org1MSP Org2MSP ,VALID, 12 14, 12 14,,UT,165,16213,0
2022-04-07T17:26:05.563Z,56b18d08cc637fb3987b4be025f49b343f099d94fcd6cb15e9ca3326656d53df,Org1MSP,Func4,"[10743"",""1074300"",""11381"",""1138100""]""",Org1MSP Org2MSP ,VALID,, 10743 11381,,WT,165,16121,0
2022-04-07T17:26:05.564Z,3bbbfa77c0f266bbb901bbf6621270f3c73e33747a0a98cf21a90e054c94f08f,Org1MSP,Func1,"[689"",""5""]""",Org1MSP Org2MSP ,VALID, 5 689,,,RT,165,16112,0
2022-04-07T17:26:05.567Z,d2d9559d2b90fe22a5ef71a96a3859f7692ac3edf2ef67dc90612b52254c8740,Org1MSP,Func4,"[10149"",""1014900"",""11303"",""1130300""]""",Org1MSP Org2MSP ,VALID,, 10149 11303,,WT,165,16187,0
2022-04-07T17:26:05.656Z,5865d06645a494ac85418391c0d5ea159ace56100156588cbcaa64b55f908f3f,Org1MSP,Func4,"[10000"",""1000000"",""15054"",""1505400""]""",Org1MSP Org2MSP ,VALID,, 10000 15054,,WT,165,16122,0
2022-04-07T17:26:05.657Z,ab462853e870e90a4cd01b97990fd63b4865b61104cb19d372b723c291be6d95,Org1MSP,Func4,"[17844"",""1784400"",""10034"",""1003400""]""",Org1MSP Org2MSP ,VALID,, 10034 17844,,WT,165,16169,0
2022-04-07T17:26:05.660Z,2f49c7f1f9910b51ffd4a2e897a58650d7f71e7efc4a695daa4e35063fc130b1,Org1MSP,Func1,"[14"",""3676""]""",Org1MSP Org2MSP ,VALID, 14 3676,,,RT,165,16103,0
2022-04-07T17:26:05.660Z,a89c674e657ddfc6aa2213605c0a0981c019108e1060a709077a064af789167b,Org1MSP,Func4,"[10739"",""1073900"",""10082"",""1008200""]""",Org1MSP Org2MSP ,VALID,, 10082 10739,,WT,165,16168,0
2022-04-07T17:26:05.664Z,4ad3f7b62613cda6f08394e45769e9cd729d6c54fbeace1f057cda23ae243d0d,Org1MSP,Func4,"[10001"",""1000100"",""10280"",""1028000""]""",Org1MSP Org2MSP ,VALID,, 10001 10280,,WT,165,16118,0
2022-04-07T17:26:05.666Z,e1f7237b5a93cdcc04beab816a6b1c524004ac57d658045160000151853bc5ab,Org1MSP,Func4,"[17255"",""1725500"",""10027"",""1002700""]""",Org1MSP Org2MSP ,VALID,, 10027 17255,,WT,165,16193,0
2022-04-07T17:26:05.754Z,875d784e68754148ea92f6a0709d6f147f1757e8fff5f498813c9d7999d8f61c,Org1MSP,Func4,"[11424"",""1142400"",""10002"",""1000200""]""",Org1MSP Org2MSP ,VALID,, 10002 11424,,WT,165,16149,0
2022-04-07T17:26:05.757Z,7761a5f04be16f8edf417cd78f7643965c7eef6140cb146f60a88874afdc4cff,Org1MSP,Func4,"[10852"",""1085200"",""10004"",""1000400""]""",Org1MSP Org2MSP ,VALID,, 10004 10852,,WT,165,16136,0
2022-04-07T17:26:05.758Z,013a18b840bee228ef976c4d938f34c7bbd97fee3d507dc143be98d4372dad94,Org1MSP,Func4,"[10627"",""1062700"",""13975"",""1397500""]""",Org1MSP Org2MSP ,VALID,, 10627 13975,,WT,165,16078,0
2022-04-07T17:26:05.759Z,0e2e507a4df4c6f70b639aa2554b2ed403ba38be11a7c761a12a374677c7c531,Org1MSP,Func1,"[3"",""27""]""",Org1MSP Org2MSP ,VALID, 27 3,,,RT,165,16085,0
2022-04-07T17:26:05.760Z,704d4f01b9c12c51a163e4c06fd8e28e82257ace76feb2ff5017152387a0c36b,Org1MSP,Func1,"[3"",""3""]""",Org1MSP Org2MSP ,VALID, 3,,,RT,165,16132,0
2022-04-07T17:26:05.761Z,1d25e2747b854084c5bba79d27726fa32414a376489d3a847114329ac1cb538b,Org1MSP,Func4,"[10002"",""1000200"",""10001"",""1000100""]""",Org1MSP Org2MSP ,VALID,, 10001 10002,,WT,165,16095,0
2022-04-07T17:26:05.763Z,53a11eb6b254c1674b85eefa9f6fe35579a0169355d8c4ec297bd25d61fc8c29,Org1MSP,Func4,"[10196"",""1019600"",""10007"",""1000700""]""",Org1MSP Org2MSP ,VALID,, 10007 10196,,WT,165,16120,0
2022-04-07T17:26:05.764Z,bde1d882e165ba6a1e0dc4291301f065306b0b5c1df75468f0fd904b15e3c155,Org1MSP,Func4,"[14017"",""1401700"",""10002"",""1000200""]""",Org1MSP Org2MSP ,VALID,, 10002 14017,,WT,165,16177,0
2022-04-07T17:26:05.764Z,cee86667b0d64031b043fbd7279b4019b2ba5a31d51ec73a55f799ba056bba3c,Org1MSP,Func4,"[10014"",""1001400"",""10005"",""1000500""]""",Org1MSP Org2MSP ,VALID,, 10005 10014,,WT,165,16182,0
2022-04-07T17:26:05.768Z,e5189e9e723a60997ac005a9b169555533be73c6321d7a86e7c153ddfef4e507,Org1MSP,Func4,"[10004"",""1000400"",""12839"",""1283900""]""",Org1MSP Org2MSP ,VALID,, 10004 12839,,WT,165,16195,0
2022-04-07T17:26:05.855Z,98040de78e45ae0bd84b9e006f75e730aa8a1580d53feb0665e8cd95c5021539,Org1MSP,Func7,"[16"",""100"",""276"",""100""]""",Org1MSP Org2MSP ,VALID, 16 276, 16 276,,UT,165,16219,0
2022-04-07T17:26:05.857Z,49647d4a772a1d8a984ac6443a768f1082792c7ab2837923edfe8a1d17b3c545,Org1MSP,Func4,"[10183"",""1018300"",""11987"",""1198700""]""",Org1MSP Org2MSP ,VALID,, 10183 11987,,WT,165,16116,0
2022-04-07T17:26:05.858Z,7a39416f4774279e1b880601bce319dd3a6a2b64f8a5fba4da22cda5a9f2ebca,Org1MSP,Func4,"[13682"",""1368200"",""11264"",""1126400""]""",Org1MSP Org2MSP ,VALID,, 11264 13682,,WT,165,16139,0
2022-04-07T17:26:05.859Z,d97ff1d1e6836a2b24ed57b92f81e96d2164161d3470e745063fed2d053fd29b,Org1MSP,Func1,"[636"",""2""]""",Org1MSP Org2MSP ,VALID, 2 636,,,RT,165,16188,0
2022-04-07T17:26:05.860Z,e930b79acfa209c8e06806d76fc9295da4dcf2f5c47557a012733a557266c801,Org1MSP,Func4,"[11060"",""1106000"",""10000"",""1000000""]""",Org1MSP Org2MSP ,VALID,, 10000 11060,,WT,165,16198,0
2022-04-07T17:26:05.861Z,0521aeec7dbfebfe47dd9bb6da930aebb6e5bcc17604a2fcdfcb513c15bcd0f6,Org1MSP,Func4,"[10235"",""1023500"",""15384"",""1538400""]""",Org1MSP Org2MSP ,VALID,, 10235 15384,,WT,165,16081,0
2022-04-07T17:26:05.862Z,30c92fc5ea8105433276c9dd7ad284c0ccb7863a7eb7907fc63e0b325e6560aa,Org1MSP,Func4,"[15733"",""1573300"",""11257"",""1125700""]""",Org1MSP Org2MSP ,VALID,, 11257 15733,,WT,165,16105,0
2022-04-07T17:26:05.863Z,30e15e6394def448cb44e7d7db7297e63eab03e0cafb992c390998b8de8725ba,Org1MSP,Func4,"[11696"",""1169600"",""10073"",""1007300""]""",Org1MSP Org2MSP ,VALID,, 10073 11696,,WT,165,16106,0
2022-04-07T17:26:05.864Z,b10ef778d85b9cc032fbfd4979a5161e8f3b39d8e126386fc7f54ae0d8f402d0,Org1MSP,Func4,"[14911"",""1491100"",""10167"",""1016700""]""",Org1MSP Org2MSP ,VALID,, 10167 14911,,WT,165,16172,0
2022-04-07T17:26:05.866Z,dc69961899caf76f7b10b7395e64f6f0fe8b39f6ef01dfdd3af45f04781ff8eb,Org1MSP,Func4,"[10008"",""1000800"",""10139"",""1013900""]""",Org1MSP Org2MSP ,VALID,, 10008 10139,,WT,165,16191,0
2022-04-07T17:26:05.955Z,779683c53e1b9e6901be86e36d704007826f81f844e8ae43efc030614edae944,Org1MSP,Func1,"[8788"",""439""]""",Org1MSP Org2MSP ,VALID, 439 8788,,,RT,165,16138,0
2022-04-07T17:26:05.957Z,003741205d4b8702cae25f07027e4c766bd48888036b1dbf12ec843deb6702ba,Org1MSP,Func4,"[14482"",""1448200"",""10005"",""1000500""]""",Org1MSP Org2MSP ,VALID,, 10005 14482,,WT,165,16077,0
2022-04-07T17:26:05.959Z,836efb72e0e03c89883cfa2b8b67c226dbed349157f5cd36fd97a00f01fdad4d,Org1MSP,Func4,"[10051"",""1005100"",""10003"",""1000300""]""",Org1MSP Org2MSP ,VALID,, 10003 10051,,WT,165,16145,0
2022-04-07T17:26:05.960Z,630c9755acb288e1881c4f40f3d380fe7009f469a3fd94d95cd3a246bc780cc1,Org1MSP,Func4,"[10103"",""1010300"",""10002"",""1000200""]""",Org1MSP Org2MSP ,VALID,, 10002 10103,,WT,165,16129,0
2022-04-07T17:26:05.960Z,833f3c20b66a8d577bf8250f6511b5aa854af8e67659e28a1e7c9b7c1c28b54a,Org1MSP,Func4,"[10077"",""1007700"",""10000"",""1000000""]""",Org1MSP Org2MSP ,VALID,, 10000 10077,,WT,165,16144,0
2022-04-07T17:26:05.962Z,5c67b003dccecf099c3b0449c90c9857fef7c8b47914f0570373c7d9223fceb7,Org1MSP,Func4,"[14782"",""1478200"",""10021"",""1002100""]""",Org1MSP Org2MSP ,VALID,, 10021 14782,,WT,165,16125,0
2022-04-07T17:26:05.962Z,fe6072a49fd1154335cdbeac12e37fadd2b61be8457903f273a8c16094f59add,Org1MSP,Func4,"[10068"",""1006800"",""10003"",""1000300""]""",Org1MSP Org2MSP ,VALID,, 10003 10068,,WT,165,16209,0
2022-04-07T17:26:05.963Z,a2c0b003181ec30122e26799659f016eb52b511c440d10a170ad980b9d5cb273,Org1MSP,Func1,"[2"",""1972""]""",Org1MSP Org2MSP ,VALID, 1972 2,,,RT,165,16165,0
2022-04-07T17:26:05.964Z,e4a1d7c59b01dd0b06d0fc7259c29144ac7e384ccaedef02dc0e7145181e312e,Org1MSP,Func4,"[10237"",""1023700"",""12685"",""1268500""]""",Org1MSP Org2MSP ,VALID,, 10237 12685,,WT,165,16194,0
2022-04-07T17:26:05.966Z,5cb58a10a4af4582d4b088b1ae5d201148eab29414908d346398c5d536ec5195,Org1MSP,Func7,"[125"",""100"",""309"",""100""]""",Org1MSP Org2MSP ,VALID, 125 309, 125 309,,UT,165,16126,0
2022-04-07T17:26:06.056Z,e8e8e1a7c16b995457faff11a811a4f1080b7076805f03c166222687cbefb5c7,Org1MSP,Func7,"[3480"",""100"",""476"",""100""]""",Org1MSP Org2MSP ,VALID, 3480 476, 3480 476,,UT,166,16302,0
2022-04-07T17:26:06.058Z,741e2365f1ac9cd4f73880ebc564e436482999a135df119c1a8a4a46eda5b176,Org1MSP,Func4,"[12531"",""1253100"",""10000"",""1000000""]""",Org1MSP Org2MSP ,VALID,, 10000 12531,,WT,166,16252,0
2022-04-07T17:26:06.059Z,7e4a8cefda1621cdd27d736367feda7de1e3d17297be510b3e5cb3c18e187bf6,Org1MSP,Func4,"[10002"",""1000200"",""11067"",""1106700""]""",Org1MSP Org2MSP ,VALID,, 10002 11067,,WT,166,16255,0
2022-04-07T17:26:06.060Z,4c899a249f1e4e0e460357cf73dfc1281cbf6aaf19fa4652ed6db50c46931fc3,Org1MSP,Func4,"[10001"",""1000100"",""10252"",""1025200""]""",Org1MSP Org2MSP ,VALID,, 10001 10252,,WT,166,16237,0
2022-04-07T17:26:06.060Z,4e23cd91eb355ca27c211dcb598d6072557f3c783d6f32d5b8de8f981b582001,Org1MSP,Func4,"[10008"",""1000800"",""10013"",""1001300""]""",Org1MSP Org2MSP ,VALID,, 10008 10013,,WT,166,16238,0
2022-04-07T17:26:06.061Z,837839b33f3c4515994650c0d2759943cd63c2367f8771218f004ef7fcd776ec,Org1MSP,Func4,"[13808"",""1380800"",""10004"",""1000400""]""",Org1MSP Org2MSP ,VALID,, 10004 13808,,WT,166,16259,0
2022-04-07T17:26:06.063Z,91e095f0f8e99250f4646dac8551687fef9a489206b56fd505cf860f21ec3439,Org1MSP,Func4,"[10002"",""1000200"",""10042"",""1004200""]""",Org1MSP Org2MSP ,VALID,, 10002 10042,,WT,166,16269,0
2022-04-07T17:26:06.063Z,cfb9df1c12f487ccf5259346aa7a16d1fd0d0d26a05ef95a0bf471d81e3639e4,Org1MSP,Func4,"[15306"",""1530600"",""10009"",""1000900""]""",Org1MSP Org2MSP ,VALID,, 10009 15306,,WT,166,16294,0
2022-04-07T17:26:06.064Z,c1867a749158d7730c587a66a82ca9925395497cd53506006a2e7f02421560c5,Org1MSP,Func4,"[16690"",""1669000"",""10088"",""1008800""]""",Org1MSP Org2MSP ,VALID,, 10088 16690,,WT,166,16287,0
2022-04-07T17:26:06.067Z,73bab5714ac7840e8ad77d2280dbc4838bed224f0ab145fc8bba9e3e1bee315a,Org1MSP,Func4,"[10000"",""1000000"",""12209"",""1220900""]""",Org1MSP Org2MSP ,VALID,, 10000 12209,,WT,166,16251,0
2022-04-07T17:26:06.155Z,a72f4c46b5f2bb3f232fc940f7cd045565886e0e61b19aecb93dbfa42dc69b91,Org1MSP,Func4,"[10000"",""1000000"",""10082"",""1008200""]""",Org1MSP Org2MSP ,VALID,, 10000 10082,,WT,166,16274,0
2022-04-07T17:26:06.157Z,b383226f8d7b6e0518769e37ae2eb791fe8c619d3f266bbbff83bbb843c1e112,Org1MSP,Func1,"[8"",""38""]""",Org1MSP Org2MSP ,VALID, 38 8,,,RT,166,16280,0
2022-04-07T17:26:06.159Z,634c62f5b3ecb163a85989f105474fa0d49db47c7fac4b038fc71f1f46157b22,Org1MSP,Func1,"[23"",""14""]""",Org1MSP Org2MSP ,VALID, 14 23,,,RT,166,16243,0
2022-04-07T17:26:06.159Z,be34e83cb3aae7d30195c36ec4da63619f2fd4b580513668595e4fefd88816a0,Org1MSP,Func4,"[16585"",""1658500"",""11391"",""1139100""]""",Org1MSP Org2MSP ,VALID,, 11391 16585,,WT,166,16285,0
2022-04-07T17:26:06.160Z,c76ecd60ee933e4b0f209de252eeae8450d1733e6609cfcbb33ff21af355e225,Org1MSP,Func7,"[3140"",""100"",""2255"",""100""]""",Org1MSP Org2MSP ,VALID, 2255 3140, 2255 3140,,UT,166,16292,0
2022-04-07T17:26:06.163Z,d5da4fe2860ab00be1ae8e8135a875159faaa02ca5aab4bb85a1b3bd121be4ba,Org1MSP,Func4,"[10312"",""1031200"",""10003"",""1000300""]""",Org1MSP Org2MSP ,VALID,, 10003 10312,,WT,166,16296,0
2022-04-07T17:26:06.164Z,8bd4ce2215cca8c5f4b2e4a10c0ed73bed21eab7efeff9a588bf12d9b179b03b,Org1MSP,Func4,"[10005"",""1000500"",""10029"",""1002900""]""",Org1MSP Org2MSP ,VALID,, 10005 10029,,WT,166,16263,0
2022-04-07T17:26:06.165Z,715668624382205a1d332765a66ecd039b8ac434772a288c88e11bc6466c12c4,Org1MSP,Func1,"[48"",""2""]""",Org1MSP Org2MSP ,VALID, 2 48,,,RT,166,16250,0
2022-04-07T17:26:06.172Z,105261b0aee9e8396ec4db3b1de896e627bd485ee71c7a7d7d82b588ca5894e6,Org1MSP,Func7,"[3"",""100"",""42"",""100""]""",Org1MSP Org2MSP ,VALID, 3 42, 3 42,,UT,166,16313,0
2022-04-07T17:26:06.254Z,c2c94eb4f9030a5126c8fd61d0ba01c8e63da1eb7aaa6627489dcc59a9395f6f,Org1MSP,Func4,"[10418"",""1041800"",""10000"",""1000000""]""",Org1MSP Org2MSP ,VALID,, 10000 10418,,WT,166,16288,0
2022-04-07T17:26:06.257Z,23764249fb42f5674957dca46f12dfd41d0cdea3a21e3cd3cadc2c00091f917a,Org1MSP,Func4,"[10002"",""1000200"",""10073"",""1007300""]""",Org1MSP Org2MSP ,VALID,, 10002 10073,,WT,166,16231,0
2022-04-07T17:26:06.259Z,7089ef6e2a21fdd3ac26ab670cd22a6c18a4d2446919d28c12efd1a424fb6562,Org1MSP,Func4,"[14881"",""1488100"",""10001"",""1000100""]""",Org1MSP Org2MSP ,VALID,, 10001 14881,,WT,166,16249,0
2022-04-07T17:26:06.259Z,b8980dd76e1dfba6874bfb6ac0c5de8f8d25c3322b070678ce8068e9b23715fe,Org1MSP,Func4,"[13422"",""1342200"",""11474"",""1147400""]""",Org1MSP Org2MSP ,VALID,, 11474 13422,,WT,166,16282,0
2022-04-07T17:26:06.261Z,743e41fd5e2a06c0297e25776c29e6de505a40dc4fc26de740cbd6bf1f35fc0b,Org1MSP,Func4,"[11780"",""1178000"",""13873"",""1387300""]""",Org1MSP Org2MSP ,VALID,, 11780 13873,,WT,166,16253,0
2022-04-07T17:26:06.262Z,692fcb74796288ab3695d01da49c66e156459d3638742390ee96fe097b802050,Org1MSP,Func4,"[10102"",""1010200"",""10006"",""1000600""]""",Org1MSP Org2MSP ,VALID,, 10006 10102,,WT,166,16246,0
2022-04-07T17:26:06.263Z,96a614f9772a4bf215dac3b1867139b96c3333e34deaec1b609f92e08cd4e0cb,Org1MSP,Func4,"[11023"",""1102300"",""10093"",""1009300""]""",Org1MSP Org2MSP ,VALID,, 10093 11023,,WT,166,16270,0
2022-04-07T17:26:06.264Z,768f3be05bcb7a9c91f695208756dbdecc2f306de9e2152d96a9a3678946fda2,Org1MSP,Func4,"[10014"",""1001400"",""11267"",""1126700""]""",Org1MSP Org2MSP ,VALID,, 10014 11267,,WT,166,16254,0
2022-04-07T17:26:06.268Z,910d8738dc1388e24612ff3ef316dba10ce2f48cd3f77b969fbdd5b53aa61d39,Org1MSP,Func4,"[10137"",""1013700"",""11010"",""1101000""]""",Org1MSP Org2MSP ,VALID,, 10137 11010,,WT,166,16268,0
2022-04-07T17:26:06.355Z,a7abf3585212d78a59836ff1b23dc5524be290dfc3667235d5da7e81bc8f16c2,Org1MSP,Func4,"[10011"",""1001100"",""13212"",""1321200""]""",Org1MSP Org2MSP ,VALID,, 10011 13212,,WT,166,16275,0
2022-04-07T17:26:06.357Z,83c8d5143f90e60e6cd638cb332abb73f045392c1111d27a782eb16a380b7075,Org1MSP,Func4,"[10002"",""1000200"",""11584"",""1158400""]""",Org1MSP Org2MSP ,VALID,, 10002 11584,,WT,166,16260,0
2022-04-07T17:26:06.359Z,ef5cee0113bb69dc86f481cc0c8313b3426fc3b56a95cd914c18f76362401e7b,Org1MSP,Func4,"[10014"",""1001400"",""10000"",""1000000""]""",Org1MSP Org2MSP ,VALID,, 10000 10014,,WT,166,16303,0
2022-04-07T17:26:06.361Z,51d1495704cc18f3a4029b20b7fdeb4a9338e8fa493223f49e954a0031b68b6c,Org1MSP,Func4,"[13431"",""1343100"",""10005"",""1000500""]""",Org1MSP Org2MSP ,VALID,, 10005 13431,,WT,166,16240,0
2022-04-07T17:26:06.361Z,e05bc2035fc80e01dd06142ddd31a153798702a3e2dcd6f4e3ae97ccdda42454,Org1MSP,Func4,"[10007"",""1000700"",""10056"",""1005600""]""",Org1MSP Org2MSP ,VALID,, 10007 10056,,WT,166,16299,0
2022-04-07T17:26:06.362Z,6eac2513727d22cf2547a62e532aafb9c5cab44807861c08b56aa20d195a1e86,Org1MSP,Func4,"[10018"",""1001800"",""17785"",""1778500""]""",Org1MSP Org2MSP ,VALID,, 10018 17785,,WT,166,16248,0
2022-04-07T17:26:06.365Z,8cdb58f473b6bebcbd05b8838321cd1d87a65a094569d5ada591f698efb4a56a,Org1MSP,Func4,"[19363"",""1936300"",""10035"",""1003500""]""",Org1MSP Org2MSP ,VALID,, 10035 19363,,WT,166,16265,0
2022-04-07T17:26:06.366Z,02cdb20fba89def4fdfd503f03bb5be85106b3d52dfe81de6bb129f4c38f3feb,Org1MSP,Func4,"[10105"",""1010500"",""12446"",""1244600""]""",Org1MSP Org2MSP ,VALID,, 10105 12446,,WT,166,16220,0
2022-04-07T17:26:06.369Z,8030183114dfe8abe7a8b6e2584ec4758ff4ec67722e9c4399f82e28fcdc55ae,Org1MSP,Func4,"[10009"",""1000900"",""10184"",""1018400""]""",Org1MSP Org2MSP ,VALID,, 10009 10184,,WT,166,16256,0
2022-04-07T17:26:06.455Z,1fbfcaf93d93001cda1252f94ece959d3120cabe441707a58ab79583a91ed39b,Org1MSP,Func1,"[1"",""131""]""",Org1MSP Org2MSP ,VALID, 1 131,,,RT,166,16230,0
2022-04-07T17:26:06.458Z,c3240d82b73d281c67fe6a3c2c6f37ba53a5c5184c22456321e292aaca09396a,Org1MSP,Func4,"[10000"",""1000000"",""10003"",""1000300""]""",Org1MSP Org2MSP ,VALID,, 10000 10003,,WT,166,16289,0
2022-04-07T17:26:06.459Z,841cf40d7467b8d70dfc7112fb72a3532683b865597617ffe5b191b332d184d5,Org1MSP,Func4,"[10001"",""1000100"",""16580"",""1658000""]""",Org1MSP Org2MSP ,VALID,, 10001 16580,,WT,166,16261,0
2022-04-07T17:26:06.459Z,8bec7fd899b38bc3eb952dcd93f37d44d5c0527ab6326a1813d94ba4a1306f13,Org1MSP,Func4,"[10296"",""1029600"",""10037"",""1003700""]""",Org1MSP Org2MSP ,VALID,, 10037 10296,,WT,166,16264,0
2022-04-07T17:26:06.462Z,c46c2195f614f72b835fcd42fb687aea7aef816adceb211509d6435089d0ba77,Org1MSP,Func4,"[10001"",""1000100"",""10000"",""1000000""]""",Org1MSP Org2MSP ,VALID,, 10000 10001,,WT,166,16290,0
2022-04-07T17:26:06.462Z,c5054c2a3de80968ed870f92a39a8d3a228a6c3e61e30dc1cc486c493699f5d0,Org1MSP,Func1,"[7577"",""4""]""",Org1MSP Org2MSP ,VALID, 4 7577,,,RT,166,16291,0
2022-04-07T17:26:06.463Z,08cecbe5a413f4996359354fae87476afa36ad1bd4a5f8e1bc0d70a13db8efdf,Org1MSP,Func7,"[10"",""100"",""1383"",""100""]""",Org1MSP Org2MSP ,VALID, 10 1383, 10 1383,,UT,166,16222,0
2022-04-07T17:26:06.463Z,d4148161101ed3c99b7900b1f4845106a727c4e927d4498c134cd6454815c937,Org1MSP,Func1,"[32"",""681""]""",Org1MSP Org2MSP ,VALID, 32 681,,,RT,166,16295,0
2022-04-07T17:26:06.464Z,0d00428c5c9551ce87e6ece95f06ebe20bd3d482dbe14d8ece65f01a435ed8fb,Org1MSP,Func4,"[10876"",""1087600"",""10019"",""1001900""]""",Org1MSP Org2MSP ,VALID,, 10019 10876,,WT,166,16224,0
2022-04-07T17:26:06.468Z,c9c0ba19b1cfe68cecaa54075deb9e3400f9779743507f4ccfcf58ae96161b64,Org1MSP,Func7,"[1531"",""100"",""43"",""100""]""",Org1MSP Org2MSP ,VALID, 1531 43, 1531 43,,UT,166,16293,0
2022-04-07T17:26:06.555Z,086930d0c64e36da74a32c92d34bc4b2a2e3101a5a07448f9d0b2a1bcc52ee7a,Org1MSP,Func4,"[14074"",""1407400"",""11306"",""1130600""]""",Org1MSP Org2MSP ,VALID,, 11306 14074,,WT,166,16221,0
2022-04-07T17:26:06.556Z,b2bd9756fc338b7cb706b0ec982e4a49b7b9725970119b62664f01728134e3dd,Org1MSP,Func4,"[10003"",""1000300"",""10062"",""1006200""]""",Org1MSP Org2MSP ,VALID,, 10003 10062,,WT,166,16279,0
2022-04-07T17:26:06.559Z,9bc10073dd2dc80596c2a604c2d88b2b1f175a47662a188e1ed0b9aad53908bc,Org1MSP,Func4,"[11972"",""1197200"",""10014"",""1001400""]""",Org1MSP Org2MSP ,VALID,, 10014 11972,,WT,166,16271,0
2022-04-07T17:26:06.559Z,e4efb4bdd055f568b46e7206cd5d99e32394d5a08e54e59231b214bd4ccb4f7a,Org1MSP,Func1,"[233"",""37""]""",Org1MSP Org2MSP ,VALID, 233 37,,,RT,166,16300,0
2022-04-07T17:26:06.561Z,6445007caa72a5767d49297ed258a6c968f5d96b23c3c831f5e2730d2fba6081,Org1MSP,Func4,"[10322"",""1032200"",""10001"",""1000100""]""",Org1MSP Org2MSP ,VALID,, 10001 10322,,WT,166,16245,0
2022-04-07T17:26:06.562Z,8d81cd0a2c7afd1c4e4fa3dc0e029c28a20b88702a53a37272685c9a56de246a,Org1MSP,Func4,"[10098"",""1009800"",""13757"",""1375700""]""",Org1MSP Org2MSP ,VALID,, 10098 13757,,WT,166,16266,0
2022-04-07T17:26:06.562Z,bbf3ea3a286a301bfa56d9211df8101e2266d7e8ad394bd6b5fe979d0287835d,Org1MSP,Func4,"[10005"",""1000500"",""10079"",""1007900""]""",Org1MSP Org2MSP ,VALID,, 10005 10079,,WT,166,16284,0
2022-04-07T17:26:06.563Z,ad336db15af0345df74cebfc3db76f82dff580a2550d2071228e6d20269b5617,Org1MSP,Func1,"[3"",""1""]""",Org1MSP Org2MSP ,VALID, 1 3,,,RT,166,16309,0
2022-04-07T17:26:06.564Z,bef8450c3f81fd6e62b65b36dce9ae485493cb7e302ffe314e2875b6b4f72aa5,Org1MSP,Func7,"[4"",""100"",""1489"",""100""]""",Org1MSP Org2MSP ,VALID, 1489 4, 1489 4,,UT,166,16312,0
2022-04-07T17:26:06.566Z,fcb132480a24d704117bfbb043f2148944e9987fb1ea57a7d2650935689f148f,Org1MSP,Func4,"[10001"",""1000100"",""13442"",""1344200""]""",Org1MSP Org2MSP ,VALID,, 10001 13442,,WT,166,16308,0
2022-04-07T17:26:06.656Z,41c903c23840e7c34f440c6b72af8d562b651c5bf2fa6c2ca6a21aa180ffea41,Org1MSP,Func4,"[10000"",""1000000"",""10002"",""1000200""]""",Org1MSP Org2MSP ,VALID,, 10000 10002,,WT,166,16235,0
2022-04-07T17:26:06.657Z,e84e7327de1b1653bb1d4e66476d4d2acefcd8334277b33e971d6dd7e225c1f6,Org1MSP,Func4,"[14328"",""1432800"",""10923"",""1092300""]""",Org1MSP Org2MSP ,VALID,, 10923 14328,,WT,166,16301,0
2022-04-07T17:26:06.658Z,a9c1128cdd48f5d2b570ed631bddef147f25bc6bd4009541d00750b05a20929d,Org1MSP,Func7,"[6557"",""100"",""7242"",""100""]""",Org1MSP Org2MSP ,VALID, 6557 7242, 6557 7242,,UT,166,16276,0
2022-04-07T17:26:06.659Z,6c53ebfe9a666991e4a1ae5057ae0764724d339de7320734565cfa9012b57910,Org1MSP,Func1,"[17"",""2""]""",Org1MSP Org2MSP ,VALID, 17 2,,,RT,166,16310,0
2022-04-07T17:26:06.660Z,1eacb091929fe288157c251f55260e773a4c1d33d28fa17065388c489875d12a,Org1MSP,Func4,"[10005"",""1000500"",""12438"",""1243800""]""",Org1MSP Org2MSP ,VALID,, 10005 12438,,WT,166,16229,0
2022-04-07T17:26:06.662Z,5d79d3e3f93167a0c1b6132acbe084d103952ccca35d153b9450a1ceda08d4e5,Org1MSP,Func4,"[12984"",""1298400"",""13639"",""1363900""]""",Org1MSP Org2MSP ,VALID,, 12984 13639,,WT,166,16242,0
2022-04-07T17:26:06.664Z,63ba5c385e24e2a9f8f45666ad38cafbed90d37415849fe98d0c078a56d3c57f,Org1MSP,Func7,"[20"",""100"",""27"",""100""]""",Org1MSP Org2MSP ,VALID, 20 27, 20 27,,UT,166,16244,0
2022-04-07T17:26:06.666Z,f9825f1df2d03c1d605dc571dae5f73e5528a90a809dd8a5431a31e505edd134,Org1MSP,Func4,"[13267"",""1326700"",""10120"",""1012000""]""",Org1MSP Org2MSP ,VALID,, 10120 13267,,WT,166,16305,0
2022-04-07T17:26:06.666Z,72181beb452e5ce33bc4fac3f3ceb1e0a00f40b67fd1a8eb61f85c4b4c5fbf5d,Org1MSP,Func7,"[1"",""100"",""9429"",""100""]""",Org1MSP Org2MSP ,VALID, 1 9429, 1 9429,,UT,166,16314,0
2022-04-07T17:26:06.667Z,fb3e05aefbbfbfedbc6f60d7ca6e2545227d7f63ead4a4c7c9cf8527058ef064,Org1MSP,Func4,"[13490"",""1349000"",""10000"",""1000000""]""",Org1MSP Org2MSP ,VALID,, 10000 13490,,WT,166,16306,0
2022-04-07T17:26:06.755Z,40bfc5ffe381fd4d24151e3da324e5ea15005ca83d5aa550faeef1dda08fffe7,Org1MSP,Func4,"[10000"",""1000000"",""14426"",""1442600""]""",Org1MSP Org2MSP ,VALID,, 10000 14426,,WT,166,16234,0
2022-04-07T17:26:06.757Z,1127f2c02a2aba4dbc1447221a3f188e577f407d6378617104fbdfc57846cb93,Org1MSP,Func7,"[121"",""100"",""6"",""100""]""",Org1MSP Org2MSP ,VALID, 121 6, 121 6,,UT,166,16226,0
2022-04-07T17:26:06.757Z,aa01cf013017740e367ffef9cf1ad55dad1287faff1a2766162f00952ef86ddf,Org1MSP,Func4,"[10163"",""1016300"",""10001"",""1000100""]""",Org1MSP Org2MSP ,VALID,, 10001 10163,,WT,166,16277,0
2022-04-07T17:26:06.759Z,b9bb6206535909f35bd6ecb4e8aa704cc2965aff55ede1673a123e2092a9d135,Org1MSP,Func4,"[10012"",""1001200"",""14626"",""1462600""]""",Org1MSP Org2MSP ,VALID,, 10012 14626,,WT,166,16283,0
2022-04-07T17:26:06.760Z,6a50c725e8cd0cc5eb3cb1b7e9dfbccc0ab6dc3a27727b6242b9046f9c006598,Org1MSP,Func7,"[5"",""100"",""7"",""100""]""",Org1MSP Org2MSP ,VALID, 5 7, 5 7,,UT,166,16247,0
2022-04-07T17:26:06.762Z,903f0a72506ae2e9dbfc313a56c8c57f68e2a9181353366c2b203646ea34db9f,Org1MSP,Func7,"[293"",""100"",""871"",""100""]""",Org1MSP Org2MSP ,VALID, 293 871, 293 871,,UT,166,16267,0
2022-04-07T17:26:06.762Z,db626bd1580631ba05e37c5f1a0220efe691060e339e9b5975334fd152a119a1,Org1MSP,Func4,"[10730"",""1073000"",""10003"",""1000300""]""",Org1MSP Org2MSP ,VALID,, 10003 10730,,WT,166,16297,0
2022-04-07T17:26:06.763Z,fbcdd7fba2fb67cb7276be6eb556893a31800df43183fa3958441f46fa785f11,Org1MSP,Func4,"[10217"",""1021700"",""11139"",""1113900""]""",Org1MSP Org2MSP ,VALID,, 10217 11139,,WT,166,16307,0
2022-04-07T17:26:06.766Z,9e3fb48d2d7284c1ba6594bfd16170fde60bf7ed08858e0bea5942dc56fcdadc,Org1MSP,Func7,"[141"",""100"",""108"",""100""]""",Org1MSP Org2MSP ,VALID, 108 141, 108 141,,UT,166,16272,0
2022-04-07T17:26:06.856Z,0b8aa4e160b43d77cf9b1933a76ab2249edf0b12a3638bb4f7f62300acc5b5fc,Org1MSP,Func1,"[210"",""874""]""",Org1MSP Org2MSP ,VALID, 210 874,,,RT,166,16223,0
2022-04-07T17:26:06.857Z,b510e182a6b9b7bbcc2170e04f883479da6fa0ae8781292a84ab7d2f06acaefd,Org1MSP,Func4,"[10124"",""1012400"",""10000"",""1000000""]""",Org1MSP Org2MSP ,VALID,, 10000 10124,,WT,166,16281,0
2022-04-07T17:26:06.861Z,43d151557c9615311aeb3d570462f94145b4d9bd855c799802f5eddeb3804538,Org1MSP,Func4,"[10987"",""1098700"",""10034"",""1003400""]""",Org1MSP Org2MSP ,VALID,, 10034 10987,,WT,166,16236,0
2022-04-07T17:26:06.862Z,0d20d42e19ffc6f2ced819818aa9c174879baf5dbb6b254c5aa56c68f7124a69,Org1MSP,Func4,"[10801"",""1080100"",""11024"",""1102400""]""",Org1MSP Org2MSP ,VALID,, 10801 11024,,WT,166,16225,0
2022-04-07T17:26:06.863Z,1c415f9b61279fed18873e02612efb0ca113067a7e5a51e2d0d946469ea525d9,Org1MSP,Func4,"[12006"",""1200600"",""10001"",""1000100""]""",Org1MSP Org2MSP ,VALID,, 10001 12006,,WT,166,16227,0
2022-04-07T17:26:06.863Z,b0ab1b4891c23d1677a2076966a750a4da3d250ea4b86d7afac0bec1f338fdf2,Org1MSP,Func4,"[10000"",""1000000"",""10000"",""1000000""]""",Org1MSP Org2MSP ,VALID,, 10000,,WT,166,16278,0
2022-04-07T17:26:06.866Z,a0b35fb59d1e9bdd744790386db9c14a5a019c53c079620667851ec0ab80a5fc,Org1MSP,Func4,"[10793"",""1079300"",""12028"",""1202800""]""",Org1MSP Org2MSP ,VALID,, 10793 12028,,WT,166,16273,0
2022-04-07T17:26:06.872Z,857077f9f1ea433d8b0729a54bbb6abbff728cd8ad7c5c01f24b5491d5b36fe9,Org1MSP,Func4,"[10012"",""1001200"",""10669"",""1066900""]""",Org1MSP Org2MSP ,VALID,, 10012 10669,,WT,166,16262,0
2022-04-07T17:26:06.956Z,1e0bb73a3397e74c3b2b0a4bbd41a25d5eea75f1993a72fcc6a53b666e44bb50,Org1MSP,Func4,"[10000"",""1000000"",""10547"",""1054700""]""",Org1MSP Org2MSP ,VALID,, 10000 10547,,WT,166,16228,0
2022-04-07T17:26:06.958Z,304ded11e71244584c36972e1361e614830dfcb6beef2656fdafd71ef088895f,Org1MSP,Func4,"[10226"",""1022600"",""11843"",""1184300""]""",Org1MSP Org2MSP ,VALID,, 10226 11843,,WT,166,16232,0
2022-04-07T17:26:06.959Z,5c94d4cf2bb8faaecb9384474613433197465b3670da15ba23bc1b57c9b600fc,Org1MSP,Func4,"[10025"",""1002500"",""12401"",""1240100""]""",Org1MSP Org2MSP ,VALID,, 10025 12401,,WT,166,16241,0
2022-04-07T17:26:06.960Z,80fe7cc1e5f6eaee756571f872504f1b3ecfe5779a6a492788aec225ca4e2407,Org1MSP,Func4,"[11429"",""1142900"",""11518"",""1151800""]""",Org1MSP Org2MSP ,VALID,, 11429 11518,,WT,166,16257,0
2022-04-07T17:26:06.963Z,836e6b55d08a299a94d36cbe0453d651252bf76e4a2a96181bfba31ac3cf55c1,Org1MSP,Func4,"[10075"",""1007500"",""10010"",""1001000""]""",Org1MSP Org2MSP ,VALID,, 10010 10075,,WT,166,16258,0
2022-04-07T17:26:06.964Z,4eccbd90248a798bb0587c450dcf75d9cb826eb0c1fc9f22086f5c710709c306,Org1MSP,Func4,"[10032"",""1003200"",""10005"",""1000500""]""",Org1MSP Org2MSP ,VALID,, 10005 10032,,WT,166,16239,0
2022-04-07T17:26:06.966Z,3f19336ea1868c65399657be846677829e09ba3bf15cb00559b02e42595c7f93,Org1MSP,Func4,"[10031"",""1003100"",""10037"",""1003700""]""",Org1MSP Org2MSP ,VALID,, 10031 10037,,WT,166,16233,0
2022-04-07T17:26:06.969Z,f2b91311bbc2386a5307307f602fbf8ee6a612ae9de6979bd0f2fc7d8d268f82,Org1MSP,Func1,"[351"",""3727""]""",Org1MSP Org2MSP ,VALID, 351 3727,,,RT,166,16304,0
2022-04-07T17:26:07.055Z,dcbd97a34dae80a00637ee80149cea314ac6ba006ab6e2663ff50628ada6685c,Org1MSP,Func4,"[10652"",""1065200"",""12041"",""1204100""]""",Org1MSP Org2MSP ,VALID,, 10652 12041,,WT,166,16298,0
2022-04-07T17:26:07.057Z,a4fb22069e6d07130a9e30b0d49aa1dee9d036356ca1e060da02cd03ba77ba50,Org1MSP,Func1,"[2"",""21""]""",Org1MSP Org2MSP ,VALID, 2 21,,,RT,166,16311,0
2022-04-07T17:26:07.059Z,3e0db9b701a7602ab8b98ba214c48fe80437d36c17964f707f618cee5378c0cd,Org1MSP,Func4,"[10090"",""1009000"",""10000"",""1000000""]""",Org1MSP Org2MSP ,VALID,, 10000 10090,,WT,167,16335,0
2022-04-07T17:26:07.060Z,58a2d596c7bc27e64409418b2a1e48106f0f1163c8d5c0df1f0d4e22dce3d848,Org1MSP,Func4,"[10000"",""1000000"",""10559"",""1055900""]""",Org1MSP Org2MSP ,VALID,, 10000 10559,,WT,167,16350,0
2022-04-07T17:26:07.061Z,c0f876f7db894a3a64268356a12e125f734c8fa788bc1a7c2ec64aa0bb1dec5c,Org1MSP,Func4,"[12380"",""1238000"",""10110"",""1011000""]""",Org1MSP Org2MSP ,VALID,, 10110 12380,,WT,166,16286,0
2022-04-07T17:26:07.062Z,652c8270f9e0d889fadf9399895dd137e55b4915229660ae3d2b8c37363c4552,Org1MSP,Func1,"[1773"",""2""]""",Org1MSP Org2MSP ,VALID, 1773 2,,,RT,167,16355,0
2022-04-07T17:26:07.064Z,4fa135913f57848674b4e705bf2f4f6354ea5c536de37d930abb446ed056ea8d,Org1MSP,Func1,"[19"",""1131""]""",Org1MSP Org2MSP ,VALID, 1131 19,,,RT,167,16345,0
2022-04-07T17:26:07.065Z,cedcfc0e99ac118de572387144a4d2efd4361d7be7c033840afb3e7cad7b2f3a,Org1MSP,Func4,"[10318"",""1031800"",""11949"",""1194900""]""",Org1MSP Org2MSP ,VALID,, 10318 11949,,WT,167,16392,0
2022-04-07T17:26:07.066Z,ef7ecb463aeec8f2cd18a07ea36f3c486f7f5ba2918de102064424cbc48d9b35,Org1MSP,Func1,"[4"",""27""]""",Org1MSP Org2MSP ,VALID, 27 4,,,RT,167,16403,0
2022-04-07T17:26:07.156Z,3013cfd8828fb6fc4ba88867723fea8f5411228460bb1b6de1408c7e719a6a50,Org1MSP,Func4,"[10000"",""1000000"",""10019"",""1001900""]""",Org1MSP Org2MSP ,VALID,, 10000 10019,,WT,167,16330,0
2022-04-07T17:26:07.158Z,1cbcf7b792e4b62a8a5df0b5f9068a250397a873d43f1fce4a88e2aa3166ee93,Org1MSP,Func7,"[571"",""100"",""3220"",""100""]""",Org1MSP Org2MSP ,VALID, 3220 571, 3220 571,,UT,167,16325,0
2022-04-07T17:26:07.158Z,99c454f5cc6288736b008d52cd1247626eb036ce77c6566cc892ecf0227eb5a6,Org1MSP,Func4,"[10027"",""1002700"",""10006"",""1000600""]""",Org1MSP Org2MSP ,VALID,, 10006 10027,,WT,167,16368,0
2022-04-07T17:26:07.159Z,3c2308c543efd474aa4b0c2bb931abcebadad5cbd34cfb409cbbe35b1f9df391,Org1MSP,Func1,"[2"",""3""]""",Org1MSP Org2MSP ,VALID, 2 3,,,RT,167,16334,0
2022-04-07T17:26:07.162Z,d8ede9bf0ad4000b165fa4e8374227cd93347d5cbad95ff7b9e542dd66dd1b2c,Org1MSP,Func4,"[12196"",""1219600"",""10060"",""1006000""]""",Org1MSP Org2MSP ,VALID,, 10060 12196,,WT,167,16395,0
2022-04-07T17:26:07.163Z,4e04ee908154f0b72a18ce3ca2feb6adb26019847933c06814ce92e93020a16b,Org1MSP,Func4,"[13083"",""1308300"",""17333"",""1733300""]""",Org1MSP Org2MSP ,VALID,, 13083 17333,,WT,167,16343,0
2022-04-07T17:26:07.164Z,6843692e78fe5afe366d7c8ae96fb8dcb708ea2e885372ee52af04e455d02e75,Org1MSP,Func4,"[10000"",""1000000"",""10003"",""1000300""]""",Org1MSP Org2MSP ,VALID,, 10000 10003,,WT,167,16356,0
2022-04-07T17:26:07.165Z,b2fddc9a6b6ee2a5c10ef425f4567556527885c4e9e6cb40c6bc6659c724661b,Org1MSP,Func4,"[11551"",""1155100"",""10001"",""1000100""]""",Org1MSP Org2MSP ,VALID,, 10001 11551,,WT,167,16379,0
2022-04-07T17:26:07.166Z,a1a55cf1efbc7e3954a0908b1f8fcaaaf94e88f4243530658748601ad0957cec,Org1MSP,Func1,"[1"",""4243""]""",Org1MSP Org2MSP ,VALID, 1 4243,,,RT,167,16371,0
2022-04-07T17:26:07.256Z,e13127f2f5ab1feca3c4153a92d4025f8f490dcafb06ac33801522e75365174f,Org1MSP,Func4,"[10085"",""1008500"",""10029"",""1002900""]""",Org1MSP Org2MSP ,VALID,, 10029 10085,,WT,167,16397,0
2022-04-07T17:26:07.257Z,5d489bc6d3aeeb5aa99fcfeed1300ed3e1e20e60ca3ab9f6ecda9df2dda461cc,Org1MSP,Func4,"[10540"",""1054000"",""10007"",""1000700""]""",Org1MSP Org2MSP ,VALID,, 10007 10540,,WT,167,16354,0
2022-04-07T17:26:07.257Z,c6d34c57ea2799ad4d2f1312e5943aa2c4b521f90018f2261c78783eae217fd7,Org1MSP,Func7,"[37"",""100"",""126"",""100""]""",Org1MSP Org2MSP ,VALID, 126 37, 126 37,,UT,167,16389,0
2022-04-07T17:26:07.259Z,2ae8c954b1e53e47db68d5d92fb65930ee9cbcd7d0038f5b2ae865e96b29bdf9,Org1MSP,Func4,"[10004"",""1000400"",""10000"",""1000000""]""",Org1MSP Org2MSP ,VALID,, 10000 10004,,WT,167,16328,0
2022-04-07T17:26:07.259Z,5a4793fefdcc671f11d0d19153c7e701dae7f434a55b32604342ecb6034ac6e4,Org1MSP,Func1,"[6792"",""4458""]""",Org1MSP Org2MSP ,VALID, 4458 6792,,,RT,167,16351,0
2022-04-07T17:26:07.263Z,03d2ce9b03f85acb1f3713c1d6067d78b2c0f8ccbf56102b06ed1a94162b7c9e,Org1MSP,Func1,"[547"",""898""]""",Org1MSP Org2MSP ,VALID, 547 898,,,RT,167,16317,0
2022-04-07T17:26:07.263Z,468e3bf376cb8d8593ab9a8a96694f53e7fcccde34e437144c453601dd4f49f8,Org1MSP,Func4,"[10007"",""1000700"",""12218"",""1221800""]""",Org1MSP Org2MSP ,VALID,, 10007 12218,,WT,167,16339,0
2022-04-07T17:26:07.264Z,f853d478095fd5f08be91da9bb76220bfd20a698fcf94dc9888df59c4d8b5988,Org1MSP,Func4,"[10000"",""1000000"",""10000"",""1000000""]""",Org1MSP Org2MSP ,VALID,, 10000,,WT,167,16404,0
2022-04-07T17:26:07.265Z,251407fc7b72536668233f8d305c5417803bf5dc53b12c11c65e0890988d74d8,Org1MSP,Func1,"[377"",""444""]""",Org1MSP Org2MSP ,VALID, 377 444,,,RT,167,16327,0
2022-04-07T17:26:07.355Z,4c5938efa41155390192299dc144a19cb254aa94b3e574b439cd67fb59c1a3de,Org1MSP,Func4,"[10787"",""1078700"",""14924"",""1492400""]""",Org1MSP Org2MSP ,VALID,, 10787 14924,,WT,167,16342,0
2022-04-07T17:26:07.358Z,13c27186054bd8c7b19902dee35ca913708a7c96a59e0d8fa39da7aaef554743,Org1MSP,Func4,"[14955"",""1495500"",""10444"",""1044400""]""",Org1MSP Org2MSP ,VALID,, 10444 14955,,WT,167,16323,0
2022-04-07T17:26:07.359Z,9c23fe3bee68bf4a0dfd3ef7ad3b26375835e806691c35e200684dbbd80d3927,Org1MSP,Func1,"[7531"",""1""]""",Org1MSP Org2MSP ,VALID, 1 7531,,,RT,167,16369,0
2022-04-07T17:26:07.359Z,c08c3b953145211cb885d855098f3565c8803f4554c44ce1263f9a67c4d92a00,Org1MSP,Func1,"[53"",""6416""]""",Org1MSP Org2MSP ,VALID, 53 6416,,,RT,167,16387,0
2022-04-07T17:26:07.360Z,8a96b27c27ddc8a7089ca6bf6b83f1ea455a4cbb3cc5ac7d3327605f194b7a33,Org1MSP,Func1,"[12"",""23""]""",Org1MSP Org2MSP ,VALID, 12 23,,,RT,167,16364,0
2022-04-07T17:26:07.361Z,a35ee25317dffd68e942b283aaea81eef22a2be97cee7d5b7d69aab05129644e,Org1MSP,Func4,"[11735"",""1173500"",""10034"",""1003400""]""",Org1MSP Org2MSP ,VALID,, 10034 11735,,WT,167,16372,0
2022-04-07T17:26:07.362Z,453f36e47ad03c4eb0da4b806a9abac11d19a76e111fa77927330572eec2c1ea,Org1MSP,Func1,"[174"",""2""]""",Org1MSP Org2MSP ,VALID, 174 2,,,RT,167,16336,0
2022-04-07T17:26:07.364Z,c86bb6005e23c8bf1daa6e93b4aaf96d1079a833e5196248ac718fbc83b7db44,Org1MSP,Func4,"[10029"",""1002900"",""15797"",""1579700""]""",Org1MSP Org2MSP ,VALID,, 10029 15797,,WT,167,16390,0
2022-04-07T17:26:07.364Z,e5bcf665e4e3c1f3f639884447086896b417c8ce6873d5165c709fced4272075,Org1MSP,Func4,"[10000"",""1000000"",""16789"",""1678900""]""",Org1MSP Org2MSP ,VALID,, 10000 16789,,WT,167,16398,0
2022-04-07T17:26:07.368Z,a4bdb8c6cd63e2ad196fd3f2a17d30d695bcd2363a25affcbb2c73524f45029c,Org1MSP,Func4,"[14681"",""1468100"",""10112"",""1011200""]""",Org1MSP Org2MSP ,VALID,, 10112 14681,,WT,167,16373,0
2022-04-07T17:26:07.455Z,6a129a1ce72a76f873a7db40a17fa22b4c0bf4d54d6db38498acc6a37c609307,Org1MSP,Func4,"[10069"",""1006900"",""10176"",""1017600""]""",Org1MSP Org2MSP ,VALID,, 10069 10176,,WT,167,16357,0
2022-04-07T17:26:07.457Z,030be7110a8eba0d384278c9eed9b262903addfedc3b9f7e5e10c6059a603e16,Org1MSP,Func4,"[10019"",""1001900"",""10002"",""1000200""]""",Org1MSP Org2MSP ,VALID,, 10002 10019,,WT,167,16316,0
2022-04-07T17:26:07.459Z,cf5a22aedce61740b84911641dafd98ea1cbb267ba0539462484a592de209627,Org1MSP,Func4,"[19195"",""1919500"",""10111"",""1011100""]""",Org1MSP Org2MSP ,VALID,, 10111 19195,,WT,167,16393,0
2022-04-07T17:26:07.460Z,0fe6aa26bdaddbab6bf3515ab6a6ebba64cd8e93a48ce447c3a6422910533d56,Org1MSP,Func4,"[10009"",""1000900"",""10683"",""1068300""]""",Org1MSP Org2MSP ,VALID,, 10009 10683,,WT,167,16320,0
2022-04-07T17:26:07.460Z,bf030225a41c5bddf7ffb4aa679049c9f50e591bd96cf9ff77624ba690d4f6fc,Org1MSP,Func4,"[10000"",""1000000"",""10129"",""1012900""]""",Org1MSP Org2MSP ,VALID,, 10000 10129,,WT,167,16386,0
2022-04-07T17:26:07.461Z,b4f5cc8013c18c617a61289a80f6ca02adac45c0c57c4b5fa6eb01f3ddb359c4,Org1MSP,Func4,"[10007"",""1000700"",""10000"",""1000000""]""",Org1MSP Org2MSP ,VALID,, 10000 10007,,WT,167,16380,0
2022-04-07T17:26:07.462Z,c89cb8d4cdf556412c15e6b01670c0bc5de287a81dcc350fa91408fde946490a,Org1MSP,Func7,"[3192"",""100"",""1951"",""100""]""",Org1MSP Org2MSP ,VALID, 1951 3192, 1951 3192,,UT,167,16391,0
2022-04-07T17:26:07.464Z,45b506195b1babb49157b8c6d5e12d74933fcfde79f01c7b2bb1363474d93a0d,Org1MSP,Func1,"[9"",""409""]""",Org1MSP Org2MSP ,VALID, 409 9,,,RT,167,16337,0
2022-04-07T17:26:07.465Z,375250d5734e458a4e26e75db4e6c766472af39072d38faa04afa799ae34cdee,Org1MSP,Func4,"[10019"",""1001900"",""10021"",""1002100""]""",Org1MSP Org2MSP ,VALID,, 10019 10021,,WT,167,16333,0
2022-04-07T17:26:07.466Z,fc9ac8b89bb53cd51ca975ed31dde63f1397ba4429494eaafdf2c51af6dca2a4,Org1MSP,Func4,"[10026"",""1002600"",""10939"",""1093900""]""",Org1MSP Org2MSP ,VALID,, 10026 10939,,WT,167,16406,0
2022-04-07T17:26:07.555Z,9c57b5ac0ca77bc7de470399f8c40efc1b51213399310da060fa5e8a40dfc5ce,Org1MSP,Func1,"[1"",""44""]""",Org1MSP Org2MSP ,VALID, 1 44,,,RT,167,16370,0
2022-04-07T17:26:07.557Z,0a6830078009d7e7e894b90ece3cf6249a15be1a0bf9b72adc30ba25fd5b388c,Org1MSP,Func4,"[10001"",""1000100"",""10205"",""1020500""]""",Org1MSP Org2MSP ,VALID,, 10001 10205,,WT,167,16319,0
2022-04-07T17:26:07.559Z,4f3422b0b310be1de27e45294a474bbfbed9a594c0ac600c1a0b4e600748ff4f,Org1MSP,Func4,"[10017"",""1001700"",""10644"",""1064400""]""",Org1MSP Org2MSP ,VALID,, 10017 10644,,WT,167,16344,0
2022-04-07T17:26:07.560Z,b5b1bb00bb0b1e1875d53df6c8276ba9dca78abd93919b5b1f776adbc668bca5,Org1MSP,Func1,"[74"",""23""]""",Org1MSP Org2MSP ,VALID, 23 74,,,RT,167,16382,0
2022-04-07T17:26:07.561Z,7058bf7dae8a140a92795a62184043333c1194d0136cf59d05cf4dc7680927da,Org1MSP,Func4,"[16914"",""1691400"",""10002"",""1000200""]""",Org1MSP Org2MSP ,VALID,, 10002 16914,,WT,167,16359,0
2022-04-07T17:26:07.563Z,33d3a507aa3cf9c11a2402d3bd141dffb63eb32c32fe9be69d5f8955b8be5064,Org1MSP,Func4,"[10004"",""1000400"",""10015"",""1001500""]""",Org1MSP Org2MSP ,VALID,, 10004 10015,,WT,167,16332,0
2022-04-07T17:26:07.563Z,75d24f142017b80020ad406650fe3abafe7686d923889e9d725f9ea2e59be749,Org1MSP,Func1,"[97"",""5""]""",Org1MSP Org2MSP ,VALID, 5 97,,,RT,167,16360,0
2022-04-07T17:26:07.564Z,2fbf00aefb53642bd9d82db91599829d52ec4f61e450333ec8af212cc2a805d3,Org1MSP,Func4,"[14413"",""1441300"",""10249"",""1024900""]""",Org1MSP Org2MSP ,VALID,, 10249 14413,,WT,167,16329,0
2022-04-07T17:26:07.566Z,32df18e74cbb4779be4a39e0531915ae2295aea84a6229908251c0bcfabf2207,Org1MSP,Func4,"[14051"",""1405100"",""11458"",""1145800""]""",Org1MSP Org2MSP ,VALID,, 11458 14051,,WT,167,16331,0
2022-04-07T17:26:07.656Z,abb40bcb04917f0d5591deb5eed9553d2ad3f6b26a8f353378a1089e4363e22c,Org1MSP,Func1,"[1173"",""7597""]""",Org1MSP Org2MSP ,VALID, 1173 7597,,,RT,167,16376,0
2022-04-07T17:26:07.658Z,afe7e0417b0a8558ee2343bf66ac9981799a3d98901f1fb020aec5cb12a8d098,Org1MSP,Func1,"[25"",""226""]""",Org1MSP Org2MSP ,VALID, 226 25,,,RT,167,16377,0
2022-04-07T17:26:07.658Z,fea5ac1f68b4bcfb887593d1e25a4aa29958477be1c07584ef5b5ccdf3e36822,Org1MSP,Func4,"[10103"",""1010300"",""15937"",""1593700""]""",Org1MSP Org2MSP ,VALID,, 10103 15937,,WT,167,16407,0
2022-04-07T17:26:07.659Z,1a0c7bef9cd9221c17ed051374f2b1661e524ef3da4e5c26d0f924345999d044,Org1MSP,Func1,"[60"",""185""]""",Org1MSP Org2MSP ,VALID, 185 60,,,RT,167,16324,0
2022-04-07T17:26:07.660Z,127db236e3e015e2587ac7fa554cfd1a6672e44608eef17a4daaa12cc7f6cf2c,Org1MSP,Func4,"[10221"",""1022100"",""10876"",""1087600""]""",Org1MSP Org2MSP ,VALID,, 10221 10876,,WT,167,16322,0
2022-04-07T17:26:07.661Z,30b2acfb958f74e04fdc62b2d0b6faaddbcec0af2ec0c13375547f82452caf2a,Org1MSP,Func1,"[5"",""112""]""",Org1MSP Org2MSP ,VALID, 112 5,,,RT,167,16411,0
2022-04-07T17:26:07.662Z,47997892f476d3c57fb0e1e11a95a2c8d05b8e6a7c138b129d88f0b80da1a794,Org1MSP,Func7,"[15"",""100"",""43"",""100""]""",Org1MSP Org2MSP ,VALID, 15 43, 15 43,,UT,167,16340,0
2022-04-07T17:26:07.663Z,49ff05f5e9769495be1ba9b018e56e2c6c0212cacdd1d0efede68de8a9e32aa5,Org1MSP,Func4,"[10070"",""1007000"",""11376"",""1137600""]""",Org1MSP Org2MSP ,VALID,, 10070 11376,,WT,167,16341,0
2022-04-07T17:26:07.664Z,e7c060d71282914d0f98c548adbaff71edbbdb399da15dcd6ac5219affbb7069,Org1MSP,Func4,"[10001"",""1000100"",""10001"",""1000100""]""",Org1MSP Org2MSP ,VALID,, 10001,,WT,167,16399,0
2022-04-07T17:26:07.667Z,c208482c1ec6a71039b488c2e3a94ed9946c4724a720d545e6e3f622c2155623,Org1MSP,Func4,"[10003"",""1000300"",""10023"",""1002300""]""",Org1MSP Org2MSP ,VALID,, 10003 10023,,WT,167,16388,0
2022-04-07T17:26:07.755Z,b50a5cb543ae4ce945a4133a32bd00ff0a50376b4bc77a5bcc464a3870408c04,Org1MSP,Func4,"[10001"",""1000100"",""10012"",""1001200""]""",Org1MSP Org2MSP ,VALID,, 10001 10012,,WT,167,16381,0
2022-04-07T17:26:07.757Z,07d162cfe7fc43bf0883cf3a7d1075f5fb73a93a07b3ba4c5e57c7cbbe9a3a9d,Org1MSP,Func4,"[10286"",""1028600"",""11747"",""1174700""]""",Org1MSP Org2MSP ,VALID,, 10286 11747,,WT,167,16318,0
2022-04-07T17:26:07.758Z,7cc114a2b49da12798bedfa4fa1c4565113a1ff166dbc429aa91e4934a37048a,Org1MSP,Func1,"[526"",""6""]""",Org1MSP Org2MSP ,VALID, 526 6,,,RT,167,16362,0
2022-04-07T17:26:07.759Z,a6d969f706fb1e7023357e96375731a45035bcdcd6e4c0ca7ef81922bebc8b2e,Org1MSP,Func7,"[4581"",""100"",""316"",""100""]""",Org1MSP Org2MSP ,VALID, 316 4581, 316 4581,,UT,167,16374,0
2022-04-07T17:26:07.760Z,9515615aaac26180d4aec5127d8a923d49a75c1b1045506a6eb5aff3b2f81492,Org1MSP,Func4,"[11615"",""1161500"",""19853"",""1985300""]""",Org1MSP Org2MSP ,VALID,, 11615 19853,,WT,167,16366,0
2022-04-07T17:26:07.760Z,b695cd73393831a0255e59c3d35434022f3a2c4148ee449b477e004422b6cbcc,Org1MSP,Func4,"[10002"",""1000200"",""10011"",""1001100""]""",Org1MSP Org2MSP ,VALID,, 10002 10011,,WT,167,16383,0
2022-04-07T17:26:07.762Z,a7524aa5b66e2c37ac432967c1fca7013d9fd0448b58a89d2d45f343ed7c3757,Org1MSP,Func7,"[1138"",""100"",""359"",""100""]""",Org1MSP Org2MSP ,VALID, 1138 359, 1138 359,,UT,167,16375,0
2022-04-07T17:26:07.763Z,1a792ed3fd7de030b2de1a5e07ee94684ed38100929882da9f5736914d2918a1,Org1MSP,Func1,"[4"",""74""]""",Org1MSP Org2MSP ,VALID, 4 74,,,RT,167,16415,0
2022-04-07T17:26:07.764Z,99b4b32c4d2700681c70c9cd0654d7c0e7aac108437b73de82781d4ed10c3aeb,Org1MSP,Func7,"[444"",""100"",""5647"",""100""]""",Org1MSP Org2MSP ,VALID, 444 5647, 444 5647,,UT,167,16408,0
2022-04-07T17:26:07.768Z,5acb9f2bf22be82d8cc6d1b31e5b0a81d5ea25aef89e4d4dd65de865cd2ee12c,Org1MSP,Func4,"[15468"",""1546800"",""10009"",""1000900""]""",Org1MSP Org2MSP ,VALID,, 10009 15468,,WT,167,16352,0
2022-04-07T17:26:07.855Z,bb6f656c8e2eb10279371ea0deb9309f67c950febf47dc622ed6b1c771e5fbdc,Org1MSP,Func4,"[13655"",""1365500"",""10027"",""1002700""]""",Org1MSP Org2MSP ,VALID,, 10027 13655,,WT,167,16385,0
2022-04-07T17:26:07.857Z,45c70b5d0471a13f9621b9b8362fed51b5e33e16968e1d382622c2267b553de9,Org1MSP,Func1,"[859"",""1290""]""",Org1MSP Org2MSP ,VALID, 1290 859,,,RT,167,16338,0
2022-04-07T17:26:07.858Z,6783039fffe26ae6ac917720d0b018cb4c4388bc0c89461bbf43b31deaa4defd,Org1MSP,Func1,"[4"",""2""]""",Org1MSP Org2MSP ,VALID, 2 4,,,RT,167,16414,0
2022-04-07T17:26:07.859Z,e8205dfaa1516fe068d6abf32f0fc37aee38cb5d4ebefe383f67617e30dcdaa5,Org1MSP,Func4,"[10112"",""1011200"",""10043"",""1004300""]""",Org1MSP Org2MSP ,VALID,, 10043 10112,,WT,167,16400,0
2022-04-07T17:26:07.860Z,5befd436abc96e694cfa79a517dde504ef68cb34ed3425c02703303234da236e,Org1MSP,Func4,"[10000"",""1000000"",""10109"",""1010900""]""",Org1MSP Org2MSP ,VALID,, 10000 10109,,WT,167,16353,0
2022-04-07T17:26:07.862Z,515a0083f6028812f07b983ac499334d27e247a25bcca22cb5bad9aa700f489e,Org1MSP,Func4,"[10001"",""1000100"",""10075"",""1007500""]""",Org1MSP Org2MSP ,VALID,, 10001 10075,,WT,167,16347,0
2022-04-07T17:26:07.863Z,d222cc8b09633a11a9e2ffc3aa9443883441136623b21020cbdc483ca2d7b0f1,Org1MSP,Func4,"[10122"",""1012200"",""10564"",""1056400""]""",Org1MSP Org2MSP ,VALID,, 10122 10564,,WT,167,16394,0
2022-04-07T17:26:07.864Z,6e62c19d44f1be71098e49cb38eecdea8aed256f22fde55dbe8d3aaced0b8124,Org1MSP,Func4,"[11187"",""1118700"",""10001"",""1000100""]""",Org1MSP Org2MSP ,VALID,, 10001 11187,,WT,167,16358,0
2022-04-07T17:26:07.864Z,ec0a9dc8e0499d51cca93e573bd22d9f2fb149d7db1a45db805cadd7b9363477,Org1MSP,Func1,"[89"",""63""]""",Org1MSP Org2MSP ,VALID, 63 89,,,RT,167,16402,0
2022-04-07T17:26:07.867Z,eb4b9c01c38bb7774117e238f50e8692e38588322675f44165b5e89d8a295be5,Org1MSP,Func4,"[10000"",""1000000"",""10755"",""1075500""]""",Org1MSP Org2MSP ,VALID,, 10000 10755,,WT,167,16401,0
2022-04-07T17:26:07.954Z,8e292f7eca57eac29b556b312fc115f20c05640109a3e3ac256c5114930a9c52,Org1MSP,Func1,"[7409"",""1607""]""",Org1MSP Org2MSP ,VALID, 1607 7409,,,RT,167,16365,0
2022-04-07T17:26:07.959Z,5879902e8cf4b3f940c85952300e903f08c657b1575fa09d4d5581fd4931c59c,Org1MSP,Func4,"[11006"",""1100600"",""10203"",""1020300""]""",Org1MSP Org2MSP ,VALID,, 10203 11006,,WT,167,16349,0
2022-04-07T17:26:07.960Z,ae7c6dbb4830832d7f719e02c0a33815f24a7b79c2aa911c91e1868b11aa17ba,Org1MSP,Func1,"[4"",""2958""]""",Org1MSP Org2MSP ,VALID, 2958 4,,,RT,167,16416,0
2022-04-07T17:26:07.961Z,90b5c08c5dff5033e85a9d4a0703cf88d755baa2dc842d05729834a94c43c5e1,Org1MSP,Func7,"[1"",""100"",""41"",""100""]""",Org1MSP Org2MSP ,VALID, 1 41, 1 41,,UT,167,16413,0
2022-04-07T17:26:07.962Z,0b2b774cbebabd6a5a1fd629b73ab63dac0cc142b3ba8dacadbb3a6a37bd70ce,Org1MSP,Func7,"[1894"",""100"",""6"",""100""]""",Org1MSP Org2MSP ,VALID, 1894 6, 1894 6,,UT,167,16412,0
2022-04-07T17:26:07.963Z,56b9e3e074803072d46d22f69ba32ceb5d40599fc4e89a248091cdc835488fe9,Org1MSP,Func4,"[10270"",""1027000"",""10137"",""1013700""]""",Org1MSP Org2MSP ,VALID,, 10137 10270,,WT,167,16348,0
2022-04-07T17:26:07.963Z,b93b2071ebe1e3ebde0cbbb4da3266d2aec9410686f9079e8c4d69e7d31763b0,Org1MSP,Func4,"[10944"",""1094400"",""10302"",""1030200""]""",Org1MSP Org2MSP ,VALID,, 10302 10944,,WT,167,16384,0
2022-04-07T17:26:07.964Z,967d322ad6855063bb7168d5907d7567c26018b0ec6cf444dded5466b3fa9acb,Org1MSP,Func4,"[10005"",""1000500"",""10182"",""1018200""]""",Org1MSP Org2MSP ,VALID,, 10005 10182,,WT,167,16367,0
2022-04-07T17:26:07.966Z,02dee656363fc0bc40830675302b8ce5b6df856aa4d933f79a8175cd5a453c87,Org1MSP,Func7,"[113"",""100"",""3"",""100""]""",Org1MSP Org2MSP ,VALID, 113 3, 113 3,,UT,167,16409,0
2022-04-07T17:26:07.968Z,5043c1143f2c104f100624f9d715e0ea06c97bcb1f56bb37f6e44ff62491ad8a,Org1MSP,Func4,"[10593"",""1059300"",""10009"",""1000900""]""",Org1MSP Org2MSP ,VALID,, 10009 10593,,WT,167,16346,0
2022-04-07T17:26:08.055Z,84d288e165ca6ebdf7177605d74fd07173f0615aa6fcac19f709de538667d153,Org1MSP,Func7,"[1108"",""100"",""597"",""100""]""",Org1MSP Org2MSP ,VALID, 1108 597, 1108 597,,UT,167,16363,0
2022-04-07T17:26:08.057Z,110b403547914268ff65010d9711ffa2834a5a713f94d7a6879fa7aa297cce9e,Org1MSP,Func4,"[10005"",""1000500"",""10031"",""1003100""]""",Org1MSP Org2MSP ,VALID,, 10005 10031,,WT,167,16321,0
2022-04-07T17:26:08.059Z,7954342c837b7ae6a3dc464171cb72e7843b0b3d2312095a421c0d9614cfd201,Org1MSP,Func4,"[17265"",""1726500"",""12254"",""1225400""]""",Org1MSP Org2MSP ,VALID,, 12254 17265,,WT,167,16361,0
2022-04-07T17:26:08.059Z,fbd8ab56f228f2ec2ebad9f8de21aac2d4f3ec3964792de8b3fdf62892325086,Org1MSP,Func4,"[10148"",""1014800"",""10001"",""1000100""]""",Org1MSP Org2MSP ,VALID,, 10001 10148,,WT,167,16405,0
2022-04-07T17:26:08.060Z,206b08f8d3da14a1de3797d38b93d39a18fb6c5cc219dfaa3b7bdfef85607bbc,Org1MSP,Func4,"[10067"",""1006700"",""13198"",""1319800""]""",Org1MSP Org2MSP ,VALID,, 10067 13198,,WT,167,16326,0
2022-04-07T17:26:08.061Z,00675620ca854ff23f548db26874104c48df16e69ad26db8796ccc1a6e99ce74,Org1MSP,Func4,"[13208"",""1320800"",""10000"",""1000000""]""",Org1MSP Org2MSP ,VALID,, 10000 13208,,WT,167,16315,0
2022-04-07T17:26:08.062Z,b28af35d486bf9904c70882f0c5787e6d9191dac32fb69a6d1a7f5a5afbd9a42,Org1MSP,Func4,"[10596"",""1059600"",""10018"",""1001800""]""",Org1MSP Org2MSP ,VALID,, 10018 10596,,WT,167,16378,0
2022-04-07T17:26:08.065Z,dee218e2e796eda41d4e883bd28f4c69776726c72f9619727506d52a57f3e79d,Org1MSP,Func4,"[11977"",""1197700"",""10416"",""1041600""]""",Org1MSP Org2MSP ,VALID,, 10416 11977,,WT,167,16396,0
2022-04-07T17:26:08.065Z,3f04470848b10dda61470997fa8c7ce51574c59be0e85d8e4dc6cefa876b75e3,Org1MSP,Func7,"[19"",""100"",""17"",""100""]""",Org1MSP Org2MSP ,VALID, 17 19, 17 19,,UT,167,16410,0
2022-04-07T17:26:08.155Z,c07c41ed711730e547e6cee173faa2a23d0dba19da6f279d68ea77ea2e818ee6,Org1MSP,Func1,"[556"",""84""]""",Org1MSP Org2MSP ,VALID, 556 84,,,RT,168,16488,0
2022-04-07T17:26:08.156Z,3470ee45c37d095434e3c693124b29225c9fd7b6e2d9f03d2decf9e51e891930,Org1MSP,Func4,"[10003"",""1000300"",""10001"",""1000100""]""",Org1MSP Org2MSP ,VALID,, 10001 10003,,WT,168,16438,0
2022-04-07T17:26:08.159Z,762d4dd1724b51b2b5695b49d1752505f8868a95d8c0704b0158350b8c7f13d6,Org1MSP,Func4,"[12782"",""1278200"",""10334"",""1033400""]""",Org1MSP Org2MSP ,VALID,, 10334 12782,,WT,168,16463,0
2022-04-07T17:26:08.160Z,decf2f146dfcd82a2947193caff099b959f998d3ffdce9f283c84382da171fd9,Org1MSP,Func4,"[10000"",""1000000"",""10068"",""1006800""]""",Org1MSP Org2MSP ,VALID,, 10000 10068,,WT,168,16498,0
2022-04-07T17:26:08.161Z,a3e28e2a879b4dbbfb77af5b2505a388bb7f48620e9e26f26255e126f300436b,Org1MSP,Func4,"[10593"",""1059300"",""10073"",""1007300""]""",Org1MSP Org2MSP ,VALID,, 10073 10593,,WT,168,16477,0
2022-04-07T17:26:08.161Z,c258ec48aeb8e329adfd6542eca2b9f9f6103d51a4ddda29ae7df7d4b45d6aad,Org1MSP,Func4,"[10409"",""1040900"",""10004"",""1000400""]""",Org1MSP Org2MSP ,VALID,, 10004 10409,,WT,168,16489,0
2022-04-07T17:26:08.164Z,6beeed3c8ebbb3b7dac9086ad73b0f5994690972e56b5df30f133561d61eb276,Org1MSP,Func7,"[227"",""100"",""182"",""100""]""",Org1MSP Org2MSP ,VALID, 182 227, 182 227,,UT,168,16457,0
2022-04-07T17:26:08.165Z,5ae657145d09bbd88aba02a9bbbd29579275fa3d50380e4e32378315b20649f5,Org1MSP,Func4,"[11525"",""1152500"",""10000"",""1000000""]""",Org1MSP Org2MSP ,VALID,, 10000 11525,,WT,168,16454,0
2022-04-07T17:26:08.168Z,c497da57df138cf3c0292b3f3ffb78cd3c2fba230e587f8b4effac0172ca9a20,Org1MSP,Func4,"[10027"",""1002700"",""10016"",""1001600""]""",Org1MSP Org2MSP ,VALID,, 10016 10027,,WT,168,16490,0
2022-04-07T17:26:08.174Z,19c1f9625bd6daedc80d42a995c804b3439241080da55b17c2bbf4ae16488a1e,Org1MSP,Func4,"[10006"",""1000600"",""10030"",""1003000""]""",Org1MSP Org2MSP ,VALID,, 10006 10030,,WT,168,16430,0
2022-04-07T17:26:08.256Z,9a5618c555c3f66deca39ee364fd0ef5d747e5eafb0797cbad839a24939a9288,Org1MSP,Func4,"[10007"",""1000700"",""10017"",""1001700""]""",Org1MSP Org2MSP ,VALID,, 10007 10017,,WT,168,16475,0
2022-04-07T17:26:08.257Z,f370541b30d25ff4e4cb2183dc96f907c599b795f2d272a7f96dfd1e066028e3,Org1MSP,Func4,"[15121"",""1512100"",""11734"",""1173400""]""",Org1MSP Org2MSP ,VALID,, 11734 15121,,WT,168,16503,0
2022-04-07T17:26:08.259Z,370fddc04dc38c0f009b5f338feeac05e5bd3dbc4f4050fb547e2500f3304db3,Org1MSP,Func4,"[14571"",""1457100"",""10142"",""1014200""]""",Org1MSP Org2MSP ,VALID,, 10142 14571,,WT,168,16439,0
2022-04-07T17:26:08.260Z,09de158f6c258369f65baf4dd7a14ae24d7f19ffa8c16304e003ebc36ba5007c,Org1MSP,Func4,"[14003"",""1400300"",""10736"",""1073600""]""",Org1MSP Org2MSP ,VALID,, 10736 14003,,WT,168,16421,0
2022-04-07T17:26:08.260Z,698a37a0c97f378dcd3e3153bc6be189d3c847be57559792279d0bbd84b7082f,Org1MSP,Func4,"[19675"",""1967500"",""10005"",""1000500""]""",Org1MSP Org2MSP ,VALID,, 10005 19675,,WT,168,16456,0
2022-04-07T17:26:08.262Z,eb05a0bc29b9da5d9267929ec3a7cec79d4b805340d6efcaf0e8c7725841f136,Org1MSP,Func4,"[10012"",""1001200"",""10058"",""1005800""]""",Org1MSP Org2MSP ,VALID,, 10012 10058,,WT,168,16501,0
2022-04-07T17:26:08.263Z,0dc8cb0675da68ea4c121549c1a251ea99198d6794b05dab6d4a60de69e46a64,Org1MSP,Func4,"[10003"",""1000300"",""14256"",""1425600""]""",Org1MSP Org2MSP ,VALID,, 10003 14256,,WT,168,16424,0
2022-04-07T17:26:08.263Z,88eaefc62eb40cd9b8602f169799e58d8ccc548f96e17351ab4fbdb32de61789,Org1MSP,Func4,"[10003"",""1000300"",""10004"",""1000400""]""",Org1MSP Org2MSP ,VALID,, 10003 10004,,WT,168,16470,0
2022-04-07T17:26:08.264Z,22a1a2016976fcb7cae841f49b1bdb6ac90f2b7223f97ab906632485a7e0ab14,Org1MSP,Func7,"[544"",""100"",""2468"",""100""]""",Org1MSP Org2MSP ,VALID, 2468 544, 2468 544,,UT,168,16434,0
2022-04-07T17:26:08.266Z,f0edd19613c2b609ed113cb0185ac88b08ef64a314c39944693d71668a3356f0,Org1MSP,Func7,"[2"",""100"",""363"",""100""]""",Org1MSP Org2MSP ,VALID, 2 363, 2 363,,UT,168,16510,0
2022-04-07T17:26:08.355Z,13d6a9d42fddf529f5e94f9ab1eae857b44c8ecb31c06fdfdf9f3922da455c8e,Org1MSP,Func4,"[10000"",""1000000"",""12965"",""1296500""]""",Org1MSP Org2MSP ,VALID,, 10000 12965,,WT,168,16426,0
2022-04-07T17:26:08.359Z,0072252c51730d5a028556fe115741702f3c3569ad1dc2a3d962593f44b643a7,Org1MSP,Func1,"[26"",""29""]""",Org1MSP Org2MSP ,VALID, 26 29,,,RT,168,16417,0
2022-04-07T17:26:08.360Z,7dbf1ee2afb3d505927dec1b1fb78919b56ad7c6d0a16e66dea9228e9b8f33c1,Org1MSP,Func4,"[10112"",""1011200"",""11560"",""1156000""]""",Org1MSP Org2MSP ,VALID,, 10112 11560,,WT,168,16467,0
2022-04-07T17:26:08.362Z,41d4b2f3bbdbfa53569afff5db8d93fe76fc018f50a82e878d012b6dc605e55a,Org1MSP,Func4,"[10107"",""1010700"",""10377"",""1037700""]""",Org1MSP Org2MSP ,VALID,, 10107 10377,,WT,168,16442,0
2022-04-07T17:26:08.362Z,f51eab542dc8728b4c550ab8ac88aeb7f253f309fbe1a6eb6ed6c390b93ff1b1,Org1MSP,Func4,"[10093"",""1009300"",""10010"",""1001000""]""",Org1MSP Org2MSP ,VALID,, 10010 10093,,WT,168,16504,0
2022-04-07T17:26:08.363Z,6c8e0f959168e01e2ffc92b05a2b0b3d0ce211ba20c56504af606639d4f32a68,Org1MSP,Func4,"[10124"",""1012400"",""14212"",""1421200""]""",Org1MSP Org2MSP ,VALID,, 10124 14212,,WT,168,16458,0
2022-04-07T17:26:08.364Z,4d52addda4218477fcc8ebea621eaff43bbc4bf16fc4f90f26ad9474ff9ffb5e,Org1MSP,Func4,"[10003"",""1000300"",""10007"",""1000700""]""",Org1MSP Org2MSP ,VALID,, 10003 10007,,WT,168,16447,0
2022-04-07T17:26:08.368Z,453061288c624e94c63ad6e2818a4e1dc5c07d732a1d0ca2c449ae8042d5fdc5,Org1MSP,Func4,"[10000"",""1000000"",""11480"",""1148000""]""",Org1MSP Org2MSP ,VALID,, 10000 11480,,WT,168,16443,0
2022-04-07T17:26:08.457Z,d3b56de3891b5cd14d50a5dad748ce168b644b42b19212646b6f7669fbb9264f,Org1MSP,Func4,"[10167"",""1016700"",""10000"",""1000000""]""",Org1MSP Org2MSP ,VALID,, 10000 10167,,WT,168,16495,0
2022-04-07T17:26:08.459Z,4ffad2a4d3d9ca5c739d659f01aeaa79c7f2500fab287a50e02c71fe928b0783,Org1MSP,Func4,"[10027"",""1002700"",""11025"",""1102500""]""",Org1MSP Org2MSP ,VALID,, 10027 11025,,WT,168,16448,0
2022-04-07T17:26:08.459Z,534ae391902832eeb97fb724daedd96c68c30f357197f107de90fedfd0fceeda,Org1MSP,Func4,"[10370"",""1037000"",""10043"",""1004300""]""",Org1MSP Org2MSP ,VALID,, 10043 10370,,WT,168,16451,0
2022-04-07T17:26:08.460Z,ab68a03614458a47042abc942948a72485d4e64720a54ccf27aad254602f9b87,Org1MSP,Func1,"[8936"",""47""]""",Org1MSP Org2MSP ,VALID, 47 8936,,,RT,168,16479,0
2022-04-07T17:26:08.462Z,262118cf902dc7e553e4be7e16c18936e631312c5f70803aada80cd78ed59568,Org1MSP,Func1,"[2497"",""8532""]""",Org1MSP Org2MSP ,VALID, 2497 8532,,,RT,168,16435,0
2022-04-07T17:26:08.463Z,377f7a3ddac4cae212035563df63f8b2f73fc323116f1cbb0b71daf0967b51fd,Org1MSP,Func4,"[10006"",""1000600"",""10085"",""1008500""]""",Org1MSP Org2MSP ,VALID,, 10006 10085,,WT,168,16440,0
2022-04-07T17:26:08.465Z,86c348c9e9023ed441a9559ac057c1cbda7349d633f4abcbd0ba3bd188d2ea05,Org1MSP,Func4,"[10014"",""1001400"",""11057"",""1105700""]""",Org1MSP Org2MSP ,VALID,, 10014 11057,,WT,168,16469,0
2022-04-07T17:26:08.466Z,5690dfd898c9e531adc2e93f152930d02bb949515b677a6869d840f11d7e5a20,Org1MSP,Func1,"[112"",""81""]""",Org1MSP Org2MSP ,VALID, 112 81,,,RT,168,16453,0
2022-04-07T17:26:08.556Z,0433abfc807792fb59dc7b54221e5aab0e6096ab2705a4d98921d3a642534e10,Org1MSP,Func7,"[190"",""100"",""7051"",""100""]""",Org1MSP Org2MSP ,ENDORSEMENT_POLICY_FAILURE, 190 7051, 190 7051,,UT,168,16419,0
2022-04-07T17:26:08.558Z,ad1487868e579fc31cefcbb3c9c786e6978cb882381ed36cef47892e84c8ec19,Org1MSP,Func4,"[12182"",""1218200"",""10106"",""1010600""]""",Org1MSP Org2MSP ,VALID,, 10106 12182,,WT,168,16480,0
2022-04-07T17:26:08.559Z,67a6844c3773a913cd57509f5f43d3e4c073722c1b83cb4bd504e32c0db007c8,Org1MSP,Func4,"[18584"",""1858400"",""10297"",""1029700""]""",Org1MSP Org2MSP ,VALID,, 10297 18584,,WT,168,16455,0
2022-04-07T17:26:08.559Z,fb91710c9295b1ade5620c0352379583daf6cd77d6ff62e4aafe5f06dec00369,Org1MSP,Func4,"[10001"",""1000100"",""10006"",""1000600""]""",Org1MSP Org2MSP ,VALID,, 10001 10006,,WT,168,16506,0
2022-04-07T17:26:08.560Z,8572d23cbb72fa852c7792536ff235f5427d7e5ce18675de11f6a32deb5b647a,Org1MSP,Func1,"[19"",""356""]""",Org1MSP Org2MSP ,ENDORSEMENT_POLICY_FAILURE, 19 356,,,RT,168,16468,0
2022-04-07T17:26:08.562Z,6f80fa6c7597080627775ad920c2e9b44193ce273f2b84e27d193fd1134b39e5,Org1MSP,Func4,"[10220"",""1022000"",""10632"",""1063200""]""",Org1MSP Org2MSP ,VALID,, 10220 10632,,WT,168,16459,0
2022-04-07T17:26:08.564Z,4ffc9b79a800edc22c27f2498acf2fd233261e119284caa1ddb34462539358a5,Org1MSP,Func4,"[10211"",""1021100"",""10020"",""1002000""]""",Org1MSP Org2MSP ,VALID,, 10020 10211,,WT,168,16449,0
2022-04-07T17:26:08.564Z,d9d96cb9e42733d74eb5ef7918d143998f57ab26f7f8bcad12cd0202ed8e57fd,Org1MSP,Func4,"[12484"",""1248400"",""10741"",""1074100""]""",Org1MSP Org2MSP ,VALID,, 10741 12484,,WT,168,16497,0
2022-04-07T17:26:08.567Z,978a55c3373e610a96e6830fa85f7c944aa9dcd5a14b4005123ef5ae51031a64,Org1MSP,Func4,"[10090"",""1009000"",""10594"",""1059400""]""",Org1MSP Org2MSP ,VALID,, 10090 10594,,WT,168,16473,0
2022-04-07T17:26:08.587Z,f89cdf1c214730a9780cb25a963f59e87b27b18533c00b9f21f106541205e66f,Org1MSP,Func4,"[12136"",""1213600"",""10009"",""1000900""]""",Org1MSP Org2MSP ,VALID,, 10009 12136,,WT,168,16505,0
2022-04-07T17:26:08.656Z,189918d2d9a951ba0470ebe4f439f5285dbb3d1fad36adc6d74a9c032310e515,Org1MSP,Func1,"[6576"",""2""]""",Org1MSP Org2MSP ,VALID, 2 6576,,,RT,168,16429,0
2022-04-07T17:26:08.657Z,0d142c4939606b955c6272bae8a6dac01c2e59ab58c69a986897651ca0c10b08,Org1MSP,Func1,"[37"",""15""]""",Org1MSP Org2MSP ,VALID, 15 37,,,RT,168,16422,0
2022-04-07T17:26:08.659Z,9811ac43cd9b88c23d002ab549daedf1fa94241a083fdbe56ab014a95264b7dd,Org1MSP,Func4,"[10798"",""1079800"",""10700"",""1070000""]""",Org1MSP Org2MSP ,VALID,, 10700 10798,,WT,168,16474,0
2022-04-07T17:26:08.660Z,4a468e1d31da1e1b521aac20894bffd541a7cf9500d6bb34e6e220c8b5608c21,Org1MSP,Func1,"[318"",""1""]""",Org1MSP Org2MSP ,VALID, 1 318,,,RT,168,16446,0
2022-04-07T17:26:08.660Z,b1800c4d6eeac147af4f6fc6e2f8ac71d39fe9d755cfb2b3e54d159fecbfc2dc,Org1MSP,Func4,"[10005"",""1000500"",""10195"",""1019500""]""",Org1MSP Org2MSP ,VALID,, 10005 10195,,WT,168,16482,0
2022-04-07T17:26:08.660Z,d41bf4065b87775e4d8170183c8d7fafe4c3d01d3870e638bb767fd44d9d9944,Org1MSP,Func4,"[10053"",""1005300"",""14766"",""1476600""]""",Org1MSP Org2MSP ,VALID,, 10053 14766,,WT,168,16496,0
2022-04-07T17:26:08.665Z,a5d752541ecef7fe0f4cae9fb56659609665385a0aba41b554a25c02c983da59,Org1MSP,Func4,"[10034"",""1003400"",""17880"",""1788000""]""",Org1MSP Org2MSP ,VALID,, 10034 17880,,WT,168,16478,0
2022-04-07T17:26:08.665Z,bf64a3803a2ddd93d938655cb649970388d391911f961f81269898731777c85f,Org1MSP,Func4,"[10034"",""1003400"",""17273"",""1727300""]""",Org1MSP Org2MSP ,VALID,, 10034 17273,,WT,168,16487,0
2022-04-07T17:26:08.665Z,aa79e907a354fccc2e7c36e4229d5cc4935b193f790bc33c52c98ee49876484f,Org1MSP,Func7,"[1"",""100"",""1395"",""100""]""",Org1MSP Org2MSP ,VALID, 1 1395, 1 1395,,UT,168,16512,0
2022-04-07T17:26:08.666Z,1b456400f06b3fdaddd34a75c97ee5903ab6d20b817ad26a603e73360f90c529,Org1MSP,Func4,"[10017"",""1001700"",""10792"",""1079200""]""",Org1MSP Org2MSP ,VALID,, 10017 10792,,WT,168,16431,0
2022-04-07T17:26:08.756Z,16c388c93279089bfd98d77bee0460fd4dbfa9786ecda915e70ce82dca2ea122,Org1MSP,Func1,"[711"",""302""]""",Org1MSP Org2MSP ,VALID, 302 711,,,RT,168,16428,0
2022-04-07T17:26:08.757Z,2b5274d1ed90590120ed5e88b0b096d43a06abf0e569472ace64939f6ebe474b,Org1MSP,Func4,"[10646"",""1064600"",""10974"",""1097400""]""",Org1MSP Org2MSP ,VALID,, 10646 10974,,WT,168,16436,0
2022-04-07T17:26:08.759Z,15a2cfa16ee1ffc1b3a54ac69b4260c4caa1b926649f4eed14bb36495c3097a7,Org1MSP,Func1,"[35"",""1""]""",Org1MSP Org2MSP ,VALID, 1 35,,,RT,168,16427,0
2022-04-07T17:26:08.760Z,b45b14056fe2d97b0839e6e976ab30c2f5795d0e81d84cfe5c4fbad71ef52312,Org1MSP,Func4,"[10262"",""1026200"",""12322"",""1232200""]""",Org1MSP Org2MSP ,VALID,, 10262 12322,,WT,168,16484,0
2022-04-07T17:26:08.760Z,bb02b9271676e86414d432286c4d927c26038c5b554ee11a5f36da9c266a43a4,Org1MSP,Func1,"[1"",""1973""]""",Org1MSP Org2MSP ,VALID, 1 1973,,,RT,168,16485,0
2022-04-07T17:26:08.762Z,3b0c591e192de16872e159f0a3200113f6af01600ac923c493e486d438884d37,Org1MSP,Func4,"[10508"",""1050800"",""10756"",""1075600""]""",Org1MSP Org2MSP ,VALID,, 10508 10756,,WT,168,16441,0
2022-04-07T17:26:08.762Z,1c638a4e8e611a7ef5c7e35ebf1f9cdc71715d32a5460571af28675898d7e2e3,Org1MSP,Func7,"[225"",""100"",""7"",""100""]""",Org1MSP Org2MSP ,VALID, 225 7, 225 7,,UT,168,16511,0
2022-04-07T17:26:08.764Z,9bdfdc238a59dea3acfbd5ae2781b052031568466657f4ba08f5cba7c4b54f8a,Org1MSP,Func4,"[10000"",""1000000"",""10007"",""1000700""]""",Org1MSP Org2MSP ,VALID,, 10000 10007,,WT,168,16476,0
2022-04-07T17:26:08.764Z,bc1fc8293220517d116e4feef7a81017c37eb2015e1dbd414cf6700584cf9a23,Org1MSP,Func4,"[10000"",""1000000"",""10001"",""1000100""]""",Org1MSP Org2MSP ,VALID,, 10000 10001,,WT,168,16486,0
2022-04-07T17:26:08.766Z,c6bea50132b2c5b2bfea71d8c01316e161a8d0df41c8c18f31efeaaee78cf9d3,Org1MSP,Func4,"[12346"",""1234600"",""11432"",""1143200""]""",Org1MSP Org2MSP ,VALID,, 11432 12346,,WT,168,16491,0
2022-04-07T17:26:08.855Z,730c59a323d6cae614a69bade2545bc3bcb73670fac97903d5935251f0c44efc,Org1MSP,Func4,"[10021"",""1002100"",""10222"",""1022200""]""",Org1MSP Org2MSP ,VALID,, 10021 10222,,WT,168,16461,0
2022-04-07T17:26:08.858Z,2eeaf07714155080d990af8222094dc78079e463e70a1fb77e12a72af39832da,Org1MSP,Func7,"[9884"",""100"",""226"",""100""]""",Org1MSP Org2MSP ,VALID, 226 9884, 226 9884,,UT,168,16437,0
2022-04-07T17:26:08.858Z,53e95a9bd017978eff213d6db47d3a1a402f9eeaaf95a2f4d678a0a2fae50158,Org1MSP,Func7,"[62"",""100"",""1509"",""100""]""",Org1MSP Org2MSP ,VALID, 1509 62, 1509 62,,UT,168,16452,0
2022-04-07T17:26:08.859Z,901268ab7dc4e390233c62c25714c702c69641744c66540cda40ba3893cbf19b,Org1MSP,Func1,"[65"",""432""]""",Org1MSP Org2MSP ,VALID, 432 65,,,RT,168,16472,0
2022-04-07T17:26:08.860Z,45614f71209dce8b6be50321d2cf9a690dcdaf4b1f5ec28c565e443a4111e91e,Org1MSP,Func1,"[1939"",""7""]""",Org1MSP Org2MSP ,VALID, 1939 7,,,RT,168,16444,0
2022-04-07T17:26:08.862Z,cc0d52d174c151ebb136f06a8e9a1172bf9f57088d731114dd6c3102dfa78fc7,Org1MSP,Func7,"[7762"",""100"",""2996"",""100""]""",Org1MSP Org2MSP ,VALID, 2996 7762, 2996 7762,,UT,168,16492,0
2022-04-07T17:26:08.864Z,5031cc0f9fcc982be5882af4e77e9333a11c1e309b4d8a8c9981a67caec3be31,Org1MSP,Func7,"[49"",""100"",""89"",""100""]""",Org1MSP Org2MSP ,VALID, 49 89, 49 89,,UT,168,16450,0
2022-04-07T17:26:08.864Z,7aa8f4d32a0c543d31d03d538b49e3722b5da7df56544b9c9f53f0961754b713,Org1MSP,Func4,"[14187"",""1418700"",""10047"",""1004700""]""",Org1MSP Org2MSP ,VALID,, 10047 14187,,WT,168,16466,0
2022-04-07T17:26:08.866Z,1b5abdc46d95b19a7c437def3e4b0c555f94eca2cabf83b01a74d8de9cd1b83a,Org1MSP,Func4,"[10063"",""1006300"",""10000"",""1000000""]""",Org1MSP Org2MSP ,VALID,, 10000 10063,,WT,168,16432,0
2022-04-07T17:26:08.866Z,203b22b07214d1c1bd2cd0ba21fd2cb069f07d5f449240c8b0ea24b7e6f16cb1,Org1MSP,Func4,"[10000"",""1000000"",""12826"",""1282600""]""",Org1MSP Org2MSP ,VALID,, 10000 12826,,WT,168,16433,0
2022-04-07T17:26:08.955Z,12a410fde97daaec3bde477119d340a09035b76917c85fe552b92a72b677ced9,Org1MSP,Func4,"[10017"",""1001700"",""10015"",""1001500""]""",Org1MSP Org2MSP ,VALID,, 10015 10017,,WT,168,16425,0
2022-04-07T17:26:08.957Z,8bb8e9fed316865107fd54468074e70a16f40ae23567bc92b5e3db0fd592fa8d,Org1MSP,Func4,"[10003"",""1000300"",""10002"",""1000200""]""",Org1MSP Org2MSP ,VALID,, 10002 10003,,WT,168,16471,0
2022-04-07T17:26:08.959Z,45cd6d656c3743a41d35f595937964a66e5f950c84b64d5fe8c8ab8c2ea1bd73,Org1MSP,Func4,"[11813"",""1181300"",""10013"",""1001300""]""",Org1MSP Org2MSP ,VALID,, 10013 11813,,WT,168,16445,0
2022-04-07T17:26:08.959Z,79b30e3de1131522b0d990d7d6c5ce02ed8a39d57bc24219a0b7a1d84fc1732c,Org1MSP,Func4,"[10000"",""1000000"",""10117"",""1011700""]""",Org1MSP Org2MSP ,VALID,, 10000 10117,,WT,168,16464,0
2022-04-07T17:26:08.960Z,d043ad9ae888d2d2a7569d9a33f6424f221991f5d69afdad582d5af6cc6532ba,Org1MSP,Func4,"[10665"",""1066500"",""10053"",""1005300""]""",Org1MSP Org2MSP ,VALID,, 10053 10665,,WT,168,16493,0
2022-04-07T17:26:08.962Z,088193ae882baa009a32668822da518b1ac465e67eb03c1ad7861d0261c81c4c,Org1MSP,Func1,"[204"",""34""]""",Org1MSP Org2MSP ,VALID, 204 34,,,RT,168,16420,0
2022-04-07T17:26:08.963Z,7aa0c69a1370b6ff15c3555a999d4cace90450fefddff25e7b708e6485978168,Org1MSP,Func4,"[12608"",""1260800"",""10094"",""1009400""]""",Org1MSP Org2MSP ,VALID,, 10094 12608,,WT,168,16465,0
2022-04-07T17:26:08.965Z,a8a512f492417106e21a7b9b0f54e08c754d8008175c758c85599a532d806c2f,Org1MSP,Func7,"[34"",""100"",""830"",""100""]""",Org1MSP Org2MSP ,VALID, 34 830, 34 830,,UT,168,16509,0
2022-04-07T17:26:08.966Z,70161b84db2c8efc4e958560c3a18bb7a5c279b9898ee6739574753e98fae43a,Org1MSP,Func4,"[10418"",""1041800"",""10010"",""1001000""]""",Org1MSP Org2MSP ,VALID,, 10010 10418,,WT,168,16460,0
2022-04-07T17:26:08.966Z,ea236cd7bf132e4ee6d8053b9427505e89da0a87a17ed413530f85725ae61bd4,Org1MSP,Func4,"[13781"",""1378100"",""10096"",""1009600""]""",Org1MSP Org2MSP ,VALID,, 10096 13781,,WT,168,16500,0
2022-04-07T17:26:09.055Z,7573a204e1301346ec793e581e0f34085f9e580ee37d44ae91f32767ac1faeb8,Org1MSP,Func1,"[2247"",""141""]""",Org1MSP Org2MSP ,VALID, 141 2247,,,RT,168,16462,0
2022-04-07T17:26:09.056Z,fbff390f71dece41733bdada1db101d942dcebcedf67947e68cbf35182555064,Org1MSP,Func4,"[10063"",""1006300"",""10160"",""1016000""]""",Org1MSP Org2MSP ,VALID,, 10063 10160,,WT,168,16507,0
2022-04-07T17:26:09.059Z,ed7c3e755f7656d4f6049606a8243df42d028038c2945d34d1853f0aa52a2a13,Org1MSP,Func4,"[10777"",""1077700"",""10020"",""1002000""]""",Org1MSP Org2MSP ,VALID,, 10020 10777,,WT,168,16502,0
2022-04-07T17:26:09.059Z,fff8a16e8b74af93dc1bcae205b14ea45455a30ce77b299e0e2b5192faee9cde,Org1MSP,Func7,"[219"",""100"",""109"",""100""]""",Org1MSP Org2MSP ,VALID, 109 219, 109 219,,UT,168,16508,0
2022-04-07T17:26:09.061Z,d1c9fb15425c077aaa5c842309ad58be0936b75d75d5e03ffe3b71d94bbb0b09,Org1MSP,Func4,"[10776"",""1077600"",""10014"",""1001400""]""",Org1MSP Org2MSP ,VALID,, 10014 10776,,WT,168,16494,0
2022-04-07T17:26:09.062Z,b013e8c83d9709c97a1191790b16c617029446a39f7973785d5284ec644fa34c,Org1MSP,Func7,"[17"",""100"",""459"",""100""]""",Org1MSP Org2MSP ,VALID, 17 459, 17 459,,UT,168,16481,0
2022-04-07T17:26:09.064Z,03a8436d71a22613b8a57e0030bea1b45430108f53669fd50af914c36c4feb32,Org1MSP,Func1,"[276"",""2""]""",Org1MSP Org2MSP ,VALID, 2 276,,,RT,168,16418,0
2022-04-07T17:26:09.064Z,b20ade0929051dae3aa69bc215d34419157d5e33f51af1aca65e2234c962ed6d,Org1MSP,Func4,"[11909"",""1190900"",""19150"",""1915000""]""",Org1MSP Org2MSP ,VALID,, 11909 19150,,WT,168,16483,0
2022-04-07T17:26:09.064Z,e3da0b4093311bff12b0d49e154803eea37ddbaccf6d932e30975126f512cd8d,Org1MSP,Func4,"[10000"",""1000000"",""10067"",""1006700""]""",Org1MSP Org2MSP ,VALID,, 10000 10067,,WT,168,16499,0
2022-04-07T17:26:09.069Z,0db91ba8719aa17eb900286cb28747b5b3794e66d386ba2456076ea37336760a,Org1MSP,Func4,"[11713"",""1171300"",""10000"",""1000000""]""",Org1MSP Org2MSP ,VALID,, 10000 11713,,WT,168,16423,0
2022-04-07T17:26:09.155Z,d64ea068219085941a1b43c80214ebd789fd3ecf29d89c15e07d5df49c3b58c7,Org1MSP,Func4,"[10072"",""1007200"",""14438"",""1443800""]""",Org1MSP Org2MSP ,VALID,, 10072 14438,,WT,169,16553,0
2022-04-07T17:26:09.158Z,5cff1a3c9da2263fb2df550de2db63668de8ba65f5a7254e71686295fab3d0b6,Org1MSP,Func4,"[16037"",""1603700"",""10007"",""1000700""]""",Org1MSP Org2MSP ,VALID,, 10007 16037,,WT,169,16527,0
2022-04-07T17:26:09.159Z,59817dce502426b26bc5bae4067e101d347c615309eba9585b92acc220de7dc6,Org1MSP,Func1,"[464"",""1841""]""",Org1MSP Org2MSP ,VALID, 1841 464,,,RT,169,16525,0
2022-04-07T17:26:09.160Z,b2a286d187c7fe20167234cd7d5ad727aa245afd6e67e37b233c3971842047ad,Org1MSP,Func4,"[10153"",""1015300"",""11761"",""1176100""]""",Org1MSP Org2MSP ,VALID,, 10153 11761,,WT,169,16541,0
2022-04-07T17:26:09.162Z,138e554028bfc923377cf7f67559a98f1a2eab523b8d2cf1bf1179a4e22675a2,Org1MSP,Func4,"[15395"",""1539500"",""10000"",""1000000""]""",Org1MSP Org2MSP ,VALID,, 10000 15395,,WT,169,16515,0
2022-04-07T17:26:09.162Z,691fcfb0a120fafaf129adafe1b81a227ba8ca7cda5468244c055b58b02782db,Org1MSP,Func7,"[64"",""100"",""1402"",""100""]""",Org1MSP Org2MSP ,VALID, 1402 64, 1402 64,,UT,169,16530,0
2022-04-07T17:26:09.162Z,c0f03fc2ef38975fc14da94ce04620a3bb9ba072e4af4a448d7a0bfd2c560298,Org1MSP,Func1,"[21"",""113""]""",Org1MSP Org2MSP ,VALID, 113 21,,,RT,169,16546,0
2022-04-07T17:26:09.163Z,f0a230f90249dea380bd76f628d5b4be73142396088d22d1f2832e35ade957bd,Org1MSP,Func4,"[10211"",""1021100"",""10000"",""1000000""]""",Org1MSP Org2MSP ,VALID,, 10000 10211,,WT,169,16558,0
2022-04-07T17:26:09.165Z,cc94268bc28f035f717334cad265a0b9682523b941446beb82a8a0fa3ef9927e,Org1MSP,Func1,"[26"",""2235""]""",Org1MSP Org2MSP ,VALID, 2235 26,,,RT,169,16550,0
2022-04-07T17:26:09.166Z,b42a4c06d6a187b9183d4865dd99009526e626c5c6789a3370321f886dd35a32,Org1MSP,Func4,"[10368"",""1036800"",""18143"",""1814300""]""",Org1MSP Org2MSP ,VALID,, 10368 18143,,WT,169,16543,0
2022-04-07T17:26:09.255Z,3a6ac5982aa5d561c01714ac345ca89dc2a99bdd445e69c6b4247973c0195696,Org1MSP,Func4,"[10000"",""1000000"",""10014"",""1001400""]""",Org1MSP Org2MSP ,VALID,, 10000 10014,,WT,169,16519,0
2022-04-07T17:26:09.258Z,b45c066025565e80b3ebd66133f1aae7b846b02b4a385900cddc764cff2f7909,Org1MSP,Func1,"[1387"",""1""]""",Org1MSP Org2MSP ,VALID, 1 1387,,,RT,169,16544,0
2022-04-07T17:26:09.259Z,fb617035823af41f9274fdecd8b68b19d2cc1c418c38db85a0d672185dc2c313,Org1MSP,Func1,"[4059"",""5""]""",Org1MSP Org2MSP ,VALID, 4059 5,,,RT,169,16560,0
2022-04-07T17:26:09.261Z,3a6876f9df93d1551d34af0e5176978718986f925be6c8db036fe1dc3622683f,Org1MSP,Func1,"[9"",""2""]""",Org1MSP Org2MSP ,VALID, 2 9,,,RT,169,16518,0
2022-04-07T17:26:09.262Z,95fedfd36fa544dad2ba4a180a6bdbd5f4a79f62ee9e502f78cf204e82c9b7e6,Org1MSP,Func4,"[10492"",""1049200"",""10000"",""1000000""]""",Org1MSP Org2MSP ,VALID,, 10000 10492,,WT,169,16536,0
2022-04-07T17:26:09.263Z,6a2705b9bfd1eeac31e66fbea45af9bf122052084fd8806b52788c85d6b7f0fc,Org1MSP,Func4,"[10004"",""1000400"",""10000"",""1000000""]""",Org1MSP Org2MSP ,VALID,, 10000 10004,,WT,169,16531,0
2022-04-07T17:26:09.263Z,a35a073745d93d0610be1acf0259089f0b5336ba34a2d54dfb4c3edd81810a4e,Org1MSP,Func4,"[10824"",""1082400"",""17209"",""1720900""]""",Org1MSP Org2MSP ,VALID,, 10824 17209,,WT,169,16539,0
2022-04-07T17:26:09.264Z,9ae6331785a675e59bed4209014923cd6e0d848f5597e4997c321051295947bf,Org1MSP,Func4,"[10052"",""1005200"",""18476"",""1847600""]""",Org1MSP Org2MSP ,VALID,, 10052 18476,,WT,169,16537,0
2022-04-07T17:26:09.267Z,93c0827c751b7901f7950922a0f2b26ee73f7e03d66dde81109132345ffce881,Org1MSP,Func4,"[10041"",""1004100"",""10648"",""1064800""]""",Org1MSP Org2MSP ,VALID,, 10041 10648,,WT,169,16535,0
2022-04-07T17:26:09.354Z,7a8a57aa941a3a73e9f43f9e4c6f2a87749487094652ce9efb37c48527ec7fd4,Org1MSP,Func4,"[10000"",""1000000"",""10001"",""1000100""]""",Org1MSP Org2MSP ,VALID,, 10000 10001,,WT,169,16532,0
2022-04-07T17:26:09.359Z,106f2b323cefdae7a2bb1ad4764e4f14c8b3b276212fbd801d27b8e346586d0b,Org1MSP,Func4,"[14255"",""1425500"",""10000"",""1000000""]""",Org1MSP Org2MSP ,VALID,, 10000 14255,,WT,169,16513,0
2022-04-07T17:26:09.360Z,4dd7ed59500f55ce248f47904e4fd940ee34a26928e289ae2c787c81e5aaf438,Org1MSP,Func4,"[10065"",""1006500"",""11384"",""1138400""]""",Org1MSP Org2MSP ,VALID,, 10065 11384,,WT,169,16522,0
2022-04-07T17:26:09.360Z,c5441945cdab8e2bb6e52a4aa7837595ac32c9a7e9def4a279ca80593ddc6483,Org1MSP,Func4,"[10222"",""1022200"",""10002"",""1000200""]""",Org1MSP Org2MSP ,VALID,, 10002 10222,,WT,169,16548,0
2022-04-07T17:26:09.360Z,c7f7384f58f7db90a12417d5203039e112bf89a268b60e737ff192f6626820d7,Org1MSP,Func1,"[8218"",""1791""]""",Org1MSP Org2MSP ,VALID, 1791 8218,,,RT,169,16549,0
2022-04-07T17:26:09.361Z,9371724be93f287d08b6114db7947021b6057423dd18af1ce205ff6f411ece98,Org1MSP,Func4,"[10002"",""1000200"",""10322"",""1032200""]""",Org1MSP Org2MSP ,VALID,, 10002 10322,,WT,169,16534,0
2022-04-07T17:26:09.362Z,f09c17f48b363d8024bb9734815d88aca18acc707d7919a9ac49527025927b87,Org1MSP,Func4,"[10536"",""1053600"",""10354"",""1035400""]""",Org1MSP Org2MSP ,VALID,, 10354 10536,,WT,169,16557,0
2022-04-07T17:26:09.363Z,4f9ce1197a14469b59669203148abb16c2c057de89f527458dd5c25c6555c12f,Org1MSP,Func1,"[163"",""1""]""",Org1MSP Org2MSP ,VALID, 1 163,,,RT,169,16523,0
2022-04-07T17:26:09.364Z,de6dcf3f913e58bc0b146e730cd5593d11a07c5d4ba970527cb72a8089ddbb93,Org1MSP,Func4,"[10000"",""1000000"",""10222"",""1022200""]""",Org1MSP Org2MSP ,VALID,, 10000 10222,,WT,169,16555,0
2022-04-07T17:26:09.368Z,cf5f4a20b09be351a614f8244055bf89098f43d9e2737f5ba4ad8f0b388e7831,Org1MSP,Func1,"[2044"",""44""]""",Org1MSP Org2MSP ,VALID, 2044 44,,,RT,169,16551,0
2022-04-07T17:26:09.455Z,4c88eb60744b8fd3e95d8f5b95f7cbbeb65ec6343d874825c2572e1f0d178df8,Org1MSP,Func4,"[10001"",""1000100"",""10277"",""1027700""]""",Org1MSP Org2MSP ,VALID,, 10001 10277,,WT,169,16521,0
2022-04-07T17:26:09.457Z,2114545a21d6a149894f568c6cba4d37c003298ae2ffdae7b715e358caffc385,Org1MSP,Func4,"[18715"",""1871500"",""10001"",""1000100""]""",Org1MSP Org2MSP ,VALID,, 10001 18715,,WT,169,16516,0
2022-04-07T17:26:09.460Z,559cc8a51d51d86fb3b6549c0eab313d8a4be8e5f7a78638ae767adb7e122064,Org1MSP,Func7,"[229"",""100"",""6"",""100""]""",Org1MSP Org2MSP ,VALID, 229 6, 229 6,,UT,169,16524,0
2022-04-07T17:26:09.460Z,5cca4b1d93b9cf365d7ec9520364583d78387da1f1941f7fa61bcc6a88cf159d,Org1MSP,Func4,"[12617"",""1261700"",""12768"",""1276800""]""",Org1MSP Org2MSP ,VALID,, 12617 12768,,WT,169,16526,0
2022-04-07T17:26:09.461Z,a175a66c7f8b42ca3cc9f7da86450943016d8646054b8e7963ea9918b482106b,Org1MSP,Func4,"[10071"",""1007100"",""10003"",""1000300""]""",Org1MSP Org2MSP ,VALID,, 10003 10071,,WT,169,16538,0
2022-04-07T17:26:09.461Z,e875a2e68e7077e88644b4fff2548a29d5749edd040ad9108d8bd53029c69d77,Org1MSP,Func4,"[10000"",""1000000"",""10491"",""1049100""]""",Org1MSP Org2MSP ,VALID,, 10000 10491,,WT,169,16556,0
2022-04-07T17:26:09.462Z,4079ca667324055b54c792981199dbacc8546ee16a4b7761ad19f2db45a82d03,Org1MSP,Func4,"[16792"",""1679200"",""10508"",""1050800""]""",Org1MSP Org2MSP ,VALID,, 10508 16792,,WT,169,16520,0
2022-04-07T17:26:09.464Z,388e2feab9e3cebd628cf18efd396017e25e40d0753369f8be72970de3282e4c,Org1MSP,Func4,"[12941"",""1294100"",""10000"",""1000000""]""",Org1MSP Org2MSP ,VALID,, 10000 12941,,WT,169,16517,0
2022-04-07T17:26:09.464Z,5e04f93be0454b38a4d56f71a25dfbce756c2a6030d2d59cd5c6738ed32bdec9,Org1MSP,Func4,"[10042"",""1004200"",""10006"",""1000600""]""",Org1MSP Org2MSP ,VALID,, 10006 10042,,WT,169,16528,0
2022-04-07T17:26:09.467Z,d4bb984e806cbe0479207474df64a309efa56c93ca36ac3896ccffdea3da5477,Org1MSP,Func1,"[46"",""63""]""",Org1MSP Org2MSP ,VALID, 46 63,,,RT,169,16552,0
2022-04-07T17:26:09.555Z,130f5a2953ad2763b762dcd1eb168dbf74bb629150341af1f4f8f2fb80ff1f49,Org1MSP,Func4,"[19215"",""1921500"",""10001"",""1000100""]""",Org1MSP Org2MSP ,VALID,, 10001 19215,,WT,169,16514,0
2022-04-07T17:26:09.559Z,67db5e27d4e8b045ce8e429506e54b1fe23364210c09c050e8819305c88d76bb,Org1MSP,Func4,"[11215"",""1121500"",""10548"",""1054800""]""",Org1MSP Org2MSP ,VALID,, 10548 11215,,WT,169,16529,0
2022-04-07T17:26:09.559Z,82657ce92507a5fc6e80382759f60bbd34ae837bf487232c1adac40ccb3e9048,Org1MSP,Func7,"[94"",""100"",""8"",""100""]""",Org1MSP Org2MSP ,VALID, 8 94, 8 94,,UT,169,16533,0
2022-04-07T17:26:09.559Z,b25a537ea03e3d1d1ef56821611de2756208383c85e3bbea89862e5f0d7139d2,Org1MSP,Func4,"[10081"",""1008100"",""10004"",""1000400""]""",Org1MSP Org2MSP ,VALID,, 10004 10081,,WT,169,16540,0
2022-04-07T17:26:09.561Z,d7de443e1d82149bf18414141f2f4ef4c96467a84d3e018c2307cd9a8e5f2bb7,Org1MSP,Func1,"[1188"",""103""]""",Org1MSP Org2MSP ,VALID, 103 1188,,,RT,169,16554,0
2022-04-07T17:26:09.563Z,b3f40a0e54a2446c51c018ed92234dd889aaddd380712e330be0fb98beda5cb1,Org1MSP,Func4,"[10297"",""1029700"",""10239"",""1023900""]""",Org1MSP Org2MSP ,VALID,, 10239 10297,,WT,169,16542,0
2022-04-07T17:26:09.563Z,be90ebfae470d6122216ec2d5d49a1c22ebaba62ba81aaff01ad3873e5ed1fb9,Org1MSP,Func4,"[10004"",""1000400"",""15451"",""1545100""]""",Org1MSP Org2MSP ,VALID,, 10004 15451,,WT,169,16545,0
2022-04-07T17:26:09.564Z,c435d55e9b94a33b7cfdd6a2bd873508e36972fdecd50e50c13010072b5b34e3,Org1MSP,Func4,"[14220"",""1422000"",""10000"",""1000000""]""",Org1MSP Org2MSP ,VALID,, 10000 14220,,WT,169,16547,0
2022-04-07T17:26:09.568Z,f35a347367b56942f8156d0f30b9a8df84fdc9ea7d3b32958a26cf99f5ca9b9f,Org1MSP,Func4,"[10012"",""1001200"",""11720"",""1172000""]""",Org1MSP Org2MSP ,VALID,, 10012 11720,,WT,169,16559,0
2022-04-07T17:26:09.655Z,95d9e655d4e4525e4578b62754a8033349b2cfb89b92284cb27bfda49d85456d,Org1MSP,Func4,"[10019"",""1001900"",""10025"",""1002500""]""",Org1MSP Org2MSP ,VALID,, 10019 10025,,WT,170,16643,0
2022-04-07T17:26:09.658Z,21b5892aa93646d4700f43f5fb209338f291e5f60e536df4dff50ca0ff753064,Org1MSP,Func4,"[10000"",""1000000"",""10020"",""1002000""]""",Org1MSP Org2MSP ,VALID,, 10000 10020,,WT,170,16577,0
2022-04-07T17:26:09.658Z,e73d45a8d2b1fcbc6be2506de319452ff084ca67120bde5e08f673310b272ce6,Org1MSP,Func4,"[11653"",""1165300"",""10086"",""1008600""]""",Org1MSP Org2MSP ,VALID,, 10086 11653,,WT,170,16699,0
2022-04-07T17:26:09.659Z,f37c6a515ada3c2ea72d71bdef5e4085c35952fbc1135592c74333997af7c6a7,Org1MSP,Func4,"[11936"",""1193600"",""15957"",""1595700""]""",Org1MSP Org2MSP ,VALID,, 11936 15957,,WT,170,16707,0
2022-04-07T17:26:09.660Z,3fb824d6156b10bd0b440716137e00b578fe7dc7204d5dd64f8c63ba926f8456,Org1MSP,Func4,"[10671"",""1067100"",""10261"",""1026100""]""",Org1MSP Org2MSP ,VALID,, 10261 10671,,WT,170,16593,0
2022-04-07T17:26:09.661Z,8697fbfe6cae0c473934721ebdc29015faf5cb7b612adf34a8d8441b6cee884e,Org1MSP,Func1,"[1016"",""8""]""",Org1MSP Org2MSP ,VALID, 1016 8,,,RT,170,16631,0
2022-04-07T17:26:09.662Z,8fb4fb86a5ae6b0430bc78ed7a47b68a99b72b87ddd8fe301a8078cbe482fdda,Org1MSP,Func4,"[10358"",""1035800"",""10246"",""1024600""]""",Org1MSP Org2MSP ,VALID,, 10246 10358,,WT,170,16640,0
2022-04-07T17:26:09.664Z,288a8c3e6ebd7d1c1351c088d8c9b29b59b1e58abd86f05d41e3b92bb5f2efab,Org1MSP,Func1,"[46"",""1300""]""",Org1MSP Org2MSP ,VALID, 1300 46,,,RT,170,16582,0
2022-04-07T17:26:09.664Z,c0741f20c1e0b2c66d70adf42196f334fa9cf18ad97b17e9f494e442c38df723,Org1MSP,Func4,"[10225"",""1022500"",""10006"",""1000600""]""",Org1MSP Org2MSP ,VALID,, 10006 10225,,WT,170,16669,0
2022-04-07T17:26:09.669Z,94c38c07de8ab24e96471840d9624c2c36d33ba4effacbfe09549456f6698e4b,Org1MSP,Func4,"[10912"",""1091200"",""12307"",""1230700""]""",Org1MSP Org2MSP ,VALID,, 10912 12307,,WT,170,16642,0
2022-04-07T17:26:09.755Z,f3bbcef51dde3215935851552e15aa0de7102fac83afb1df536f8a359b3d9f0c,Org1MSP,Func1,"[1"",""20""]""",Org1MSP Org2MSP ,VALID, 1 20,,,RT,170,16708,0
2022-04-07T17:26:09.756Z,742fd7b06b41430501a5e55c39f5308470363a0ba585dc73e5538cbe270fb268,Org1MSP,Func4,"[10001"",""1000100"",""11329"",""1132900""]""",Org1MSP Org2MSP ,VALID,, 10001 11329,,WT,170,16619,0
2022-04-07T17:26:09.759Z,2e0da3daad87e5881e2b38e39ad312af3499954fdf63e8832f589c35fc627a19,Org1MSP,Func7,"[593"",""100"",""1661"",""100""]""",Org1MSP Org2MSP ,VALID, 1661 593, 1661 593,,UT,170,16585,0
2022-04-07T17:26:09.759Z,9751a775feb0714241ef6f08e8e54e0393f4ff5fd52199651fbc15753f5a831b,Org1MSP,Func4,"[18593"",""1859300"",""19299"",""1929900""]""",Org1MSP Org2MSP ,VALID,, 18593 19299,,WT,170,16646,0
2022-04-07T17:26:09.760Z,2b8e5e8f6fbab5e0d9e412b78acb91bf98fcfd5997a39ce4269d2d8366879ae3,Org1MSP,Func4,"[11366"",""1136600"",""10166"",""1016600""]""",Org1MSP Org2MSP ,VALID,, 10166 11366,,WT,170,16583,0
2022-04-07T17:26:09.761Z,d54d6d15c6300856b2f4564dd77088aed7b44dfa431de2cd7b9130de0a67e670,Org1MSP,Func4,"[14314"",""1431400"",""10023"",""1002300""]""",Org1MSP Org2MSP ,VALID,, 10023 14314,,WT,170,16680,0
2022-04-07T17:26:09.763Z,320605fd91304ddea4628c5c68ddefab16f38d330a17722ef7cd9cf5d4524532,Org1MSP,Func4,"[10004"",""1000400"",""11297"",""1129700""]""",Org1MSP Org2MSP ,VALID,, 10004 11297,,WT,170,16586,0
2022-04-07T17:26:09.763Z,e454ce9778f59886de6bc79cbefcb9b3ba03114d936dc92c9202e64033f72477,Org1MSP,Func4,"[10002"",""1000200"",""10008"",""1000800""]""",Org1MSP Org2MSP ,VALID,, 10002 10008,,WT,170,16695,0
2022-04-07T17:26:09.766Z,81e0876cc83827832f0d1c5804aa7305e952a1bee411741953560592065b8271,Org1MSP,Func4,"[10006"",""1000600"",""10002"",""1000200""]""",Org1MSP Org2MSP ,VALID,, 10002 10006,,WT,170,16628,0
2022-04-07T17:26:09.855Z,98c53c2f57e0a0193802d345dc02bfd3af3601e8556e79142624e4c202638d67,Org1MSP,Func4,"[10000"",""1000000"",""11437"",""1143700""]""",Org1MSP Org2MSP ,VALID,, 10000 11437,,WT,170,16648,0
2022-04-07T17:26:09.857Z,fca7efa3d8289def608f8ed9080d97cdcd88ff8a758ee85af6bf52cb44a3ecd6,Org1MSP,Func1,"[8"",""35""]""",Org1MSP Org2MSP ,VALID, 35 8,,,RT,170,16715,0
2022-04-07T17:26:09.859Z,3bcc24368d8d806a0cad7b9d48914e885679ad86337e161f3e4ae0bc301f1297,Org1MSP,Func4,"[10391"",""1039100"",""10000"",""1000000""]""",Org1MSP Org2MSP ,VALID,, 10000 10391,,WT,170,16591,0
2022-04-07T17:26:09.862Z,2ca50e4352d760aed55f031e074b61f109ff8f4303529580c8e17b57f4f33833,Org1MSP,Func4,"[10006"",""1000600"",""10008"",""1000800""]""",Org1MSP Org2MSP ,VALID,, 10006 10008,,WT,170,16584,0
2022-04-07T17:26:09.862Z,b0b9018bf5daec87e856369ec70f0929513febb9d2501c29c806c6e5bd9a6715,Org1MSP,Func4,"[10005"",""1000500"",""12165"",""1216500""]""",Org1MSP Org2MSP ,VALID,, 10005 12165,,WT,170,16657,0
2022-04-07T17:26:09.862Z,b2b1fe42dae33a7ec287f0abfee5103b2918dd41d5600f753d69e568173dcd24,Org1MSP,Func4,"[10038"",""1003800"",""10007"",""1000700""]""",Org1MSP Org2MSP ,VALID,, 10007 10038,,WT,170,16659,0
2022-04-07T17:26:09.863Z,9cb6a7c73cc6244f922c1586928ec2695e33b53e36b13ca411ad5825f1ac013b,Org1MSP,Func1,"[1"",""7""]""",Org1MSP Org2MSP ,VALID, 1 7,,,RT,170,16650,0
2022-04-07T17:26:09.864Z,f768b65752237cc9efd7ef487c09a86a38bada795781aef5e58fcea77a254760,Org1MSP,Func4,"[16257"",""1625700"",""10086"",""1008600""]""",Org1MSP Org2MSP ,VALID,, 10086 16257,,WT,170,16710,0
2022-04-07T17:26:09.866Z,1bdd505fe307695fe5e12370b6483326958034f3baa6001a397cfff38641404f,Org1MSP,Func4,"[10394"",""1039400"",""12189"",""1218900""]""",Org1MSP Org2MSP ,VALID,, 10394 12189,,WT,170,16572,0
2022-04-07T17:26:09.956Z,72266d719a3860158738b8d18e0d82441b1badbf23e387988fe9ccd83f73980b,Org1MSP,Func4,"[10131"",""1013100"",""10214"",""1021400""]""",Org1MSP Org2MSP ,VALID,, 10131 10214,,WT,170,16617,0
2022-04-07T17:26:09.958Z,ef4c7b287fbd1ccf9c2ad86218ec314a5fc8867a1df83fcee4d0b98272025921,Org1MSP,Func1,"[1937"",""161""]""",Org1MSP Org2MSP ,VALID, 161 1937,,,RT,170,16702,0
2022-04-07T17:26:09.959Z,03103090a9a3b5a2dc771e45e62ca58aef66efa0cbf02b140d4c514cb2f70691,Org1MSP,Func4,"[10101"",""1010100"",""10013"",""1001300""]""",Org1MSP Org2MSP ,VALID,, 10013 10101,,WT,170,16562,0
2022-04-07T17:26:09.960Z,3ff4844886d2534d2a20c4b34e09bd2a2ff2f178b2d00f7816519b4aedf1fb57,Org1MSP,Func4,"[10011"",""1001100"",""10001"",""1000100""]""",Org1MSP Org2MSP ,VALID,, 10001 10011,,WT,170,16594,0
2022-04-07T17:26:09.961Z,aaa5f3aee32b5c2d155b6125b3024158bee713b7c55c45d4b8c992388dc0d3c7,Org1MSP,Func4,"[10005"",""1000500"",""10726"",""1072600""]""",Org1MSP Org2MSP ,VALID,, 10005 10726,,WT,170,16654,0
2022-04-07T17:26:09.962Z,211cb2081f88dfb80c139206d70cfb91213f29d8bdb854f4462ab0ce51a66335,Org1MSP,Func4,"[13070"",""1307000"",""15193"",""1519300""]""",Org1MSP Org2MSP ,VALID,, 13070 15193,,WT,170,16576,0
2022-04-07T17:26:09.963Z,dfae7c8fd900e872c932ee0c5e234f4a90a72d625da1a20163c5e7a908fb7617,Org1MSP,Func1,"[1"",""624""]""",Org1MSP Org2MSP ,VALID, 1 624,,,RT,170,16689,0
2022-04-07T17:26:09.964Z,9626f333b1ec52d3ff65793756a20d44cdf7a7d4ff8b990662692dca9ee0a9ef,Org1MSP,Func4,"[10001"",""1000100"",""14851"",""1485100""]""",Org1MSP Org2MSP ,VALID,, 10001 14851,,WT,170,16644,0
2022-04-07T17:26:09.965Z,6b2ac07c738a85bb32211e9fd01909268f666003652d229f3f78133ab4ba91b0,Org1MSP,Func1,"[1"",""12""]""",Org1MSP Org2MSP ,VALID, 1 12,,,RT,170,16615,0
2022-04-07T17:26:09.966Z,339257571e49e83240c3c7e63d7ce86f0d0393323f480d395650d9f2b96057d3,Org1MSP,Func4,"[12983"",""1298300"",""12557"",""1255700""]""",Org1MSP Org2MSP ,VALID,, 12557 12983,,WT,170,16587,0
2022-04-07T17:26:10.055Z,62c167cf120fc84c52244eb3574e08304d452a7f78e02abf7028741a62342431,Org1MSP,Func4,"[10365"",""1036500"",""10027"",""1002700""]""",Org1MSP Org2MSP ,VALID,, 10027 10365,,WT,170,16612,0
2022-04-07T17:26:10.057Z,f101754065b85997247effaba70e4247a4e2344db08be62f0f6c4f364b03cc0d,Org1MSP,Func4,"[10007"",""1000700"",""10001"",""1000100""]""",Org1MSP Org2MSP ,VALID,, 10001 10007,,WT,170,16704,0
2022-04-07T17:26:10.059Z,b8c974fa6d507b678fa25f9dd72c92c9239ee1662b7dd26f4af0bf70103ce469,Org1MSP,Func4,"[10696"",""1069600"",""10084"",""1008400""]""",Org1MSP Org2MSP ,VALID,, 10084 10696,,WT,170,16663,0
2022-04-07T17:26:10.059Z,db6b4e98bdea0618e9d055ecb5ae48d36d96ba41d69a2b5360a922e67ef468b7,Org1MSP,Func1,"[11"",""94""]""",Org1MSP Org2MSP ,VALID, 11 94,,,RT,170,16686,0
2022-04-07T17:26:10.060Z,900504fc0f72fb296887669f7102720171602a38546aa764f1f4e0169532e7bf,Org1MSP,Func4,"[10315"",""1031500"",""10421"",""1042100""]""",Org1MSP Org2MSP ,VALID,, 10315 10421,,WT,170,16641,0
2022-04-07T17:26:10.062Z,9b88ea7b370617f21024d875efabe3cbd9fcd3f018b0f48d771389aa6a204ba3,Org1MSP,Func1,"[24"",""8""]""",Org1MSP Org2MSP ,VALID, 24 8,,,RT,170,16649,0
2022-04-07T17:26:10.062Z,d9204f1435bf63622b707a6f9c7de6061970041abced4a00e0512a4f611d2037,Org1MSP,Func4,"[17538"",""1753800"",""10006"",""1000600""]""",Org1MSP Org2MSP ,VALID,, 10006 17538,,WT,170,16684,0
2022-04-07T17:26:10.063Z,e69b6e6c8ab7c45e14905498439ab5625c59e0060cc64ae82881792f67ae4025,Org1MSP,Func1,"[690"",""4617""]""",Org1MSP Org2MSP ,VALID, 4617 690,,,RT,170,16698,0
2022-04-07T17:26:10.064Z,60568a5a265ed43e01c9985f5253e7ea84406f00dececb0bfd569932efed9d88,Org1MSP,Func4,"[11659"",""1165900"",""10009"",""1000900""]""",Org1MSP Org2MSP ,VALID,, 10009 11659,,WT,170,16608,0
2022-04-07T17:26:10.066Z,97b62ea12fa925a886100492ce0c5521bb4d274f693c95095c84c6e61f2d2fe5,Org1MSP,Func7,"[4444"",""100"",""4295"",""100""]""",Org1MSP Org2MSP ,VALID, 4295 4444, 4295 4444,,UT,170,16647,0
2022-04-07T17:26:10.155Z,eb8192e09d2184644cff2bc92c3818e5edb20cb154da6a35708c89d8dd3f7d0d,Org1MSP,Func4,"[16317"",""1631700"",""10280"",""1028000""]""",Org1MSP Org2MSP ,VALID,, 10280 16317,,WT,170,16700,0
2022-04-07T17:26:10.157Z,c1ec98217b8cdbe227b685ec943647fd7bbd881cf726aff403def94bb2b3d77a,Org1MSP,Func4,"[10028"",""1002800"",""10116"",""1011600""]""",Org1MSP Org2MSP ,VALID,, 10028 10116,,WT,170,16671,0
2022-04-07T17:26:10.159Z,15753f023a80addb78fb8bd1fa428baff5890603175b36664437b88df52d0355,Org1MSP,Func4,"[10014"",""1001400"",""10054"",""1005400""]""",Org1MSP Org2MSP ,VALID,, 10014 10054,,WT,170,16568,0
2022-04-07T17:26:10.159Z,ff8f399a03bd91f66acb26c7b687e966ab9d6b6f2fd1bda137239a78be79f3ad,Org1MSP,Func4,"[19072"",""1907200"",""10002"",""1000200""]""",Org1MSP Org2MSP ,VALID,, 10002 19072,,WT,170,16719,0
2022-04-07T17:26:10.160Z,dec9ac009a3076951ce1aee33871a035e4458c93b6936a23de4f62bba400c518,Org1MSP,Func4,"[11057"",""1105700"",""10113"",""1011300""]""",Org1MSP Org2MSP ,VALID,, 10113 11057,,WT,170,16688,0
2022-04-07T17:26:10.161Z,61bc97b583a91a0cc89f9914407de2c8ea269ddf0d02058c4fb25d68f059c316,Org1MSP,Func4,"[11805"",""1180500"",""10062"",""1006200""]""",Org1MSP Org2MSP ,VALID,, 10062 11805,,WT,170,16609,0
2022-04-07T17:26:10.163Z,fb5a1f769f1ba1208f79bb40e65c7d5c616f4e9cf932cd1282d373f9af5c8b38,Org1MSP,Func4,"[10019"",""1001900"",""10486"",""1048600""]""",Org1MSP Org2MSP ,VALID,, 10019 10486,,WT,170,16713,0
2022-04-07T17:26:10.163Z,fe92c822b5c344f7b4239499766078be5540294da6ef9b6cfd4776c1a1d4baa3,Org1MSP,Func4,"[10000"",""1000000"",""10925"",""1092500""]""",Org1MSP Org2MSP ,VALID,, 10000 10925,,WT,170,16717,0
2022-04-07T17:26:10.165Z,5c758e4b6823aad77f570dd047762eae1ed138dc424e84b37a6528163ca0c321,Org1MSP,Func4,"[13500"",""1350000"",""10004"",""1000400""]""",Org1MSP Org2MSP ,VALID,, 10004 13500,,WT,170,16607,0
2022-04-07T17:26:10.167Z,7b6b8fc9f7bf9c4a3c26c973373644d8447fd75868d7de8861bddf7ebf1bbe66,Org1MSP,Func7,"[9318"",""100"",""515"",""100""]""",Org1MSP Org2MSP ,VALID, 515 9318, 515 9318,,UT,170,16624,0
2022-04-07T17:26:10.256Z,18d342ab2d9371ff8a87a54c584273e0d6667bd8a76feedb391f3eabef0e0a24,Org1MSP,Func7,"[28"",""100"",""3"",""100""]""",Org1MSP Org2MSP ,VALID, 28 3, 28 3,,UT,170,16569,0
2022-04-07T17:26:10.257Z,5b64130b1c798e1bfa110463af97ac8556eab8007a8ca34e0d0c9026a245dc99,Org1MSP,Func7,"[2111"",""100"",""2086"",""100""]""",Org1MSP Org2MSP ,VALID, 2086 2111, 2086 2111,,UT,170,16605,0
2022-04-07T17:26:10.259Z,3721cce996ba85a01eca9307830ae78652a45df9adfb5d0263edc3eebfe21ac1,Org1MSP,Func4,"[10969"",""1096900"",""10004"",""1000400""]""",Org1MSP Org2MSP ,VALID,, 10004 10969,,WT,170,16588,0
2022-04-07T17:26:10.259Z,f4c90fd41f503a785ef614bd36a5238a1691e53d8789bdc07299d029eb61aeb3,Org1MSP,Func4,"[10207"",""1020700"",""10522"",""1052200""]""",Org1MSP Org2MSP ,VALID,, 10207 10522,,WT,170,16709,0
2022-04-07T17:26:10.260Z,dff41c604d2ff5ff4a59c5b3b6924844a374ebe137b0bcddb7ccf8c3e696fe1f,Org1MSP,Func1,"[7056"",""2""]""",Org1MSP Org2MSP ,VALID, 2 7056,,,RT,170,16690,0
2022-04-07T17:26:10.261Z,7c52ddf9beaab1475b883e012a80aaedf2b2b08aa0731485285f7da137eff893,Org1MSP,Func4,"[17526"",""1752600"",""10055"",""1005500""]""",Org1MSP Org2MSP ,VALID,, 10055 17526,,WT,170,16625,0
2022-04-07T17:26:10.262Z,6e7abe59092ab417ca6351bfc7b5fcbf3102bd9c755e9c9064b5df2fcc48681c,Org1MSP,Func7,"[169"",""100"",""1"",""100""]""",Org1MSP Org2MSP ,VALID, 1 169, 1 169,,UT,170,16723,0
2022-04-07T17:26:10.263Z,efc2417428f9707e0ccf14275483ea292bdadcd409fd587284edd8365c332a48,Org1MSP,Func1,"[22"",""8803""]""",Org1MSP Org2MSP ,VALID, 22 8803,,,RT,170,16703,0
2022-04-07T17:26:10.264Z,73af2cd381d9f892345b2fc7d734d9bdb09f2cc1d93d528b42641097a8442d29,Org1MSP,Func7,"[655"",""100"",""2"",""100""]""",Org1MSP Org2MSP ,VALID, 2 655, 2 655,,UT,170,16722,0
2022-04-07T17:26:10.267Z,1c36b4b7eabc925ae7f5e9ed337f7b14e226d2862fc45e2adf852121a489428b,Org1MSP,Func4,"[10200"",""1020000"",""10002"",""1000200""]""",Org1MSP Org2MSP ,VALID,, 10002 10200,,WT,170,16573,0
2022-04-07T17:26:10.355Z,52992db6857adcd2dcc7407c2629a1f8cf2b63e68b9bdc4ba7728431e5f08591,Org1MSP,Func4,"[10043"",""1004300"",""12387"",""1238700""]""",Org1MSP Org2MSP ,VALID,, 10043 12387,,WT,170,16599,0
2022-04-07T17:26:10.357Z,be0e8a2047b5e48a9c5a5820b42ac4f84a2fcb355a281202907b02ed23039001,Org1MSP,Func4,"[19425"",""1942500"",""10666"",""1066600""]""",Org1MSP Org2MSP ,VALID,, 10666 19425,,WT,170,16667,0
2022-04-07T17:26:10.359Z,ff8cf1c137a523236da21dc502445610093df3ce96a23cd56bb82564c7f8d3b5,Org1MSP,Func1,"[236"",""1714""]""",Org1MSP Org2MSP ,VALID, 1714 236,,,RT,170,16718,0
2022-04-07T17:26:10.361Z,e136fbe1b0ebc97efa78e13ed9353f14a97371605eac5cfb6260ad1393b42064,Org1MSP,Func4,"[10000"",""1000000"",""11146"",""1114600""]""",Org1MSP Org2MSP ,VALID,, 10000 11146,,WT,170,16692,0
2022-04-07T17:26:10.362Z,47b40ff051dcc4befce832ff8b83dc52d5c37a8b16de06ed2901e4042a3f381c,Org1MSP,Func7,"[2540"",""100"",""5524"",""100""]""",Org1MSP Org2MSP ,VALID, 2540 5524, 2540 5524,,UT,170,16597,0
2022-04-07T17:26:10.363Z,8d4e30809884c942e4875e1015b6c5fd4011565ebe1d681c2bf9becf81d36ffb,Org1MSP,Func4,"[10008"",""1000800"",""10006"",""1000600""]""",Org1MSP Org2MSP ,VALID,, 10006 10008,,WT,170,16635,0
2022-04-07T17:26:10.366Z,10cab66d5afa5c8e7f049305dfebd634ca522994877808ed6a50bc62ff670c65,Org1MSP,Func4,"[10000"",""1000000"",""13253"",""1325300""]""",Org1MSP Org2MSP ,VALID,, 10000 13253,,WT,170,16566,0
2022-04-07T17:26:10.366Z,fbdfaf7bd730bdb97517240a153e3f25afac75486ef20404ee868d79fc797481,Org1MSP,Func4,"[10070"",""1007000"",""10039"",""1003900""]""",Org1MSP Org2MSP ,VALID,, 10039 10070,,WT,170,16714,0
2022-04-07T17:26:10.368Z,8fac807ec9759e9cd11c563b3c5e8a110ae86441655c3d1b9f453ad86f02ad15,Org1MSP,Func1,"[8"",""358""]""",Org1MSP Org2MSP ,VALID, 358 8,,,RT,170,16639,0
2022-04-07T17:26:10.457Z,0bec56a9430ad3987cbd0c251ce689bbd164d784f1a24b7ac04fe8b2170d98b7,Org1MSP,Func4,"[17595"",""1759500"",""10001"",""1000100""]""",Org1MSP Org2MSP ,VALID,, 10001 17595,,WT,170,16565,0
2022-04-07T17:26:10.457Z,da82d0c78b5cc60a94fa750b1c613792a2ab5a7723377c63068a21b51839ee4b,Org1MSP,Func4,"[10006"",""1000600"",""15134"",""1513400""]""",Org1MSP Org2MSP ,VALID,, 10006 15134,,WT,170,16685,0
2022-04-07T17:26:10.459Z,018c5b0f3443d9f076149e68d5ab74c9bc14dee1065653b29008585699bc9ed4,Org1MSP,Func4,"[10071"",""1007100"",""12062"",""1206200""]""",Org1MSP Org2MSP ,VALID,, 10071 12062,,WT,170,16561,0
2022-04-07T17:26:10.460Z,836460772af5e05481a77516a2bbe08ead35fadbd4ba8a47376c73b743b11e62,Org1MSP,Func4,"[13757"",""1375700"",""10433"",""1043300""]""",Org1MSP Org2MSP ,VALID,, 10433 13757,,WT,170,16630,0
2022-04-07T17:26:10.460Z,cb6e7eba93f9b95150c9d42bc5c14c735a9ef83c43a6dbd5ad91174d8f835231,Org1MSP,Func4,"[10409"",""1040900"",""10007"",""1000700""]""",Org1MSP Org2MSP ,VALID,, 10007 10409,,WT,170,16672,0
2022-04-07T17:26:10.462Z,5702458ba352ab04b5a3aca741eb0644b08f59dc43554f7ef007cc1bf3cef778,Org1MSP,Func4,"[10002"",""1000200"",""11160"",""1116000""]""",Org1MSP Org2MSP ,VALID,, 10002 11160,,WT,170,16603,0
2022-04-07T17:26:10.463Z,e298e03ce1a90f880b365b8177e745b03a3710be6fd34f6dec0102ca4ed16056,Org1MSP,Func4,"[14128"",""1412800"",""19297"",""1929700""]""",Org1MSP Org2MSP ,VALID,, 14128 19297,,WT,170,16694,0
2022-04-07T17:26:10.464Z,39fc03a5efbc5665abc164bf24d55695bc3e424c656eaf0c648c51ff27f17d4b,Org1MSP,Func4,"[10027"",""1002700"",""10018"",""1001800""]""",Org1MSP Org2MSP ,VALID,, 10018 10027,,WT,170,16590,0
2022-04-07T17:26:10.467Z,8de9d412f7da6aa24460ff1cf2268f3579e2942372f4763d66e197cadee80c5a,Org1MSP,Func7,"[370"",""100"",""516"",""100""]""",Org1MSP Org2MSP ,VALID, 370 516, 370 516,,UT,170,16636,0
2022-04-07T17:26:10.555Z,b1c9dee2b33e2007e55d11a3f56daf9f3cf5651505aeb3106dc7e2c35971b742,Org1MSP,Func4,"[11607"",""1160700"",""10000"",""1000000""]""",Org1MSP Org2MSP ,VALID,, 10000 11607,,WT,170,16658,0
2022-04-07T17:26:10.557Z,ce0d521191e2ab9ad8daf7dbb3c97243061736459083bbe4b31e3b7dc0474aba,Org1MSP,Func4,"[10254"",""1025400"",""10132"",""1013200""]""",Org1MSP Org2MSP ,VALID,, 10132 10254,,WT,170,16675,0
2022-04-07T17:26:10.558Z,8e36842186a78dfc3b3b87ba69f01420e509b6931b0034fc0f64694087df5b88,Org1MSP,Func4,"[14230"",""1423000"",""10060"",""1006000""]""",Org1MSP Org2MSP ,VALID,, 10060 14230,,WT,170,16637,0
2022-04-07T17:26:10.560Z,622666d6f93d29a5dbe623537dea8c054ca3a10dcd4dfb3065a880f921bac1b6,Org1MSP,Func4,"[10080"",""1008000"",""10000"",""1000000""]""",Org1MSP Org2MSP ,VALID,, 10000 10080,,WT,170,16611,0
2022-04-07T17:26:10.561Z,1d9c2073ef8d36b03ae1f5022f3238335632109b06e940948bfc95c37aada66e,Org1MSP,Func4,"[10000"",""1000000"",""10016"",""1001600""]""",Org1MSP Org2MSP ,VALID,, 10000 10016,,WT,170,16574,0
2022-04-07T17:26:10.563Z,7873fbf345bfc0df916e375ed2400061d42af605642389011de2a97d397e17e3,Org1MSP,Func1,"[4"",""2195""]""",Org1MSP Org2MSP ,VALID, 2195 4,,,RT,170,16622,0
2022-04-07T17:26:10.563Z,cf61cd63660fe29ed533287690908d110ce13bb1b6acb759c802c5ab1574c4ee,Org1MSP,Func4,"[10058"",""1005800"",""10037"",""1003700""]""",Org1MSP Org2MSP ,VALID,, 10037 10058,,WT,170,16676,0
2022-04-07T17:26:10.564Z,d6fbc113b38721d752b3731294728d90f4688e24cd9a21d616b190d082a8d340,Org1MSP,Func1,"[9167"",""7713""]""",Org1MSP Org2MSP ,VALID, 7713 9167,,,RT,170,16682,0
2022-04-07T17:26:10.566Z,e242236c54071b15280c475befb65e6f1ea4b6f8d2db3d950f9294b5c5292288,Org1MSP,Func4,"[10029"",""1002900"",""10001"",""1000100""]""",Org1MSP Org2MSP ,VALID,, 10001 10029,,WT,170,16693,0
2022-04-07T17:26:10.657Z,22752b41a5ccc47fcfd2d15a9196e1b19c65876edb1fec0c0056d38cc78ed724,Org1MSP,Func1,"[3843"",""192""]""",Org1MSP Org2MSP ,VALID, 192 3843,,,RT,170,16580,0
2022-04-07T17:26:10.658Z,7a2bb761f6d0197f4602b0d25b004404714853a83f9dbeca7096968a8e0476ba,Org1MSP,Func4,"[10072"",""1007200"",""10049"",""1004900""]""",Org1MSP Org2MSP ,VALID,, 10049 10072,,WT,170,16623,0
2022-04-07T17:26:10.659Z,87e6ffedf179ab10dfe58c9d470ac06cb9815419001b281f4e461e8aa7ea0d76,Org1MSP,Func1,"[1"",""641""]""",Org1MSP Org2MSP ,VALID, 1 641,,,RT,170,16632,0
2022-04-07T17:26:10.660Z,5c0beb79c81cf230547f6ffa6d13f481e58277df3d5dc5003f4311f45a91bea7,Org1MSP,Func1,"[12"",""48""]""",Org1MSP Org2MSP ,VALID, 12 48,,,RT,170,16606,0
2022-04-07T17:26:10.661Z,b51cda7bb9c86dc1c22118f0cb20e12336030fd62ac07f028e238ce6e83f43c0,Org1MSP,Func1,"[33"",""61""]""",Org1MSP Org2MSP ,VALID, 33 61,,,RT,170,16662,0
2022-04-07T17:26:10.662Z,7c5c5019785fdf2621bb94f3f07ab4877dbe0c8813a39fbef9ea6bc8a90cf452,Org1MSP,Func1,"[316"",""326""]""",Org1MSP Org2MSP ,VALID, 316 326,,,RT,170,16626,0
2022-04-07T17:26:10.662Z,b4bf1d9cf3271fb96fd99e6357afd2d73605dd0e17be0d69ed37ffb1f7e950cb,Org1MSP,Func4,"[10003"",""1000300"",""10105"",""1010500""]""",Org1MSP Org2MSP ,VALID,, 10003 10105,,WT,170,16661,0
2022-04-07T17:26:10.664Z,4da8144d298e267bf1a0b314be7e7d6853bf95ec330d9d98d0c16885ad20d0d0,Org1MSP,Func4,"[10006"",""1000600"",""10016"",""1001600""]""",Org1MSP Org2MSP ,VALID,, 10006 10016,,WT,170,16598,0
2022-04-07T17:26:10.664Z,63aab7608f25a7e4ccd6fdd303c182d227ce70ad200970263cab1ec79ef159d5,Org1MSP,Func4,"[10000"",""1000000"",""10001"",""1000100""]""",Org1MSP Org2MSP ,VALID,, 10000 10001,,WT,170,16613,0
2022-04-07T17:26:10.666Z,03ea269ff64bfdf5a8ae9ae1a6b43ce24e6d542c322beb89f1c4be55e516c970,Org1MSP,Func4,"[10119"",""1011900"",""10062"",""1006200""]""",Org1MSP Org2MSP ,VALID,, 10062 10119,,WT,170,16563,0
2022-04-07T17:26:10.755Z,d743eb13b176e1c1821bc072ab646d9a9f829f04d5a638829ce5deb69a6e5980,Org1MSP,Func1,"[2"",""11""]""",Org1MSP Org2MSP ,VALID, 11 2,,,RT,170,16683,0
2022-04-07T17:26:10.757Z,3f7bc41b0ac33d319c8b333aa2ca4dcd54612e7d6d1c02ed07ac65afaa2a0822,Org1MSP,Func1,"[103"",""35""]""",Org1MSP Org2MSP ,VALID, 103 35,,,RT,170,16592,0
2022-04-07T17:26:10.758Z,6d2f0d6775b2fe9b31d53ee9a9d409fecb6d72e672ef874ba5f5499243bc53ce,Org1MSP,Func4,"[10050"",""1005000"",""10004"",""1000400""]""",Org1MSP Org2MSP ,VALID,, 10004 10050,,WT,170,16616,0
2022-04-07T17:26:10.759Z,c037a6a8782e58fd654c94be881955d30456ca50b503d8bdbf9e121da141689a,Org1MSP,Func4,"[10000"",""1000000"",""10104"",""1010400""]""",Org1MSP Org2MSP ,VALID,, 10000 10104,,WT,170,16668,0
2022-04-07T17:26:10.760Z,eba52038872e39fa86051c63f8d48575da39686bf7c3e66a5483f40ee4628778,Org1MSP,Func4,"[10004"",""1000400"",""11958"",""1195800""]""",Org1MSP Org2MSP ,VALID,, 10004 11958,,WT,170,16701,0
2022-04-07T17:26:10.761Z,ba0d349cac8a78f44ebe793c0565b56c33b8ac3fcb3a90b4993abe751411173f,Org1MSP,Func4,"[10840"",""1084000"",""11040"",""1104000""]""",Org1MSP Org2MSP ,VALID,, 10840 11040,,WT,170,16664,0
2022-04-07T17:26:10.763Z,0b98b7d2b3dcaeedbda098f851a94a9344fe5be3a3e8effba56d1ccf5793a731,Org1MSP,Func4,"[12263"",""1226300"",""10001"",""1000100""]""",Org1MSP Org2MSP ,VALID,, 10001 12263,,WT,170,16564,0
2022-04-07T17:26:10.763Z,f29cc7a0b5a2dec1f7d6579d304c3a494963175bf5d33094bf66c0a00350b42f,Org1MSP,Func4,"[10041"",""1004100"",""13429"",""1342900""]""",Org1MSP Org2MSP ,VALID,, 10041 13429,,WT,170,16706,0
2022-04-07T17:26:10.764Z,cd4fdafae1740d43fb1230d91d3e1cd6296e0d4e1b527e28fcb65adf131aa970,Org1MSP,Func4,"[11489"",""1148900"",""10018"",""1001800""]""",Org1MSP Org2MSP ,VALID,, 10018 11489,,WT,170,16674,0
2022-04-07T17:26:10.769Z,fa31350bb34aa284d191a6ed685cb5933954d5430513bcac40628dffb574f685,Org1MSP,Func4,"[10284"",""1028400"",""10004"",""1000400""]""",Org1MSP Org2MSP ,VALID,, 10004 10284,,WT,170,16712,0
2022-04-07T17:26:10.855Z,96d6bfc89fbdcc69c1e73f0c37655a893d2285ea0980311cf6401723be4fa7d2,Org1MSP,Func4,"[10000"",""1000000"",""10041"",""1004100""]""",Org1MSP Org2MSP ,VALID,, 10000 10041,,WT,170,16645,0
2022-04-07T17:26:10.857Z,d1f09c21e5ce77f4d10f0fa16eca6ffbf2ae09db1a229915f32a6baf070b3f90,Org1MSP,Func7,"[1677"",""100"",""27"",""100""]""",Org1MSP Org2MSP ,VALID, 1677 27, 1677 27,,UT,170,16679,0
2022-04-07T17:26:10.858Z,467b129c3a283b580205c246ea6c80aff79eade480cfcc13dce5f5a18635c8be,Org1MSP,Func4,"[10003"",""1000300"",""18220"",""1822000""]""",Org1MSP Org2MSP ,VALID,, 10003 18220,,WT,170,16596,0
2022-04-07T17:26:10.859Z,f21d71b3b559a0b471f4794e77b9d528df2c9781c421e495fc5ce0848e20d7b4,Org1MSP,Func4,"[10001"",""1000100"",""10329"",""1032900""]""",Org1MSP Org2MSP ,VALID,, 10001 10329,,WT,170,16705,0
2022-04-07T17:26:10.863Z,a9f4c756dde863b7f1d94c138854c3a4407e6fb6702b271bf3c87095c24bbcd3,Org1MSP,Func4,"[10045"",""1004500"",""10145"",""1014500""]""",Org1MSP Org2MSP ,VALID,, 10045 10145,,WT,170,16653,0
2022-04-07T17:26:10.863Z,b2c1ba2490fc9ec6d41a1df1d18007b781d48c6bfd79280250a7b9a63ba281aa,Org1MSP,Func4,"[10001"",""1000100"",""10278"",""1027800""]""",Org1MSP Org2MSP ,VALID,, 10001 10278,,WT,170,16660,0
2022-04-07T17:26:10.863Z,bcfcab67926b8732ae3fd1fed9d7641c928d2ea9550808391c6d00de533b2dbf,Org1MSP,Func7,"[442"",""100"",""763"",""100""]""",Org1MSP Org2MSP ,VALID, 442 763, 442 763,,UT,170,16665,0
2022-04-07T17:26:10.869Z,e0deecf7d095be4f8165769147ac46bfb23376ea6a167b763e7fe1401e02abdb,Org1MSP,Func4,"[10175"",""1017500"",""10090"",""1009000""]""",Org1MSP Org2MSP ,VALID,, 10090 10175,,WT,170,16691,0
2022-04-07T17:26:10.956Z,a5b6b1e30657f0f95df7b32bfdc3bc7dd8d675c00a55283c83fcb3c6d07bf062,Org1MSP,Func4,"[10218"",""1021800"",""10027"",""1002700""]""",Org1MSP Org2MSP ,VALID,, 10027 10218,,WT,170,16652,0
2022-04-07T17:26:10.956Z,636999fead7b9743b5821642b4c6104b0e12d83a2b20faaf364b604ede7e4b75,Org1MSP,Func7,"[46"",""100"",""57"",""100""]""",Org1MSP Org2MSP ,VALID, 46 57, 46 57,,UT,170,16720,0
2022-04-07T17:26:10.959Z,c0f9ded5de7c978b09468e8a990831b0297c68bb3cfa0d3a6f190cd3797d6b5e,Org1MSP,Func4,"[13863"",""1386300"",""10577"",""1057700""]""",Org1MSP Org2MSP ,VALID,, 10577 13863,,WT,170,16670,0
2022-04-07T17:26:10.960Z,21b9f7c30a7fd573141cb0dedcbfbf2a07b2aca1c44386be38e5fcfe13137c1f,Org1MSP,Func1,"[1380"",""35""]""",Org1MSP Org2MSP ,VALID, 1380 35,,,RT,170,16578,0
2022-04-07T17:26:10.960Z,417ce595592b6dd72994eab21f6fef1840e30dbb2a19e4a5580b0dcd43fc25fd,Org1MSP,Func1,"[2"",""1096""]""",Org1MSP Org2MSP ,VALID, 1096 2,,,RT,170,16595,0
2022-04-07T17:26:10.960Z,dd4aac1bf377a2ddcf02fafcef4f8919afb1e882fbc742d047e9c72b24ab3997,Org1MSP,Func4,"[10000"",""1000000"",""10063"",""1006300""]""",Org1MSP Org2MSP ,VALID,, 10000 10063,,WT,170,16687,0
2022-04-07T17:26:10.962Z,59564811e409a15cfbe3408fe579f5d7aabc826cd9ab7d7d6d4ac80d767f828b,Org1MSP,Func7,"[16"",""100"",""1006"",""100""]""",Org1MSP Org2MSP ,VALID, 1006 16, 1006 16,,UT,170,16604,0
2022-04-07T17:26:10.963Z,6a175566810fae06c9f0c219c1ade5987e77784265007063b23161e34db476af,Org1MSP,Func4,"[10164"",""1016400"",""10822"",""1082200""]""",Org1MSP Org2MSP ,VALID,, 10164 10822,,WT,170,16614,0
2022-04-07T17:26:10.964Z,82873b09c2757004d51bcd8938578d6e88850c72ea9907b15b5fdafe16fab62c,Org1MSP,Func4,"[10399"",""1039900"",""10003"",""1000300""]""",Org1MSP Org2MSP ,VALID,, 10003 10399,,WT,170,16629,0
2022-04-07T17:26:10.967Z,195660018d78ed22a98b7393a6b66618363541b2e3f52fe855f48f02f8d51aa0,Org1MSP,Func4,"[10169"",""1016900"",""10167"",""1016700""]""",Org1MSP Org2MSP ,VALID,, 10167 10169,,WT,170,16570,0
2022-04-07T17:26:11.054Z,2246957eca7aae46fb6be3ff3d0b0e2756b787c3df6442f225be1e9229932abb,Org1MSP,Func1,"[71"",""2""]""",Org1MSP Org2MSP ,VALID, 2 71,,,RT,170,16579,0
2022-04-07T17:26:11.058Z,61e0704b0e19f30f7ee4d6b02648a30d725c9ee9fb22afb8d6eb7293e9f860f4,Org1MSP,Func7,"[2434"",""100"",""45"",""100""]""",Org1MSP Org2MSP ,VALID, 2434 45, 2434 45,,UT,170,16610,0
2022-04-07T17:26:11.059Z,f8d3418da68f6e2e9614fa0b5c9de929872199cf04624001a8b4ae222f152ccc,Org1MSP,Func4,"[11506"",""1150600"",""10057"",""1005700""]""",Org1MSP Org2MSP ,VALID,, 10057 11506,,WT,170,16711,0
2022-04-07T17:26:11.060Z,88100fe226a714c9192ec587d084045b1598b089d8ed525a8831a274d4b31f89,Org1MSP,Func7,"[13"",""100"",""997"",""100""]""",Org1MSP Org2MSP ,VALID, 13 997, 13 997,,UT,170,16633,0
2022-04-07T17:26:11.061Z,77db9194d81d7ad08f06b60f9c810b8b1cdebbc6f6ba3c68ed3387df820697aa,Org1MSP,Func1,"[1407"",""25""]""",Org1MSP Org2MSP ,VALID, 1407 25,,,RT,170,16621,0
2022-04-07T17:26:11.063Z,15538c1221dc2b370dcd03ba6782ab2f029b2f981e2a9b1d398b33ecc043007e,Org1MSP,Func4,"[15491"",""1549100"",""10015"",""1001500""]""",Org1MSP Org2MSP ,VALID,, 10015 15491,,WT,170,16567,0
2022-04-07T17:26:11.063Z,77030fd6eb60fb790bebbb1c0fcf39afd44c2ab15350b15cc1d5e1afc54aacb8,Org1MSP,Func7,"[178"",""100"",""110"",""100""]""",Org1MSP Org2MSP ,VALID, 110 178, 110 178,,UT,170,16620,0
2022-04-07T17:26:11.063Z,8f2e6378e8d6b606d5c5f50d0d7e5f2262f81d1a7dccc4b2dfbc9d7e3ac48441,Org1MSP,Func7,"[290"",""100"",""11"",""100""]""",Org1MSP Org2MSP ,VALID, 11 290, 11 290,,UT,170,16721,0
2022-04-07T17:26:11.064Z,380a0436e6a072ba82a66531f0c0fa6839433f71b40a75c36edbaca3cbc1f4d9,Org1MSP,Func4,"[10004"",""1000400"",""10641"",""1064100""]""",Org1MSP Org2MSP ,VALID,, 10004 10641,,WT,170,16589,0
2022-04-07T17:26:11.068Z,53c3990d78ad958f157cfdcfa94db16b70717675189ca4d81f96f6c4798d4c96,Org1MSP,Func1,"[1"",""17""]""",Org1MSP Org2MSP ,VALID, 1 17,,,RT,170,16601,0
2022-04-07T17:26:11.155Z,e5ace5bcbdd4d1159603975662e810ceef32ea26fb2d764b5c54d9a8f9f78334,Org1MSP,Func4,"[10050"",""1005000"",""11480"",""1148000""]""",Org1MSP Org2MSP ,VALID,, 10050 11480,,WT,170,16697,0
2022-04-07T17:26:11.158Z,fd662aadb44bf3f9939391d1cd94035d66635e10bb3f2201ddb584ec479bee66,Org1MSP,Func4,"[10004"",""1000400"",""10012"",""1001200""]""",Org1MSP Org2MSP ,VALID,, 10004 10012,,WT,170,16716,0
2022-04-07T17:26:11.159Z,ab0e13501da863cf63002e5af8bc21b5ca626dea3f8dce5f3582d87eee7b7b86,Org1MSP,Func1,"[2295"",""1442""]""",Org1MSP Org2MSP ,VALID, 1442 2295,,,RT,170,16656,0
2022-04-07T17:26:11.159Z,ccc94c196f77005c599985849321876a3f903b871fd58de98b84fdd40bfd3846,Org1MSP,Func4,"[12268"",""1226800"",""10186"",""1018600""]""",Org1MSP Org2MSP ,VALID,, 10186 12268,,WT,170,16673,0
2022-04-07T17:26:11.160Z,d61b7bbbd61b359aaa9c04cc1e4718056caa21c9e5e75d08503deea17b8f9168,Org1MSP,Func4,"[10092"",""1009200"",""11423"",""1142300""]""",Org1MSP Org2MSP ,VALID,, 10092 11423,,WT,170,16681,0
2022-04-07T17:26:11.161Z,8f42f8240e6d56ecc41e6723d2237a7cb347dd1c8456077c76555fe427d76be7,Org1MSP,Func4,"[10061"",""1006100"",""11994"",""1199400""]""",Org1MSP Org2MSP ,VALID,, 10061 11994,,WT,170,16638,0
2022-04-07T17:26:11.162Z,bdcb928a764065d0fd2d5974065a66a1de652115bdb5708f691b4aff45f563f9,Org1MSP,Func7,"[353"",""100"",""1433"",""100""]""",Org1MSP Org2MSP ,VALID, 1433 353, 1433 353,,UT,170,16666,0
2022-04-07T17:26:11.164Z,1a89d79ff8bf581de9781f10ed73795b4b98284381ccf3e2bf2ffedfa62d0d40,Org1MSP,Func4,"[10126"",""1012600"",""10010"",""1001000""]""",Org1MSP Org2MSP ,VALID,, 10010 10126,,WT,170,16571,0
2022-04-07T17:26:11.164Z,d016ca11a28dec465d5df5f781803b063a10e4121eb8d595f58213649c167ea4,Org1MSP,Func1,"[256"",""2""]""",Org1MSP Org2MSP ,VALID, 2 256,,,RT,170,16677,0
2022-04-07T17:26:11.166Z,2034f0855bf2b6cac857198569eb65da6b8be8de543d8bcac73df2c4380ce29e,Org1MSP,Func1,"[6235"",""909""]""",Org1MSP Org2MSP ,VALID, 6235 909,,,RT,170,16575,0
2022-04-07T17:26:11.256Z,55c75c43d6839d47dda63c67cc29d8cdf001ab67a2052e99498a324ea7b9294b,Org1MSP,Func4,"[12889"",""1288900"",""10000"",""1000000""]""",Org1MSP Org2MSP ,VALID,, 10000 12889,,WT,170,16602,0
2022-04-07T17:26:11.256Z,aaab781e1326fc0357050130b4b3c082904614fbb3b3781ba7e1ca17e5dd2fa6,Org1MSP,Func4,"[10003"",""1000300"",""10120"",""1012000""]""",Org1MSP Org2MSP ,VALID,, 10003 10120,,WT,170,16655,0
2022-04-07T17:26:11.260Z,23d791923ba5da0402c67b1ab9a51d8662105e80076725593a24b7b1bebb4084,Org1MSP,Func4,"[12709"",""1270900"",""10141"",""1014100""]""",Org1MSP Org2MSP ,VALID,, 10141 12709,,WT,170,16581,0
2022-04-07T17:26:11.260Z,80a19235f9852faab143870ca8a92fdb644fdf7f18fc98d8a8a4e6e6463a0a1d,Org1MSP,Func4,"[10000"",""1000000"",""12832"",""1283200""]""",Org1MSP Org2MSP ,VALID,, 10000 12832,,WT,170,16627,0
2022-04-07T17:26:11.261Z,a5160bd25ff607f9befb29cc1bfbb83b742767c7bc0145652c4ee443d8d20f9a,Org1MSP,Func4,"[11484"",""1148400"",""11093"",""1109300""]""",Org1MSP Org2MSP ,VALID,, 11093 11484,,WT,170,16651,0
2022-04-07T17:26:11.262Z,88f903e8edae3fccde610927add7ba9f888551f5ef378a519b91328dc3646939,Org1MSP,Func4,"[10410"",""1041000"",""10259"",""1025900""]""",Org1MSP Org2MSP ,VALID,, 10259 10410,,WT,170,16634,0
2022-04-07T17:26:11.262Z,d088f3cc740541107002e2dbf7bc3d912935f680a2ddc714f75c47dd83bcd679,Org1MSP,Func1,"[1"",""57""]""",Org1MSP Org2MSP ,VALID, 1 57,,,RT,170,16678,0
2022-04-07T17:26:11.264Z,729bcd2a2db0db4c74dba548549015ccd351a85403517b848859dd40f70a05d9,Org1MSP,Func4,"[10000"",""1000000"",""10124"",""1012400""]""",Org1MSP Org2MSP ,VALID,, 10000 10124,,WT,170,16618,0
2022-04-07T17:26:11.266Z,e55fa1ce67388942d82cb7f1866635c77414654833569b105cdf7d7a4aacae81,Org1MSP,Func4,"[10000"",""1000000"",""10003"",""1000300""]""",Org1MSP Org2MSP ,VALID,, 10000 10003,,WT,170,16696,0
2022-04-07T17:26:11.269Z,52f59e57415616847bda190c51e00abb93063b2a4b50ffa64dc9392c368b5046,Org1MSP,Func4,"[16541"",""1654100"",""10000"",""1000000""]""",Org1MSP Org2MSP ,VALID,, 10000 16541,,WT,170,16600,0
2022-04-07T17:26:11.355Z,516e0608df1cbcc5ba2fee726261545e53ae2021d5f05541bab1174da7def68a,Org1MSP,Func7,"[1003"",""100"",""371"",""100""]""",Org1MSP Org2MSP ,VALID, 1003 371, 1003 371,,UT,171,16750,0
2022-04-07T17:26:11.357Z,aa68a46992b081493d5cdd32f1af90a4d729b3dca121a199000079a55658d638,Org1MSP,Func4,"[10393"",""1039300"",""10000"",""1000000""]""",Org1MSP Org2MSP ,VALID,, 10000 10393,,WT,171,16779,0
2022-04-07T17:26:11.359Z,7fc56a5c6571b5db68199ff075bc48e83ad586c672b6cc7e7fb52175af02f56e,Org1MSP,Func7,"[7022"",""100"",""14"",""100""]""",Org1MSP Org2MSP ,VALID, 14 7022, 14 7022,,UT,171,16763,0
2022-04-07T17:26:11.359Z,80df449bab9e9e9b4d4ed5ee5dbe3ed754de7c3f8f04157004a363c669fdd90d,Org1MSP,Func4,"[10010"",""1001000"",""10676"",""1067600""]""",Org1MSP Org2MSP ,VALID,, 10010 10676,,WT,171,16764,0
2022-04-07T17:26:11.362Z,824c1349cc4b114ee465f26ec5337a9ec0edd613894098ac4677c565dd812443,Org1MSP,Func4,"[10001"",""1000100"",""12295"",""1229500""]""",Org1MSP Org2MSP ,VALID,, 10001 12295,,WT,171,16765,0
2022-04-07T17:26:11.362Z,98630a8291d3790f51a8b1b7a72eb865e90ec966c9090169e23f25bbc5111c62,Org1MSP,Func7,"[174"",""100"",""296"",""100""]""",Org1MSP Org2MSP ,VALID, 174 296, 174 296,,UT,171,16776,0
2022-04-07T17:26:11.364Z,e123ec97a11a1b5a74e9bd49505997caf74a3ebcf776a9ff82c006732c1d88ad,Org1MSP,Func4,"[11854"",""1185400"",""10020"",""1002000""]""",Org1MSP Org2MSP ,VALID,, 10020 11854,,WT,171,16808,0
2022-04-07T17:26:11.366Z,abbcc214bd4f93a5ff9d473bbc2f6313799eb2ccc8278b0985f87a018c68257f,Org1MSP,Func7,"[36"",""100"",""167"",""100""]""",Org1MSP Org2MSP ,VALID, 167 36, 167 36,,UT,171,16780,0
2022-04-07T17:26:11.367Z,8297bdee60f624d6137391a5cb16948a00002ecbf143e44a45a4c911ce1c0cf4,Org1MSP,Func4,"[10148"",""1014800"",""10079"",""1007900""]""",Org1MSP Org2MSP ,VALID,, 10079 10148,,WT,171,16766,0
2022-04-07T17:26:11.455Z,e8ae2dd09477fe00f356688f836a48d0e949d5a6af5e9d6979c380b94fcbefb6,Org1MSP,Func4,"[10115"",""1011500"",""11989"",""1198900""]""",Org1MSP Org2MSP ,VALID,, 10115 11989,,WT,171,16812,0
2022-04-07T17:26:11.457Z,e251f819a81b4af59bb602bf8b57fb7b82fef6c17bbba62d3cb1500f61374255,Org1MSP,Func4,"[10000"",""1000000"",""10207"",""1020700""]""",Org1MSP Org2MSP ,VALID,, 10000 10207,,WT,171,16809,0
2022-04-07T17:26:11.459Z,8d4013558e4e6d57bc4b58f93ab8670fd1a1c1f9e70779e5285ca78f557e99d5,Org1MSP,Func4,"[10406"",""1040600"",""16615"",""1661500""]""",Org1MSP Org2MSP ,VALID,, 10406 16615,,WT,171,16771,0
2022-04-07T17:26:11.460Z,dcc486d4657c72ae1405ee2d103170b507cb03254533fbb93809036e3089c49a,Org1MSP,Func1,"[19"",""4""]""",Org1MSP Org2MSP ,VALID, 19 4,,,RT,171,16806,0
2022-04-07T17:26:11.461Z,490f558082c229e7eec685f49cef7853b1008537b7118dcc1eefb56b44a2bbfd,Org1MSP,Func4,"[11965"",""1196500"",""10000"",""1000000""]""",Org1MSP Org2MSP ,VALID,, 10000 11965,,WT,171,16745,0
2022-04-07T17:26:11.465Z,d7f0c7519b9c132b8f0dec8c1fc03f074e6916cea09dc823f58510d9907af9f3,Org1MSP,Func4,"[12066"",""1206600"",""10017"",""1001700""]""",Org1MSP Org2MSP ,VALID,, 10017 12066,,WT,171,16804,0
2022-04-07T17:26:11.466Z,73e0d0bae4a026228fa2a1359ef982c09d53964a70f64273d4b02435a3c82563,Org1MSP,Func4,"[12681"",""1268100"",""10002"",""1000200""]""",Org1MSP Org2MSP ,VALID,, 10002 12681,,WT,171,16760,0
2022-04-07T17:26:11.467Z,9747cc4a531e3de9a2787d3315f9e13942510377f6d8eb9a52213ce22fa112be,Org1MSP,Func4,"[10003"",""1000300"",""10224"",""1022400""]""",Org1MSP Org2MSP ,VALID,, 10003 10224,,WT,171,16775,0
2022-04-07T17:26:11.556Z,dd7c9b100654739425ed1425d49c7cc7d510df1fea9266d1a64641c6a60e0e87,Org1MSP,Func4,"[10344"",""1034400"",""10099"",""1009900""]""",Org1MSP Org2MSP ,VALID,, 10099 10344,,WT,171,16807,0
2022-04-07T17:26:11.558Z,5eadbf7b6c2bc0235e83c8d599d9fde9f99f9891a4897b6bf203b980197cea02,Org1MSP,Func4,"[10369"",""1036900"",""10000"",""1000000""]""",Org1MSP Org2MSP ,VALID,, 10000 10369,,WT,171,16755,0
2022-04-07T17:26:11.559Z,8c2f24e338bc31e2ad79a9a0447a8a5ab7b944373b3bafbac60cde63017db7d7,Org1MSP,Func4,"[13537"",""1353700"",""10004"",""1000400""]""",Org1MSP Org2MSP ,VALID,, 10004 13537,,WT,171,16770,0
2022-04-07T17:26:11.559Z,c43a33bdb3c44263fb416a1e8d590342ba66fb6d1ef141decbe4fd8893a7454e,Org1MSP,Func4,"[10153"",""1015300"",""10003"",""1000300""]""",Org1MSP Org2MSP ,VALID,, 10003 10153,,WT,171,16793,0
2022-04-07T17:26:11.561Z,8ea975a122767452907e32edab6875b24de9206a6ba351c537e7e89b43a328be,Org1MSP,Func4,"[10000"",""1000000"",""10235"",""1023500""]""",Org1MSP Org2MSP ,VALID,, 10000 10235,,WT,171,16772,0
2022-04-07T17:26:11.561Z,bfaf424bb8b3ea112c80b20580ddc8ec302ccb7c92ddc0820be8668168d0286c,Org1MSP,Func4,"[10385"",""1038500"",""10145"",""1014500""]""",Org1MSP Org2MSP ,VALID,, 10145 10385,,WT,171,16789,0
2022-04-07T17:26:11.562Z,d58b370a92648e33f2f81d0ccb03fe11de09698533922d5abf0978fffcee708a,Org1MSP,Func4,"[10770"",""1077000"",""10371"",""1037100""]""",Org1MSP Org2MSP ,VALID,, 10371 10770,,WT,171,16801,0
2022-04-07T17:26:11.564Z,8652ef56fa4817434260f32e42d2e26a8bd6dde53c699d104aa19bbbb7983836,Org1MSP,Func4,"[10000"",""1000000"",""10005"",""1000500""]""",Org1MSP Org2MSP ,VALID,, 10000 10005,,WT,171,16768,0
2022-04-07T17:26:11.567Z,6bf2dbc8dc9d91ed7e4b9a39dc3e0c721a54e53ca06044b2b87656cf18da0c2a,Org1MSP,Func4,"[10007"",""1000700"",""10001"",""1000100""]""",Org1MSP Org2MSP ,VALID,, 10001 10007,,WT,171,16758,0
2022-04-07T17:26:11.569Z,b0cb1e37b564b3489a70f8bc37afc897363401140a4527158331e13baa9b6404,Org1MSP,Func1,"[9"",""103""]""",Org1MSP Org2MSP ,VALID, 103 9,,,RT,171,16784,0
2022-04-07T17:26:11.655Z,272ac559d51c48084df758acd09eb27d87c3566c48bfdd906e25aa4f0ac8ddd0,Org1MSP,Func4,"[12346"",""1234600"",""10000"",""1000000""]""",Org1MSP Org2MSP ,VALID,, 10000 12346,,WT,171,16732,0
2022-04-07T17:26:11.657Z,69e21748dbc5eaf52f7a09ae726d9faf0ee804d5e65990e3ad7943014bc243f7,Org1MSP,Func4,"[10592"",""1059200"",""11406"",""1140600""]""",Org1MSP Org2MSP ,VALID,, 10592 11406,,WT,171,16756,0
2022-04-07T17:26:11.659Z,446e8e1b574c9372fe7b6c9bc609cc8bdbc849c90dac2e406d341b91083f946c,Org1MSP,Func4,"[10000"",""1000000"",""10000"",""1000000""]""",Org1MSP Org2MSP ,VALID,, 10000,,WT,171,16743,0
2022-04-07T17:26:11.659Z,bee225d9fd3de2641a2921141a7a7c503eb9854ddabde1dda5da66bf9797b891,Org1MSP,Func4,"[10069"",""1006900"",""10004"",""1000400""]""",Org1MSP Org2MSP ,VALID,, 10004 10069,,WT,171,16788,0
2022-04-07T17:26:11.660Z,6a4dbb3e103caed6add38a9f0e5949e00d6f65a8b62dc9245292515426a9609e,Org1MSP,Func1,"[2"",""923""]""",Org1MSP Org2MSP ,VALID, 2 923,,,RT,171,16757,0
2022-04-07T17:26:11.661Z,e7c7eb358c5738f43674e50375a8aff77e823aea72233d091ee61b8fc5c001e7,Org1MSP,Func4,"[10000"",""1000000"",""18356"",""1835600""]""",Org1MSP Org2MSP ,VALID,, 10000 18356,,WT,171,16811,0
2022-04-07T17:26:11.662Z,b02aa1180f72200d096deddf693b8d7a874bd663cf03ff74f18ad88ba1828432,Org1MSP,Func4,"[10005"",""1000500"",""10000"",""1000000""]""",Org1MSP Org2MSP ,VALID,, 10000 10005,,WT,171,16783,0
2022-04-07T17:26:11.664Z,3de136d5bfbf605493ab5624689e6e23525765300305d74e5ec9aa140d986b58,Org1MSP,Func1,"[419"",""265""]""",Org1MSP Org2MSP ,VALID, 265 419,,,RT,171,16740,0
2022-04-07T17:26:11.665Z,f49fd5420797f4c298a69bcc9bbd8773d923b3e29726f11c132e2b903f1fc3ec,Org1MSP,Func4,"[10005"",""1000500"",""10446"",""1044600""]""",Org1MSP Org2MSP ,VALID,, 10005 10446,,WT,171,16815,0
2022-04-07T17:26:11.666Z,028967aa247be0c85c0d165602c2b09526b10fcbdc9cd05c0b4779b816f3dd26,Org1MSP,Func1,"[5750"",""1""]""",Org1MSP Org2MSP ,VALID, 1 5750,,,RT,171,16724,0
2022-04-07T17:26:11.755Z,ac8282003fe4e02f349e5e62f1688757c56cbfa06b9e9ceded64fb6a82e1af79,Org1MSP,Func4,"[10029"",""1002900"",""10896"",""1089600""]""",Org1MSP Org2MSP ,VALID,, 10029 10896,,WT,171,16781,0
2022-04-07T17:26:11.758Z,e67265b2f4b5aedd34d0c6156b24473257b5cf3ac1414de98bf9024900922d51,Org1MSP,Func4,"[13311"",""1331100"",""10000"",""1000000""]""",Org1MSP Org2MSP ,VALID,, 10000 13311,,WT,171,16810,0
2022-04-07T17:26:11.759Z,47965d032018fa8b6c3e7b4d7df79aac6e06aa629126dee8fbd95d05fb95487e,Org1MSP,Func1,"[1374"",""2""]""",Org1MSP Org2MSP ,VALID, 1374 2,,,RT,171,16744,0
2022-04-07T17:26:11.759Z,93de02320680cbccc63cca0683f554acb7a897a9e2cb98c1a5a7490c2302ddcc,Org1MSP,Func7,"[2023"",""100"",""163"",""100""]""",Org1MSP Org2MSP ,VALID, 163 2023, 163 2023,,UT,171,16774,0
2022-04-07T17:26:11.762Z,4265123effe0fd2ae6b3f6d0ad207e7d7910eeb9944d6befe012c8e71c712693,Org1MSP,Func1,"[1386"",""7""]""",Org1MSP Org2MSP ,VALID, 1386 7,,,RT,171,16742,0
2022-04-07T17:26:11.762Z,c4df41d4571832b5a8eb16847db544a412a97e6f86c446d2a6e69452fb904fa0,Org1MSP,Func1,"[1096"",""2""]""",Org1MSP Org2MSP ,VALID, 1096 2,,,RT,171,16794,0
2022-04-07T17:26:11.763Z,3e2c0df3e732374bfe0380bac5701a0df34a08f2a79caa08ac134ecbf79eb7f3,Org1MSP,Func4,"[10494"",""1049400"",""13589"",""1358900""]""",Org1MSP Org2MSP ,VALID,, 10494 13589,,WT,171,16741,0
2022-04-07T17:26:11.763Z,d220c472a7270160257cb48690d9e299606fc976ff3ae6965e9023e155b2e079,Org1MSP,Func4,"[10613"",""1061300"",""10528"",""1052800""]""",Org1MSP Org2MSP ,VALID,, 10528 10613,,WT,171,16800,0
2022-04-07T17:26:11.764Z,c3f080760c72795bfed9ff29cd76e1ee104cc2fccc2b093348dcef55cc5136fe,Org1MSP,Func4,"[12958"",""1295800"",""10041"",""1004100""]""",Org1MSP Org2MSP ,VALID,, 10041 12958,,WT,171,16792,0
2022-04-07T17:26:11.768Z,3b3a20d9676baccffdcf76beda5fcfed3e89a11e45e4418219d24a945d83f146,Org1MSP,Func1,"[1839"",""12""]""",Org1MSP Org2MSP ,VALID, 12 1839,,,RT,171,16738,0
2022-04-07T17:26:11.854Z,86dc81a9378375d8bb235b70fe18f1262fc3bed3f6ec05655519dd86d564758d,Org1MSP,Func4,"[10028"",""1002800"",""12178"",""1217800""]""",Org1MSP Org2MSP ,VALID,, 10028 12178,,WT,171,16769,0
2022-04-07T17:26:11.857Z,c1e6846c4dab06b4d3b97305840d78343a64da386e75e9283627f6b3072b0245,Org1MSP,Func4,"[18989"",""1898900"",""10000"",""1000000""]""",Org1MSP Org2MSP ,VALID,, 10000 18989,,WT,171,16791,0
2022-04-07T17:26:11.858Z,2f63b0fcd22999d260e424616ac5f7b34bd19faefe6814a019a4b55967ec9580,Org1MSP,Func4,"[10308"",""1030800"",""10168"",""1016800""]""",Org1MSP Org2MSP ,VALID,, 10168 10308,,WT,171,16735,0
2022-04-07T17:26:11.860Z,c6daf89504348a03e0c79a8e9168c1ad2e53893c1f34f50fc2d39aa8465374cc,Org1MSP,Func4,"[10000"",""1000000"",""10000"",""1000000""]""",Org1MSP Org2MSP ,VALID,, 10000,,WT,171,16797,0
2022-04-07T17:26:11.861Z,4f8576f2c8510dd7ec9753d4eef9e976015e653d69881360062127a4e49a1372,Org1MSP,Func1,"[93"",""33""]""",Org1MSP Org2MSP ,VALID, 33 93,,,RT,171,16748,0
2022-04-07T17:26:11.861Z,bd775d900b9f8e1697b9cd7f7e07bef0d03386ec27cb62103b511a64702d9a86,Org1MSP,Func4,"[10183"",""1018300"",""10009"",""1000900""]""",Org1MSP Org2MSP ,VALID,, 10009 10183,,WT,171,16787,0
2022-04-07T17:26:11.863Z,93c22b4e4dc261a3997b8ba86f06187d1b03cf191fd4b33f487a53cb0ed809d7,Org1MSP,Func7,"[493"",""100"",""105"",""100""]""",Org1MSP Org2MSP ,VALID, 105 493, 105 493,,UT,171,16773,0
2022-04-07T17:26:11.864Z,3a8d6affed2ff89db72c049cbc55a493b0a4d847b92ba56fced2a8818c5a5706,Org1MSP,Func4,"[10131"",""1013100"",""10012"",""1001200""]""",Org1MSP Org2MSP ,VALID,, 10012 10131,,WT,171,16737,0
2022-04-07T17:26:11.864Z,83d76b7363d6b390811409cd1a6890ec71c5a13ad939a9550d44e95f8da41f3a,Org1MSP,Func4,"[11124"",""1112400"",""10000"",""1000000""]""",Org1MSP Org2MSP ,VALID,, 10000 11124,,WT,171,16767,0
2022-04-07T17:26:11.867Z,f9a2e7b5a410f621da13d53fedea12b5d0221cb54065f3d1acb13059e5526951,Org1MSP,Func7,"[12"",""100"",""1"",""100""]""",Org1MSP Org2MSP ,VALID, 1 12, 1 12,,UT,171,16819,0
2022-04-07T17:26:11.954Z,5c12565769746864d517c921a9beaaf6f69f9262d2d81c6eb85465dc5476f26c,Org1MSP,Func7,"[204"",""100"",""5"",""100""]""",Org1MSP Org2MSP ,VALID, 204 5, 204 5,,UT,171,16754,0
2022-04-07T17:26:11.958Z,c67ebcc92e4f22c0c4be57baf2844d87d4a9e2c547f07f3ce8b9e9100ff7c983,Org1MSP,Func4,"[10097"",""1009700"",""11649"",""1164900""]""",Org1MSP Org2MSP ,VALID,, 10097 11649,,WT,171,16796,0
2022-04-07T17:26:11.960Z,520de51f86888eeed5505e615a9b03c0eb21389a494c0654356daeaf5b44aedb,Org1MSP,Func4,"[10016"",""1001600"",""10183"",""1018300""]""",Org1MSP Org2MSP ,VALID,, 10016 10183,,WT,171,16751,0
2022-04-07T17:26:11.961Z,d72dce4a416f5e4b14a3e0f4d6175f1df98a64fb0d65928d87b6f4e7aa431d7c,Org1MSP,Func4,"[10264"",""1026400"",""10001"",""1000100""]""",Org1MSP Org2MSP ,VALID,, 10001 10264,,WT,171,16802,0
2022-04-07T17:26:11.962Z,4e97787d26f2319f6bf574d3516275b01684be3d04fc4a84a6e4672611d12eae,Org1MSP,Func4,"[10043"",""1004300"",""10080"",""1008000""]""",Org1MSP Org2MSP ,VALID,, 10043 10080,,WT,171,16746,0
2022-04-07T17:26:11.963Z,2bcfebb3b51e9fcb642727207a3f5219d4285656c68cff0792e010af154639c2,Org1MSP,Func4,"[13613"",""1361300"",""10232"",""1023200""]""",Org1MSP Org2MSP ,VALID,, 10232 13613,,WT,171,16734,0
2022-04-07T17:26:11.964Z,c5365454eb6c5ae4a4a4d4135a87097bfcc4d4f6aeab51b912f0b0dbbd983280,Org1MSP,Func1,"[3"",""148""]""",Org1MSP Org2MSP ,VALID, 148 3,,,RT,171,16795,0
2022-04-07T17:26:11.968Z,02c4fc87c382224dd31d361838a6b971eaf5f2831d1f2cf151199c9319c6db12,Org1MSP,Func4,"[10002"",""1000200"",""10406"",""1040600""]""",Org1MSP Org2MSP ,VALID,, 10002 10406,,WT,171,16725,0
2022-04-07T17:26:11.968Z,5110b56939e4f1dc048d098a9eb90415c2810939d50318279d41cdf23259e3cf,Org1MSP,Func4,"[10178"",""1017800"",""10000"",""1000000""]""",Org1MSP Org2MSP ,VALID,, 10000 10178,,WT,171,16749,0
2022-04-07T17:26:11.969Z,99930bed23e8b809d35424e806156811fec61c03e9226951c2a6224a54fcd048,Org1MSP,Func4,"[10364"",""1036400"",""10658"",""1065800""]""",Org1MSP Org2MSP ,VALID,, 10364 10658,,WT,171,16777,0
2022-04-07T17:26:12.055Z,27d06fb24f81232bd2362aa6e6299f33b2abe24fae12514aad6fc48c4794d6ba,Org1MSP,Func4,"[10186"",""1018600"",""10001"",""1000100""]""",Org1MSP Org2MSP ,VALID,, 10001 10186,,WT,171,16733,0
2022-04-07T17:26:12.057Z,0cf93ef8ede9a2a5c5ebc2fcf200219007293dbe2340eccc460bafd6d577cd2e,Org1MSP,Func4,"[11600"",""1160000"",""10244"",""1024400""]""",Org1MSP Org2MSP ,VALID,, 10244 11600,,WT,171,16727,0
2022-04-07T17:26:12.059Z,5723e6c345a2a9c6724d023dc0843b402e53bcf6310b35b1be946cf82dcf728b,Org1MSP,Func1,"[213"",""6""]""",Org1MSP Org2MSP ,VALID, 213 6,,,RT,171,16753,0
2022-04-07T17:26:12.060Z,af9fc5c15d0011ab3dd6e98e46212cbf1246226b05767b90ebdb47f682f0c51d,Org1MSP,Func4,"[10001"",""1000100"",""10023"",""1002300""]""",Org1MSP Org2MSP ,VALID,, 10001 10023,,WT,171,16782,0
2022-04-07T17:26:12.060Z,ed09b960ca61d3814553dffc08b248c653f79d2184f8aad9970efa2e5d00e0c2,Org1MSP,Func4,"[10029"",""1002900"",""10085"",""1008500""]""",Org1MSP Org2MSP ,VALID,, 10029 10085,,WT,171,16814,0
2022-04-07T17:26:12.061Z,0ed3f400818854854abf696721c84aea84e70b66c65922976f7c76d6e8985d5d,Org1MSP,Func1,"[857"",""1591""]""",Org1MSP Org2MSP ,VALID, 1591 857,,,RT,171,16729,0
2022-04-07T17:26:12.062Z,10081af97b304bfa090fe377149f554dd7a9b7904721a4c2025d24fa959f9f95,Org1MSP,Func1,"[1"",""734""]""",Org1MSP Org2MSP ,VALID, 1 734,,,RT,171,16816,0
2022-04-07T17:26:12.064Z,6ff4604ef95ac23deccf4f7606421291cd84bb3f5a6cbb1af5472964cd71e415,Org1MSP,Func4,"[10005"",""1000500"",""13960"",""1396000""]""",Org1MSP Org2MSP ,VALID,, 10005 13960,,WT,171,16759,0
2022-04-07T17:26:12.064Z,cc561dcdab19e2c48621214b44839821e958a5be0ed0bf634f69c3d640daa602,Org1MSP,Func4,"[14731"",""1473100"",""12275"",""1227500""]""",Org1MSP Org2MSP ,VALID,, 12275 14731,,WT,171,16799,0
2022-04-07T17:26:12.066Z,dcb824e3e969d63721ab72b8e6e4f63531603c860ed048588b5bb9279428ee69,Org1MSP,Func4,"[10001"",""1000100"",""10105"",""1010500""]""",Org1MSP Org2MSP ,VALID,, 10001 10105,,WT,171,16805,0
2022-04-07T17:26:12.158Z,38341568b9023f33b498ff26a47f0888e579ab1582c3a9f4f3c88ed043547919,Org1MSP,Func4,"[10002"",""1000200"",""10085"",""1008500""]""",Org1MSP Org2MSP ,VALID,, 10002 10085,,WT,171,16736,0
2022-04-07T17:26:12.158Z,c063d11db1c9b22d6263d2b525940ee0b830bc9ecab509135584165bccf12610,Org1MSP,Func4,"[10000"",""1000000"",""10002"",""1000200""]""",Org1MSP Org2MSP ,VALID,, 10000 10002,,WT,171,16790,0
2022-04-07T17:26:12.158Z,d7b831325f9ef99260e7bfec801bafadaef96a36c3eacfb95bf8e12e6579d414,Org1MSP,Func4,"[10064"",""1006400"",""10000"",""1000000""]""",Org1MSP Org2MSP ,VALID,, 10000 10064,,WT,171,16803,0
2022-04-07T17:26:12.160Z,c6c933e2d8a36fce087f6f92ce1977290ae58a97071c7e2b057d054e1f739549,Org1MSP,Func1,"[237"",""2""]""",Org1MSP Org2MSP ,VALID, 2 237,,,RT,171,16818,0
2022-04-07T17:26:12.161Z,3b9c86c7a433feb00615359cc30f44a5d1798d086f33bf7fa51e6ef60219edc3,Org1MSP,Func7,"[346"",""100"",""10"",""100""]""",Org1MSP Org2MSP ,VALID, 10 346, 10 346,,UT,171,16739,0
2022-04-07T17:26:12.163Z,4f2c33afb0cdea3fcd09e0cc4bc772a0356822efc6911ad34af5d03ee0744950,Org1MSP,Func1,"[3509"",""4""]""",Org1MSP Org2MSP ,VALID, 3509 4,,,RT,171,16747,0
2022-04-07T17:26:12.166Z,22ebae95ecc17ecc4ecdbf846cc8f484480cab27cddafa486ab70986dbf27d91,Org1MSP,Func4,"[10028"",""1002800"",""10833"",""1083300""]""",Org1MSP Org2MSP ,VALID,, 10028 10833,,WT,171,16731,0
2022-04-07T17:26:12.167Z,ca8d91e5c8326be13030f40cc87afdfa9cbe79d22034aa24f3522afd275e9c1b,Org1MSP,Func7,"[1173"",""100"",""3924"",""100""]""",Org1MSP Org2MSP ,VALID, 1173 3924, 1173 3924,,UT,171,16798,0
2022-04-07T17:26:12.169Z,16e132614cc34031ba6bbd9e58ab449539cb68083f1b21946fe514a573f717f1,Org1MSP,Func7,"[22"",""100"",""64"",""100""]""",Org1MSP Org2MSP ,VALID, 22 64, 22 64,,UT,171,16730,0
2022-04-07T17:26:12.254Z,ec713a456444f2fbb5432ac621a130f0ed878ca2a9bf9bedd323056f8d95a74b,Org1MSP,Func4,"[10005"",""1000500"",""10419"",""1041900""]""",Org1MSP Org2MSP ,VALID,, 10005 10419,,WT,171,16813,0
2022-04-07T17:26:12.257Z,fbb9f3874c56a7ad564b7670ef22c61b98aa1a53d4bd082459cb5a9e07baef95,Org1MSP,Func1,"[3"",""1""]""",Org1MSP Org2MSP ,VALID, 1 3,,,RT,171,16817,0
2022-04-07T17:26:12.259Z,7d6b591ec59cd115d52f21b5dba800e61094cfd9c1b77da06539e1e638461392,Org1MSP,Func4,"[10097"",""1009700"",""10037"",""1003700""]""",Org1MSP Org2MSP ,VALID,, 10037 10097,,WT,171,16762,0
2022-04-07T17:26:12.259Z,b45827c683c7116561636aec57336696c8ab0d3e4ac2989fc8907ef5f2fd13ca,Org1MSP,Func4,"[10029"",""1002900"",""10000"",""1000000""]""",Org1MSP Org2MSP ,VALID,, 10000 10029,,WT,171,16785,0
2022-04-07T17:26:12.261Z,02d77c574b486a525af774af6373266b1d7fbb6f59aee3c70f307e2afcbf3af8,Org1MSP,Func4,"[10009"",""1000900"",""10099"",""1009900""]""",Org1MSP Org2MSP ,VALID,, 10009 10099,,WT,171,16726,0
2022-04-07T17:26:12.262Z,0dd91522af8b78502bfa0152c207421e1b2006fff3a951fd3fbac64e28230389,Org1MSP,Func1,"[8"",""1579""]""",Org1MSP Org2MSP ,VALID, 1579 8,,,RT,171,16728,0
2022-04-07T17:26:12.264Z,7bbf496038fa76c4b112e18c3a3f40fc85a405269eff29a693a868baecb8f572,Org1MSP,Func7,"[11"",""100"",""46"",""100""]""",Org1MSP Org2MSP ,VALID, 11 46, 11 46,,UT,171,16761,0
2022-04-07T17:26:12.264Z,aa487a026a56529089215748f58e7bcc8b02981c87aac1e730b57842afbae124,Org1MSP,Func7,"[89"",""100"",""8740"",""100""]""",Org1MSP Org2MSP ,VALID, 8740 89, 8740 89,,UT,171,16778,0
2022-04-07T17:26:12.265Z,56e310c18ebeb8755160388bde78bb6375dc97d5b696392d66610d5e871da9f6,Org1MSP,Func7,"[87"",""100"",""1185"",""100""]""",Org1MSP Org2MSP ,VALID, 1185 87, 1185 87,,UT,171,16752,0
2022-04-07T17:26:12.269Z,bb843be87df1c2b7ddb4ba644fbd7f90d131d803834fa97d0171ce0fc72032e4,Org1MSP,Func4,"[10000"",""1000000"",""12334"",""1233400""]""",Org1MSP Org2MSP ,VALID,, 10000 12334,,WT,171,16786,0
2022-04-07T17:26:12.355Z,399e7db78c4ac159dd04ab1a967a8dbb78231f0a7d6ddab00c1bd223cec3282c,Org1MSP,Func4,"[11541"",""1154100"",""10001"",""1000100""]""",Org1MSP Org2MSP ,VALID,, 10001 11541,,WT,172,16845,0
2022-04-07T17:26:12.357Z,da528bbd47e3b081b21135bf25dc39db98144d471b42edb086c547b5b11d8301,Org1MSP,Func4,"[11158"",""1115800"",""10035"",""1003500""]""",Org1MSP Org2MSP ,VALID,, 10035 11158,,WT,172,16900,0
2022-04-07T17:26:12.358Z,e2146a539641eae9244932ce3d48a52ae649aa5447b02b48e1706df5bd9abae8,Org1MSP,Func4,"[10003"",""1000300"",""13479"",""1347900""]""",Org1MSP Org2MSP ,VALID,, 10003 13479,,WT,172,16902,0
2022-04-07T17:26:12.359Z,8f911d5055afed660a4902502a9d5b97186915dbbac57cef4b2a334f313af484,Org1MSP,Func7,"[2"",""100"",""363"",""100""]""",Org1MSP Org2MSP ,VALID, 2 363, 2 363,,UT,172,16920,0
2022-04-07T17:26:12.360Z,e8d6a6f50cb6012b9db156bf57876e00d7ecb33504aa45b16c7f28a5b3db2189,Org1MSP,Func4,"[10018"",""1001800"",""10156"",""1015600""]""",Org1MSP Org2MSP ,VALID,, 10018 10156,,WT,172,16904,0
2022-04-07T17:26:12.362Z,0693a01b61b0879e54681a632d7f874a68884ede0d7a7f52ae7d3fcb6c7eb309,Org1MSP,Func4,"[10000"",""1000000"",""10000"",""1000000""]""",Org1MSP Org2MSP ,VALID,, 10000,,WT,172,16822,0
2022-04-07T17:26:12.362Z,17685dd44b980fa9699e82b2abb3d12b5b4fa77bc22d65d2c6d4bdc71fab1ce8,Org1MSP,Func4,"[10000"",""1000000"",""10021"",""1002100""]""",Org1MSP Org2MSP ,VALID,, 10000 10021,,WT,172,16831,0
2022-04-07T17:26:12.363Z,6ecc1347da00617092021bd4b3efcba43f0bdd977c92819e03f44acdd73055aa,Org1MSP,Func4,"[10118"",""1011800"",""10092"",""1009200""]""",Org1MSP Org2MSP ,VALID,, 10092 10118,,WT,172,16863,0
2022-04-07T17:26:12.364Z,9f554fe095c9b8aef40cd0fde2597bbb2e75c6d0f8427cf21e7430bc87b67171,Org1MSP,Func1,"[3"",""10""]""",Org1MSP Org2MSP ,VALID, 10 3,,,RT,172,16879,0
2022-04-07T17:26:12.366Z,15686fe07044d1cd44ef80b8d49f2e7ea65dfad8fda79c8128e9fce3184cd3bd,Org1MSP,Func7,"[8"",""100"",""70"",""100""]""",Org1MSP Org2MSP ,VALID, 70 8, 70 8,,UT,172,16830,0
2022-04-07T17:26:12.454Z,715a0db81ae134af0ea00aeb388d8ea3575c1ad1fba82c3980b9a24755eccb44,Org1MSP,Func4,"[10001"",""1000100"",""10056"",""1005600""]""",Org1MSP Org2MSP ,VALID,, 10001 10056,,WT,172,16864,0
2022-04-07T17:26:12.458Z,831ef3a31d70a2c63cef271a2946cbec1b87b480845c2ddef1b2a8e854c075d0,Org1MSP,Func4,"[10006"",""1000600"",""10018"",""1001800""]""",Org1MSP Org2MSP ,VALID,, 10006 10018,,WT,172,16870,0
2022-04-07T17:26:12.459Z,ee58e0fcd05be063eb4550d8efb383b4b2a333b6bbec4ca14ad75d2f661a233c,Org1MSP,Func7,"[7"",""100"",""541"",""100""]""",Org1MSP Org2MSP ,VALID, 541 7, 541 7,,UT,172,16908,0
2022-04-07T17:26:12.461Z,6015efadb771b8e14a4a9ecd617d99f13c89fa8f7c94b31487d5940331af7aa6,Org1MSP,Func1,"[1"",""77""]""",Org1MSP Org2MSP ,VALID, 1 77,,,RT,172,16859,0
2022-04-07T17:26:12.462Z,324860dea4a51e591a95ae9dd99f206354802043192459a9a23dcd4d3bd5c792,Org1MSP,Func4,"[12111"",""1211100"",""10121"",""1012100""]""",Org1MSP Org2MSP ,VALID,, 10121 12111,,WT,172,16842,0
2022-04-07T17:26:12.463Z,25316e5819f7394f934e51801d362a1829c164443a43014fb7d17f6052851955,Org1MSP,Func4,"[10190"",""1019000"",""10003"",""1000300""]""",Org1MSP Org2MSP ,VALID,, 10003 10190,,WT,172,16838,0
2022-04-07T17:26:12.464Z,a0f950d9dc7dfd16ac5fdab771671ca141c5ea5a39d145d5f40a50b3cde1dc4c,Org1MSP,Func1,"[6"",""330""]""",Org1MSP Org2MSP ,VALID, 330 6,,,RT,172,16880,0
2022-04-07T17:26:12.464Z,d6ebfe61fca7bbeafbebe34109956e9865c1cd5f80ec21d08d74fc779544bae7,Org1MSP,Func4,"[10038"",""1003800"",""10031"",""1003100""]""",Org1MSP Org2MSP ,VALID,, 10031 10038,,WT,172,16898,0
2022-04-07T17:26:12.467Z,ab815f234c516e6d9ed08ea9bb43d0c0564dcfe10b439cb9716509ce411ef76a,Org1MSP,Func7,"[5658"",""100"",""1533"",""100""]""",Org1MSP Org2MSP ,VALID, 1533 5658, 1533 5658,,UT,172,16882,0
2022-04-07T17:26:12.555Z,f6b8e23202148f02872f518dd862731afe2e33e878d7321545a8e7e5b7744f0a,Org1MSP,Func4,"[10863"",""1086300"",""11594"",""1159400""]""",Org1MSP Org2MSP ,VALID,, 10863 11594,,WT,172,16910,0
2022-04-07T17:26:12.557Z,fecf7911d9864cc6e725f151ff1ec80b668faf2c50a93604f9e0a05cebd2fa1d,Org1MSP,Func4,"[10020"",""1002000"",""10041"",""1004100""]""",Org1MSP Org2MSP ,VALID,, 10020 10041,,WT,172,16914,0
2022-04-07T17:26:12.559Z,3ac7a40331025a62301a7301d8b86f2a26d2074d6760df92aae54e1b09c207db,Org1MSP,Func4,"[11402"",""1140200"",""11967"",""1196700""]""",Org1MSP Org2MSP ,VALID,, 11402 11967,,WT,172,16848,0
2022-04-07T17:26:12.559Z,664a72f949635583d14148e08fed42844b74cd658e1a04d17bdb07add8bbfab0,Org1MSP,Func4,"[10061"",""1006100"",""10066"",""1006600""]""",Org1MSP Org2MSP ,VALID,, 10061 10066,,WT,172,16862,0
2022-04-07T17:26:12.560Z,60836b23bc7589b8e13caaed7ac450f7493ffedfcf0510cd5047d0c50b360b2b,Org1MSP,Func4,"[15483"",""1548300"",""10012"",""1001200""]""",Org1MSP Org2MSP ,VALID,, 10012 15483,,WT,172,16860,0
2022-04-07T17:26:12.561Z,5e7447d94c65dbc7cab39d91b8e64cb4a388b8ecc766ba361554fba13bfaf9cb,Org1MSP,Func4,"[10488"",""1048800"",""14728"",""1472800""]""",Org1MSP Org2MSP ,VALID,, 10488 14728,,WT,172,16857,0
2022-04-07T17:26:12.562Z,1277d123e56bbc4a33ad7959f0e3142608b9ba3a2f97187a0339286f8fd8c76f,Org1MSP,Func1,"[2"",""10""]""",Org1MSP Org2MSP ,VALID, 10 2,,,RT,172,16827,0
2022-04-07T17:26:12.563Z,3a5e850e08417e0ac666924562f66b22377f24b445d556a293ef8481aa253002,Org1MSP,Func4,"[10127"",""1012700"",""10808"",""1080800""]""",Org1MSP Org2MSP ,VALID,, 10127 10808,,WT,172,16846,0
2022-04-07T17:26:12.566Z,56a2840694b62e4cd95fe393d373537e43c2abac7e002dd4e4e1c7d1ce755f1b,Org1MSP,Func4,"[10002"",""1000200"",""13653"",""1365300""]""",Org1MSP Org2MSP ,VALID,, 10002 13653,,WT,172,16856,0
2022-04-07T17:26:12.655Z,316bc8999e2a5a17f313ab9a61a1ef77a28e8f3f78ecfe62fd09323a1d5bc66a,Org1MSP,Func7,"[607"",""100"",""13"",""100""]""",Org1MSP Org2MSP ,VALID, 13 607, 13 607,,UT,172,16841,0
2022-04-07T17:26:12.657Z,d1801c7b51cc90180a476a8f0e484e149c4a7d3da84ade3ab3b585fb280de66d,Org1MSP,Func4,"[10000"",""1000000"",""10082"",""1008200""]""",Org1MSP Org2MSP ,VALID,, 10000 10082,,WT,172,16895,0
2022-04-07T17:26:12.658Z,e053c9b2b6b523116f69aef9e8558a46a56e03e917051f6b4a3d803e5bd07f57,Org1MSP,Func4,"[10639"",""1063900"",""13803"",""1380300""]""",Org1MSP Org2MSP ,VALID,, 10639 13803,,WT,172,16901,0
2022-04-07T17:26:12.659Z,cde1dabc87782b93353d3b0f4fb94085c85219466e5922c4c0ab9fab5e7ffc46,Org1MSP,Func4,"[13011"",""1301100"",""10202"",""1020200""]""",Org1MSP Org2MSP ,VALID,, 10202 13011,,WT,172,16891,0
2022-04-07T17:26:12.660Z,55c84ae731687a3f4b5cf0c125bce296b24ad1e04729ff233b9d88e57838a966,Org1MSP,Func1,"[9517"",""2""]""",Org1MSP Org2MSP ,VALID, 2 9517,,,RT,172,16855,0
2022-04-07T17:26:12.662Z,026b7568db0a25feb3962380cf1a49ebf86d624b6df8ad93c8c14d77a4c45444,Org1MSP,Func4,"[10106"",""1010600"",""10002"",""1000200""]""",Org1MSP Org2MSP ,VALID,, 10002 10106,,WT,172,16820,0
2022-04-07T17:26:12.662Z,c5194da7572a361cce52596a168b5a73eb6a35a6093c60507028bd7102e0802e,Org1MSP,Func7,"[297"",""100"",""97"",""100""]""",Org1MSP Org2MSP ,VALID, 297 97, 297 97,,UT,172,16888,0
2022-04-07T17:26:12.664Z,e7d62eb6fff24e46691ed3646e5ed154f5ae4280c5f5ca6115e2252a982281a3,Org1MSP,Func7,"[4"",""100"",""4013"",""100""]""",Org1MSP Org2MSP ,VALID, 4 4013, 4 4013,,UT,172,16915,0
2022-04-07T17:26:12.665Z,74d03cbf79b96541d3da4ea051217c3167cba1c8cc86ffdfeb92ff128a87273d,Org1MSP,Func7,"[208"",""100"",""2039"",""100""]""",Org1MSP Org2MSP ,VALID, 2039 208, 2039 208,,UT,172,16865,0
2022-04-07T17:26:12.667Z,7767889ae07fd86e70eff23b01c9b3c3e5d351f1eddb2a0a0951962f5c593777,Org1MSP,Func1,"[17"",""660""]""",Org1MSP Org2MSP ,VALID, 17 660,,,RT,172,16866,0
2022-04-07T17:26:12.755Z,7b1981193d30bbc46250ec93cdf54b2be49f2a9d003b4ce6e127157d24f7ae4c,Org1MSP,Func4,"[12316"",""1231600"",""10002"",""1000200""]""",Org1MSP Org2MSP ,VALID,, 10002 12316,,WT,172,16868,0
2022-04-07T17:26:12.757Z,d4b90bbb3f5647260b0cdca2df82a0218e8e1fda859d65bac96129a0f1917f92,Org1MSP,Func4,"[10000"",""1000000"",""10004"",""1000400""]""",Org1MSP Org2MSP ,VALID,, 10000 10004,,WT,172,16896,0
2022-04-07T17:26:12.758Z,1ae17709457f517921989ff32146d8b2a297f528e1d5b553a22a2ab197d3eb75,Org1MSP,Func4,"[10020"",""1002000"",""10002"",""1000200""]""",Org1MSP Org2MSP ,VALID,, 10002 10020,,WT,172,16832,0
2022-04-07T17:26:12.762Z,215bd96094be18d42cacc87eda82e3c82204dbbc1df1b75adf404f632ed753b3,Org1MSP,Func4,"[10038"",""1003800"",""12520"",""1252000""]""",Org1MSP Org2MSP ,VALID,, 10038 12520,,WT,172,16837,0
2022-04-07T17:26:12.762Z,3934b768e179e92eab54bf1162b5eca2429f515797253893fb1d8365de89d2f8,Org1MSP,Func4,"[16654"",""1665400"",""10369"",""1036900""]""",Org1MSP Org2MSP ,VALID,, 10369 16654,,WT,172,16844,0
2022-04-07T17:26:12.763Z,3aa299d82936f661c6bf944f0eb1a9f998b24dfd2005e1fb74a546064c19f97c,Org1MSP,Func4,"[17928"",""1792800"",""10000"",""1000000""]""",Org1MSP Org2MSP ,VALID,, 10000 17928,,WT,172,16847,0
2022-04-07T17:26:12.763Z,7cad12ca4ed75dd6dcb26ab13c8f03d056dc4362f5399b6155d1791ff194f2f7,Org1MSP,Func7,"[48"",""100"",""27"",""100""]""",Org1MSP Org2MSP ,VALID, 27 48, 27 48,,UT,172,16916,0
2022-04-07T17:26:12.764Z,ac21141234ad1609325836641d6c39bfbe8dbdea28f1bb204a11676f8af12da4,Org1MSP,Func4,"[10030"",""1003000"",""10024"",""1002400""]""",Org1MSP Org2MSP ,VALID,, 10024 10030,,WT,172,16883,0
2022-04-07T17:26:12.766Z,06aaeac5403ce2be8827e92394563524912dfb851c9237e8fb6ee07962376318,Org1MSP,Func7,"[7493"",""100"",""9"",""100""]""",Org1MSP Org2MSP ,VALID, 7493 9, 7493 9,,UT,172,16823,0
2022-04-07T17:26:12.855Z,c3660fe028a8d26573dc2340b778d8ca67543fe6e573b43efd4111dca3cb47af,Org1MSP,Func4,"[10206"",""1020600"",""11259"",""1125900""]""",Org1MSP Org2MSP ,VALID,, 10206 11259,,WT,172,16887,0
2022-04-07T17:26:12.856Z,8e81430f7aa5ad13a9c67fa7c70d4d448ab1961502f7fbae8d20296378c22069,Org1MSP,Func4,"[10483"",""1048300"",""10013"",""1001300""]""",Org1MSP Org2MSP ,VALID,, 10013 10483,,WT,172,16873,0
2022-04-07T17:26:12.859Z,1c1b366beb44d5f79599c223aafe22de3063dcfcd8e9c86384f72e43cd313b82,Org1MSP,Func4,"[10004"",""1000400"",""10465"",""1046500""]""",Org1MSP Org2MSP ,VALID,, 10004 10465,,WT,172,16833,0
2022-04-07T17:26:12.859Z,cafb47aa561ec586220a09b897392336b96064d00aac32141ef5457651fd0929,Org1MSP,Func4,"[19554"",""1955400"",""10058"",""1005800""]""",Org1MSP Org2MSP ,VALID,, 10058 19554,,WT,172,16890,0
2022-04-07T17:26:12.863Z,9ea8e183f056f4ac94979d41bd24728f9db9f728d165f2aaf85fc136fab9e619,Org1MSP,Func7,"[15"",""100"",""109"",""100""]""",Org1MSP Org2MSP ,VALID, 109 15, 109 15,,UT,172,16878,0
2022-04-07T17:26:12.863Z,b12238d9a9b9bab06441c974ca8eb23ae940bca7e926cb5701a1f855f7be7d78,Org1MSP,Func4,"[10429"",""1042900"",""10107"",""1010700""]""",Org1MSP Org2MSP ,VALID,, 10107 10429,,WT,172,16884,0
2022-04-07T17:26:12.863Z,e955c40b2ca5f55f4b05091da9cfcfa50f5b73e1ee0bcbdd085ad8fc9c1c6bdc,Org1MSP,Func7,"[772"",""100"",""2653"",""100""]""",Org1MSP Org2MSP ,VALID, 2653 772, 2653 772,,UT,172,16905,0
2022-04-07T17:26:12.864Z,4a02ead66a64731c347b2e1cb42e2bedc4a4a5b9910ba398440904291342ec93,Org1MSP,Func4,"[10007"",""1000700"",""10319"",""1031900""]""",Org1MSP Org2MSP ,VALID,, 10007 10319,,WT,172,16852,0
2022-04-07T17:26:12.866Z,fc912b1574753b9802e1d8264111d6fd65e80bdc6950f4c6c3d510a8677ed597,Org1MSP,Func4,"[14990"",""1499000"",""10003"",""1000300""]""",Org1MSP Org2MSP ,VALID,, 10003 14990,,WT,172,16913,0
2022-04-07T17:26:12.955Z,8dacdeb444b117f5c7989355b68609687447d55033b315f4adb870e8b36731fa,Org1MSP,Func4,"[11334"",""1133400"",""13432"",""1343200""]""",Org1MSP Org2MSP ,VALID,, 11334 13432,,WT,172,16872,0
2022-04-07T17:26:12.957Z,1eb2954134a8aba641a171f830ca62e7b9f2b17e949407acf34b76036e7410cc,Org1MSP,Func4,"[10859"",""1085900"",""10009"",""1000900""]""",Org1MSP Org2MSP ,VALID,, 10009 10859,,WT,172,16835,0
2022-04-07T17:26:12.957Z,6286e1c131540ed83a2386730f774f2077b4120655a2062b973cd4d2e853e392,Org1MSP,Func4,"[10001"",""1000100"",""10311"",""1031100""]""",Org1MSP Org2MSP ,VALID,, 10001 10311,,WT,172,16861,0
2022-04-07T17:26:12.959Z,d5c5e13da6e6c565dbd50236173070e9f8b087a6965896cfc1728d303d101e5a,Org1MSP,Func4,"[10000"",""1000000"",""10004"",""1000400""]""",Org1MSP Org2MSP ,VALID,, 10000 10004,,WT,172,16897,0
2022-04-07T17:26:12.961Z,90f656e8649ba5dfa4e434a5ced2a898837a3f388d66f34bcb93e89fe1488335,Org1MSP,Func1,"[5"",""11""]""",Org1MSP Org2MSP ,VALID, 11 5,,,RT,172,16874,0
2022-04-07T17:26:12.963Z,4c782f6b1d4d0a76c8b66fb9a070ac0a85adb34d77d2e981d347443a2f369796,Org1MSP,Func4,"[12340"",""1234000"",""10040"",""1004000""]""",Org1MSP Org2MSP ,VALID,, 10040 12340,,WT,172,16854,0
2022-04-07T17:26:12.963Z,0bf75cbfc500f1fc1aee859e8eb1e830e5cf376f1b47f73d1788c569b6f00877,Org1MSP,Func1,"[25"",""1""]""",Org1MSP Org2MSP ,VALID, 1 25,,,RT,172,16917,0
2022-04-07T17:26:12.964Z,1f808bb8569194173099790b2b9ecfc25d2128423ae53824954e50be9fc39e2e,Org1MSP,Func4,"[13462"",""1346200"",""10006"",""1000600""]""",Org1MSP Org2MSP ,VALID,, 10006 13462,,WT,172,16836,0
2022-04-07T17:26:12.965Z,29a183e1ca47596c01e6b62abd0bf442784693f173236ebb8401f4e0be6237de,Org1MSP,Func4,"[10000"",""1000000"",""10405"",""1040500""]""",Org1MSP Org2MSP ,VALID,, 10000 10405,,WT,172,16840,0
2022-04-07T17:26:12.968Z,eaf0e9ea6fcfa665400e4765b896b211086c3bbc5dbcf98d710c42e84d254695,Org1MSP,Func4,"[10000"",""1000000"",""14993"",""1499300""]""",Org1MSP Org2MSP ,VALID,, 10000 14993,,WT,172,16907,0
2022-04-07T17:26:13.055Z,b61883bfbfb1e7fc2b0f4ebc7c10c3cf4340ac67305bb956b9e5466fc9672c9e,Org1MSP,Func7,"[107"",""100"",""29"",""100""]""",Org1MSP Org2MSP ,VALID, 107 29, 107 29,,UT,172,16885,0
2022-04-07T17:26:13.057Z,f8251d443ca9370ba91f09f2b8dbf88dd571a8ea17407d009d76eb80488df7bc,Org1MSP,Func4,"[19513"",""1951300"",""10027"",""1002700""]""",Org1MSP Org2MSP ,VALID,, 10027 19513,,WT,172,16911,0
2022-04-07T17:26:13.058Z,9417e63c70d2c691693a6f64acea55f6d850e20a2d17f59ce9875e4c561d0923,Org1MSP,Func7,"[36"",""100"",""6033"",""100""]""",Org1MSP Org2MSP ,VALID, 36 6033, 36 6033,,UT,172,16876,0
2022-04-07T17:26:13.059Z,06209e5300843664f6571f671dcbd172e75553fc0e1d801064cfcfc0058d77f7,Org1MSP,Func4,"[15901"",""1590100"",""11679"",""1167900""]""",Org1MSP Org2MSP ,VALID,, 11679 15901,,WT,172,16821,0
2022-04-07T17:26:13.061Z,0b7395cc6bd8b08766a3e4b5fdd236bbaa715e720c670393afb83d9c30223f9b,Org1MSP,Func4,"[12387"",""1238700"",""13655"",""1365500""]""",Org1MSP Org2MSP ,VALID,, 12387 13655,,WT,172,16825,0
2022-04-07T17:26:13.063Z,3256b2df3a19db1701f68dc6cb3ee8e3d19ced73b01490c4f924dee1bf22a2c4,Org1MSP,Func4,"[10029"",""1002900"",""10041"",""1004100""]""",Org1MSP Org2MSP ,VALID,, 10029 10041,,WT,172,16843,0
2022-04-07T17:26:13.063Z,6001c6d7cc6428b3941307ea0d811820780b37eef6ec6cba2d5ee92bd835275d,Org1MSP,Func4,"[10059"",""1005900"",""10428"",""1042800""]""",Org1MSP Org2MSP ,VALID,, 10059 10428,,WT,172,16858,0
2022-04-07T17:26:13.064Z,2628b2ec5d55b60fdad79bee7c005daa16135c5959c0576ca0d6ac0545affa6b,Org1MSP,Func4,"[11391"",""1139100"",""10000"",""1000000""]""",Org1MSP Org2MSP ,VALID,, 10000 11391,,WT,172,16839,0
2022-04-07T17:26:13.066Z,1dd6200c6a6283b6e151c997b4147c82f0f71048a17776fc6ef1234f0f461a97,Org1MSP,Func1,"[914"",""480""]""",Org1MSP Org2MSP ,VALID, 480 914,,,RT,172,16834,0
2022-04-07T17:26:13.155Z,4bcc4d1d1fca4e224dcea790244aedbad5d3073658d8944fb17568f4d7b4e95d,Org1MSP,Func4,"[10016"",""1001600"",""11732"",""1173200""]""",Org1MSP Org2MSP ,VALID,, 10016 11732,,WT,172,16853,0
2022-04-07T17:26:13.159Z,06b5d554ee0f8bad8b267043b7409b51d775d685389a46f23afd296e5154475d,Org1MSP,Func1,"[4"",""27""]""",Org1MSP Org2MSP ,VALID, 27 4,,,RT,172,16824,0
2022-04-07T17:26:13.159Z,79393f2eb2d7565685a116adbc6687994d3bdc64c0c659964900f611b41829cb,Org1MSP,Func4,"[10148"",""1014800"",""12164"",""1216400""]""",Org1MSP Org2MSP ,VALID,, 10148 12164,,WT,172,16867,0
2022-04-07T17:26:13.160Z,ea7dffaa50f434ec8f531768422f3af959ec56c074d282007bb6615f28f5a07e,Org1MSP,Func4,"[10003"",""1000300"",""10065"",""1006500""]""",Org1MSP Org2MSP ,VALID,, 10003 10065,,WT,172,16906,0
2022-04-07T17:26:13.163Z,d6ecdcff8a2c3e2b2d7962c357613f131acd8c9fb6c2472e3a93e05035f1156a,Org1MSP,Func4,"[11820"",""1182000"",""13736"",""1373600""]""",Org1MSP Org2MSP ,VALID,, 11820 13736,,WT,172,16899,0
2022-04-07T17:26:13.164Z,3d70c54d6dda1e1275263e2839afa5f55a060a55fa3baf5255d75bfc9476963d,Org1MSP,Func4,"[13002"",""1300200"",""11891"",""1189100""]""",Org1MSP Org2MSP ,VALID,, 11891 13002,,WT,172,16849,0
2022-04-07T17:26:13.164Z,f01fcec832c67d156108eb5ec417e9ab03b22ef721d1aa73fe6274e765f1a1d9,Org1MSP,Func1,"[303"",""2488""]""",Org1MSP Org2MSP ,VALID, 2488 303,,,RT,172,16909,0
2022-04-07T17:26:13.165Z,1425c72628f77750d95147bc5da209ec2c1232716adb98825bbe68c02377b57e,Org1MSP,Func4,"[10001"",""1000100"",""13522"",""1352200""]""",Org1MSP Org2MSP ,VALID,, 10001 13522,,WT,172,16829,0
2022-04-07T17:26:13.167Z,a47ccba9bd031d5e9f7899f198fe658c182661f75b5fcd343fd4998bf980bc27,Org1MSP,Func7,"[1"",""100"",""65"",""100""]""",Org1MSP Org2MSP ,VALID, 1 65, 1 65,,UT,172,16921,0
2022-04-07T17:26:13.261Z,a1d7b184136eb6886b2103ff639a52ab9dfd05fc9c60009bab2deb1eb4e68ff7,Org1MSP,Func4,"[10004"",""1000400"",""10010"",""1001000""]""",Org1MSP Org2MSP ,VALID,, 10004 10010,,WT,172,16881,0
2022-04-07T17:26:13.262Z,48778e8b4b6b351aa32a4a0b66696955c40937aa7b2c6089fe2e9ede2c3f4442,Org1MSP,Func7,"[3"",""100"",""22"",""100""]""",Org1MSP Org2MSP ,VALID, 22 3, 22 3,,UT,172,16918,0
2022-04-07T17:26:13.264Z,f9c943f8d707f99e0c6e9f122c3d784b443fc97bf2a1b98e7644e5039b47069e,Org1MSP,Func1,"[20"",""2""]""",Org1MSP Org2MSP ,VALID, 2 20,,,RT,172,16912,0
2022-04-07T17:26:13.265Z,cf9ceecc1c204e8405bf20870695c7a58d21ddcf165cc656b5aa3eac0f8cd6b6,Org1MSP,Func4,"[11888"",""1188800"",""14625"",""1462500""]""",Org1MSP Org2MSP ,VALID,, 11888 14625,,WT,172,16893,0
2022-04-07T17:26:13.266Z,e8cbf4591936bb6f551960894840a11e4909612fd1e7d8fbc3994a0ce40cf927,Org1MSP,Func4,"[10011"",""1001100"",""10000"",""1000000""]""",Org1MSP Org2MSP ,VALID,, 10000 10011,,WT,172,16903,0
2022-04-07T17:26:13.268Z,95e7caee56fd9926ede8cc7621c42f6c4a2b5d467f79f5866b8cc8540656adb2,Org1MSP,Func4,"[12762"",""1276200"",""10098"",""1009800""]""",Org1MSP Org2MSP ,VALID,, 10098 12762,,WT,172,16877,0
2022-04-07T17:26:13.270Z,7b2709176222b337eb8a85d6a401bbf2437c3c068f7e6d8104620441b1e78511,Org1MSP,Func4,"[10001"",""1000100"",""10001"",""1000100""]""",Org1MSP Org2MSP ,VALID,, 10001,,WT,172,16869,0
2022-04-07T17:26:13.277Z,129e143c50ec8677f7d990da5998eba3703cb13e686d2eb9d60e1038f804e304,Org1MSP,Func4,"[10001"",""1000100"",""10014"",""1001400""]""",Org1MSP Org2MSP ,VALID,, 10001 10014,,WT,172,16828,0
2022-04-07T17:26:13.278Z,cfc15e963cd1bf718f9de753ffde7bbead9240af9d6b9bf38e49ba2eecc45302,Org1MSP,Func4,"[10004"",""1000400"",""12316"",""1231600""]""",Org1MSP Org2MSP ,VALID,, 10004 12316,,WT,172,16894,0
2022-04-07T17:26:13.358Z,c683b27b276d5a33b3d56565e2e1960203f5f265a0255f45df2beba20746db70,Org1MSP,Func4,"[14666"",""1466600"",""10055"",""1005500""]""",Org1MSP Org2MSP ,VALID,, 10055 14666,,WT,172,16889,0
2022-04-07T17:26:13.359Z,932cc113e7f14fa0902cb9b47ca0240527849dc6571e66a302e18d6c914dfb7d,Org1MSP,Func4,"[10666"",""1066600"",""10010"",""1001000""]""",Org1MSP Org2MSP ,VALID,, 10010 10666,,WT,172,16875,0
2022-04-07T17:26:13.361Z,0e68dd794e54118cccdd2679c698908a5e25402149ce933dbb53180220bb3ed3,Org1MSP,Func4,"[10258"",""1025800"",""10917"",""1091700""]""",Org1MSP Org2MSP ,VALID,, 10258 10917,,WT,172,16826,0
2022-04-07T17:26:13.361Z,49271423d107324290a5df3c8c7590652d6f92914fec92fcb84b9d1409de2660,Org1MSP,Func4,"[10044"",""1004400"",""10005"",""1000500""]""",Org1MSP Org2MSP ,VALID,, 10005 10044,,WT,172,16851,0
2022-04-07T17:26:13.362Z,8983a8b76062a40030eb0610c2476f7573d037d8bc35a2b4bc6770ca8b507ec4,Org1MSP,Func1,"[16"",""722""]""",Org1MSP Org2MSP ,VALID, 16 722,,,RT,172,16871,0
2022-04-07T17:26:13.363Z,3dd0afb8951c4edbf2fc8dee6d849cdfc2f3b7340e949ef6444f8b5d8807df63,Org1MSP,Func4,"[10023"",""1002300"",""10002"",""1000200""]""",Org1MSP Org2MSP ,VALID,, 10002 10023,,WT,172,16850,0
2022-04-07T17:26:13.363Z,99dc21146bd5fe71d0bf5ffc7a10c16932a027e1daa7a15c51db9b2276f075e7,Org1MSP,Func1,"[3807"",""10""]""",Org1MSP Org2MSP ,VALID, 10 3807,,,RT,172,16919,0
2022-04-07T17:26:13.364Z,cea9d7dfa9629af92a4a49c8ddb2b89ea8449a2d2f73856e91054bce29a30195,Org1MSP,Func4,"[10011"",""1001100"",""14740"",""1474000""]""",Org1MSP Org2MSP ,VALID,, 10011 14740,,WT,172,16892,0
2022-04-07T17:26:13.368Z,bd06c16fd46b4c70eb42e5aa30e4a189c45c396c8db7b2b5bd02d899374759d5,Org1MSP,Func4,"[10032"",""1003200"",""10528"",""1052800""]""",Org1MSP Org2MSP ,VALID,, 10032 10528,,WT,172,16886,0
2022-04-07T17:26:13.455Z,398346b41d2c92b65604474254fbfdfcec8eb6f6716001d47ded217bf7196ad1,Org1MSP,Func1,"[6"",""545""]""",Org1MSP Org2MSP ,VALID, 545 6,,,RT,173,16940,0
2022-04-07T17:26:13.457Z,ef88a337a63968b22e412806ece1c05dee3125b3393794b15d7f3932b4b58aac,Org1MSP,Func7,"[827"",""100"",""447"",""100""]""",Org1MSP Org2MSP ,VALID, 447 827, 447 827,,UT,173,16999,0
2022-04-07T17:26:13.459Z,63abc449ef5a513aedc64c879a2face93ed6242c9f5e90ce5090537f320fa732,Org1MSP,Func1,"[56"",""6""]""",Org1MSP Org2MSP ,VALID, 56 6,,,RT,173,16954,0
2022-04-07T17:26:13.459Z,807452f97948daed6021dfa71023752fff89a6ec0782cb769731e929704ae929,Org1MSP,Func4,"[10028"",""1002800"",""10294"",""1029400""]""",Org1MSP Org2MSP ,VALID,, 10028 10294,,WT,173,16964,0
2022-04-07T17:26:13.461Z,8dc26f8ebcee88049d4a2e412886b1b1db6190371bf75f15fd80a0febbd0a08b,Org1MSP,Func4,"[10004"",""1000400"",""10000"",""1000000""]""",Org1MSP Org2MSP ,VALID,, 10000 10004,,WT,173,16969,0
2022-04-07T17:26:13.462Z,b58ec80fe38ae5f80304abbab1aee6d69573fee6db78ee721f11e6ddef243275,Org1MSP,Func4,"[13969"",""1396900"",""11455"",""1145500""]""",Org1MSP Org2MSP ,VALID,, 11455 13969,,WT,173,16980,0
2022-04-07T17:26:13.462Z,d3eeda7f25060775b08cf9e5a8992cb390896ee984e43c34cd7d47b8b73ea3b7,Org1MSP,Func1,"[1061"",""2""]""",Org1MSP Org2MSP ,VALID, 1061 2,,,RT,173,16987,0
2022-04-07T17:26:13.464Z,2a5eeb48e9468ec8b6e6eba44b419bff87943558a046add669dc57a835b98627,Org1MSP,Func4,"[10020"",""1002000"",""17342"",""1734200""]""",Org1MSP Org2MSP ,VALID,, 10020 17342,,WT,173,16937,0
2022-04-07T17:26:13.464Z,fda77e8ca7efc0b22b0a79b7324f3ba57ffc03335e74d92cea0d8af0b793d4e0,Org1MSP,Func4,"[12639"",""1263900"",""13560"",""1356000""]""",Org1MSP Org2MSP ,VALID,, 12639 13560,,WT,173,17006,0
2022-04-07T17:26:13.466Z,5365ad766229226ba1cd1c49e12a7beb167eaa56b78e6832d520be29608804bd,Org1MSP,Func7,"[571"",""100"",""6583"",""100""]""",Org1MSP Org2MSP ,VALID, 571 6583, 571 6583,,UT,173,16948,0
2022-04-07T17:26:13.557Z,8be6d02685567ca2ea79d24a20dc550a8ef806cbe034a91c05b3c8c12cd8f5d1,Org1MSP,Func4,"[10037"",""1003700"",""10000"",""1000000""]""",Org1MSP Org2MSP ,VALID,, 10000 10037,,WT,173,16968,0
2022-04-07T17:26:13.557Z,966babcf5748afa648683c9205985863d8dc4b40acd3a23224f85c419e0cacb4,Org1MSP,Func4,"[10178"",""1017800"",""10016"",""1001600""]""",Org1MSP Org2MSP ,VALID,, 10016 10178,,WT,173,16972,0
2022-04-07T17:26:13.558Z,99bc1ee9360dbc968bf2e7ac569c3fe9937c7ed36376377d7ccd33483bbaf3f0,Org1MSP,Func4,"[10007"",""1000700"",""14438"",""1443800""]""",Org1MSP Org2MSP ,VALID,, 10007 14438,,WT,173,16973,0
2022-04-07T17:26:13.560Z,3b24536245bd6be3596e6ab922bc81044b10832b8e50581c5e1b2792c3f4cdf4,Org1MSP,Func1,"[1765"",""361""]""",Org1MSP Org2MSP ,VALID, 1765 361,,,RT,173,16941,0
2022-04-07T17:26:13.562Z,9a2b3435dcedc6a7a29912c037160808ce57796f0042d40660ecf3103f51de0b,Org1MSP,Func4,"[10045"",""1004500"",""10423"",""1042300""]""",Org1MSP Org2MSP ,VALID,, 10045 10423,,WT,173,16974,0
2022-04-07T17:26:13.562Z,f487c76b730c0236d5e1722cffc6deac2744815577541708a4037bd421332334,Org1MSP,Func7,"[18"",""100"",""3322"",""100""]""",Org1MSP Org2MSP ,VALID, 18 3322, 18 3322,,UT,173,17001,0
2022-04-07T17:26:13.564Z,8688badbfbae3364d13bbc5edf6cf0303e3b808b1aec8f6701a366007c1dace3,Org1MSP,Func1,"[63"",""228""]""",Org1MSP Org2MSP ,VALID, 228 63,,,RT,173,16967,0
2022-04-07T17:26:13.566Z,6ebee87ddd2a760d2d332fbc0124396480d5ed82962fec764e75680a75993f98,Org1MSP,Func4,"[11771"",""1177100"",""10042"",""1004200""]""",Org1MSP Org2MSP ,VALID,, 10042 11771,,WT,173,16958,0
2022-04-07T17:26:13.656Z,79127cc7a6f3c65930ee9113cc899571d2c77403302cf13babc50d0bf6a75a8e,Org1MSP,Func4,"[13314"",""1331400"",""10001"",""1000100""]""",Org1MSP Org2MSP ,VALID,, 10001 13314,,WT,173,16962,0
2022-04-07T17:26:13.657Z,f015ab32fb5b8870a2d6ebddde4c0c887f2c5abadffb3238ea2b59ab455121e4,Org1MSP,Func4,"[10162"",""1016200"",""10305"",""1030500""]""",Org1MSP Org2MSP ,VALID,, 10162 10305,,WT,173,17000,0
2022-04-07T17:26:13.659Z,02fe7c537c329ac70a3c6ab7fbedd431425cf2e97b92bb3ad918b766c7fceb03,Org1MSP,Func4,"[13351"",""1335100"",""10017"",""1001700""]""",Org1MSP Org2MSP ,VALID,, 10017 13351,,WT,173,16923,0
2022-04-07T17:26:13.659Z,095230e814ef629e6fe4f9e51d7f984a8e764720e9edecc7476d1309fe24b11e,Org1MSP,Func1,"[1832"",""4""]""",Org1MSP Org2MSP ,VALID, 1832 4,,,RT,173,16927,0
2022-04-07T17:26:13.659Z,42945e9815fd50f57dc8c9ab1544868377daf173cbc9a45bae55396e587e18c0,Org1MSP,Func4,"[10255"",""1025500"",""10093"",""1009300""]""",Org1MSP Org2MSP ,VALID,, 10093 10255,,WT,173,16945,0
2022-04-07T17:26:13.661Z,b87112f7a6b7b82a894c5b2e9f6a8319eb921251a3b457458c50695a8459b04c,Org1MSP,Func4,"[11418"",""1141800"",""10004"",""1000400""]""",Org1MSP Org2MSP ,VALID,, 10004 11418,,WT,173,16981,0
2022-04-07T17:26:13.663Z,417d60d7c3bc86d8857e6d7d91db3de01f293ed3ee75ad24392fe22c7e745ed9,Org1MSP,Func4,"[14644"",""1464400"",""12652"",""1265200""]""",Org1MSP Org2MSP ,VALID,, 12652 14644,,WT,173,16943,0
2022-04-07T17:26:13.664Z,0a64d99c41dafbb5f73bb3472619f715cfa58c682fcaa59f5a606b107ad8733d,Org1MSP,Func4,"[11298"",""1129800"",""10276"",""1027600""]""",Org1MSP Org2MSP ,VALID,, 10276 11298,,WT,173,16928,0
2022-04-07T17:26:13.664Z,71696e7d6d95417a5dc1064979d5069225e7fa152b7ac40bf68d5287f1ab6201,Org1MSP,Func4,"[10020"",""1002000"",""10014"",""1001400""]""",Org1MSP Org2MSP ,VALID,, 10014 10020,,WT,173,16960,0
2022-04-07T17:26:13.666Z,e8b6d4f5dafbbcda165c9d7097452aa4f7b70f9e98929e4fcf08949b17e6afb8,Org1MSP,Func4,"[12335"",""1233500"",""10143"",""1014300""]""",Org1MSP Org2MSP ,VALID,, 10143 12335,,WT,173,16995,0
2022-04-07T17:26:13.756Z,3e553fec0f02c6cc9a549a6934d328d6a59e1cac32059e2ae394092260ced6ea,Org1MSP,Func1,"[7"",""7""]""",Org1MSP Org2MSP ,VALID, 7,,,RT,173,16942,0
2022-04-07T17:26:13.757Z,fd26e983f40def009abbefd5175f2eee03cd627fc6027aab49512a690fb645a0,Org1MSP,Func1,"[252"",""2""]""",Org1MSP Org2MSP ,VALID, 2 252,,,RT,173,17004,0
2022-04-07T17:26:13.759Z,0bee63ddb43c04e57f9489afb2eb4168a3ded9898dddbb7d4c8d44618f7c8a56,Org1MSP,Func1,"[57"",""760""]""",Org1MSP Org2MSP ,VALID, 57 760,,,RT,173,16929,0
2022-04-07T17:26:13.759Z,10484fdfdd497e0ddead886f3af526279fdccf1353a9bc5e4ce87dc69ef2a3ec,Org1MSP,Func4,"[11770"",""1177000"",""10674"",""1067400""]""",Org1MSP Org2MSP ,VALID,, 10674 11770,,WT,173,16930,0
2022-04-07T17:26:13.759Z,8254615a673b922d649af667a71ee05342fe690bf89e7dfcee3c53cb814a2d71,Org1MSP,Func7,"[199"",""100"",""1100"",""100""]""",Org1MSP Org2MSP ,VALID, 1100 199, 1100 199,,UT,173,16965,0
2022-04-07T17:26:13.760Z,60fa342fefd398655db077f26bb8d9290eb49ba3460823e701b77c2633985033,Org1MSP,Func4,"[10041"",""1004100"",""16665"",""1666500""]""",Org1MSP Org2MSP ,VALID,, 10041 16665,,WT,173,16952,0
2022-04-07T17:26:13.763Z,55c0c2ff96664430d2e23ef5bec961fc9b4a393a0f033ccddd1b241a8132124f,Org1MSP,Func1,"[56"",""1196""]""",Org1MSP Org2MSP ,VALID, 1196 56,,,RT,173,16949,0
2022-04-07T17:26:13.764Z,8295a44e7daf454cb1348dcd732592034fa6f4106524fbd90a3b432b0ee672f1,Org1MSP,Func4,"[10026"",""1002600"",""11157"",""1115700""]""",Org1MSP Org2MSP ,VALID,, 10026 11157,,WT,173,16966,0
2022-04-07T17:26:13.766Z,59083dfef0a6038da82b206f143ac35e8644104e5cd8f2deab61e325c63be051,Org1MSP,Func4,"[10094"",""1009400"",""10426"",""1042600""]""",Org1MSP Org2MSP ,VALID,, 10094 10426,,WT,173,16950,0
2022-04-07T17:26:13.860Z,04868f6382243a9c558f97d636eb8344770755769b64fcc7fbc8de6c5df4f1e3,Org1MSP,Func4,"[10960"",""1096000"",""10204"",""1020400""]""",Org1MSP Org2MSP ,VALID,, 10204 10960,,WT,173,16924,0
2022-04-07T17:26:13.860Z,92d87b3dba0693e2cff4f86c4ef1ce25841b17e427719e4718e7936a42602b81,Org1MSP,Func4,"[10070"",""1007000"",""10034"",""1003400""]""",Org1MSP Org2MSP ,VALID,, 10034 10070,,WT,173,16970,0
2022-04-07T17:26:13.860Z,e0272b3acf410949aef99d674f57ee780eedcffbec8c6adf540f87ade6e93331,Org1MSP,Func1,"[1"",""14""]""",Org1MSP Org2MSP ,VALID, 1 14,,,RT,173,16989,0
2022-04-07T17:26:13.861Z,23f7e8c154e1ca3f826f67547f55f165f192398f4595073b6eef6432539f15e3,Org1MSP,Func4,"[10172"",""1017200"",""10512"",""1051200""]""",Org1MSP Org2MSP ,VALID,, 10172 10512,,WT,173,16935,0
2022-04-07T17:26:13.861Z,c5fb715853f37161ec4b2a134dfe8ee4831164c93252f90eb263d65d5b1b0275,Org1MSP,Func7,"[209"",""100"",""31"",""100""]""",Org1MSP Org2MSP ,VALID, 209 31, 209 31,,UT,173,16985,0
2022-04-07T17:26:13.862Z,1f34e582a02cd9d6ef81db0b8a95c168445d849e913eab1cf727561a6dfa574e,Org1MSP,Func4,"[10004"",""1000400"",""10541"",""1054100""]""",Org1MSP Org2MSP ,VALID,, 10004 10541,,WT,173,16934,0
2022-04-07T17:26:13.863Z,e19bdb7f3f633c9477b17c48669147cc395791777da1e473584377886712be2e,Org1MSP,Func4,"[10067"",""1006700"",""10001"",""1000100""]""",Org1MSP Org2MSP ,VALID,, 10001 10067,,WT,173,16990,0
2022-04-07T17:26:13.863Z,e1a45abfeb15a94e4c12630a986967851ad815bd7faba380e27cec29aea72dcf,Org1MSP,Func4,"[10328"",""1032800"",""10003"",""1000300""]""",Org1MSP Org2MSP ,VALID,, 10003 10328,,WT,173,16991,0
2022-04-07T17:26:13.866Z,bd5ed0593f7693d5c0f5f769d9eae640caa9809264205aa35daa592565811bc4,Org1MSP,Func1,"[4"",""1""]""",Org1MSP Org2MSP ,VALID, 1 4,,,RT,173,16984,0
2022-04-07T17:26:13.866Z,ec3e77b9662cd4bf7f38fe495547c60366c20b8ba0a05f73f0c0bea497180aaf,Org1MSP,Func1,"[4445"",""2987""]""",Org1MSP Org2MSP ,VALID, 2987 4445,,,RT,173,16996,0
2022-04-07T17:26:13.958Z,688043b5fa4e855775df1949ad9437364a199836a4b007c743bcf2ddcbe8a32a,Org1MSP,Func4,"[10606"",""1060600"",""10000"",""1000000""]""",Org1MSP Org2MSP ,VALID,, 10000 10606,,WT,173,16957,0
2022-04-07T17:26:13.958Z,a45647343dcd2307f8c24332ea8041b16f5c277a1f3e6453f68fea7c3f19b732,Org1MSP,Func7,"[1007"",""100"",""118"",""100""]""",Org1MSP Org2MSP ,VALID, 1007 118, 1007 118,,UT,173,16978,0
2022-04-07T17:26:13.959Z,7fca0b09b3097e39dc688a4cf25acaa20beae406797ddc3c4b9935b796ce347f,Org1MSP,Func4,"[10234"",""1023400"",""10000"",""1000000""]""",Org1MSP Org2MSP ,VALID,, 10000 10234,,WT,173,16963,0
2022-04-07T17:26:13.959Z,e6215539342d647b3f18189930f88bbcefbb7e7622c1042bd9b0bfb58d1d0638,Org1MSP,Func4,"[10013"",""1001300"",""10093"",""1009300""]""",Org1MSP Org2MSP ,VALID,, 10013 10093,,WT,173,16993,0
2022-04-07T17:26:13.962Z,e6946231aeb1ba58f2d919367732a5d1e5cd82622fe5efd43b6e5da2f2276686,Org1MSP,Func1,"[67"",""1059""]""",Org1MSP Org2MSP ,VALID, 1059 67,,,RT,173,16994,0
2022-04-07T17:26:13.965Z,fac0af0f4acfb2d5c5f53b38e2b1da469b599accadbb3100988718ba758c134c,Org1MSP,Func4,"[14602"",""1460200"",""10003"",""1000300""]""",Org1MSP Org2MSP ,VALID,, 10003 14602,,WT,173,17002,0
2022-04-07T17:26:13.967Z,14d2b3b0b53161edcb615b0577cd596d49f0968c970c9a7d9d59758d5c13c8d2,Org1MSP,Func7,"[8"",""100"",""5462"",""100""]""",Org1MSP Org2MSP ,VALID, 5462 8, 5462 8,,UT,173,17011,0
2022-04-07T17:26:14.056Z,9bdad16b9e590779e468436935cf62dec5bd0ea5df1abafc73f305d2b234888d,Org1MSP,Func4,"[10005"",""1000500"",""10286"",""1028600""]""",Org1MSP Org2MSP ,VALID,, 10005 10286,,WT,173,16975,0
2022-04-07T17:26:14.057Z,393409354b8cb9fa217e4b4f5a19f62e1bd623f3d7d04c41a558db5adc565b83,Org1MSP,Func1,"[26"",""14""]""",Org1MSP Org2MSP ,VALID, 14 26,,,RT,173,16939,0
2022-04-07T17:26:14.058Z,1840b0cf76e5944f21e55cb1bece59ea03fb1945720027be7e6adda5da3fa428,Org1MSP,Func4,"[10148"",""1014800"",""10001"",""1000100""]""",Org1MSP Org2MSP ,VALID,, 10001 10148,,WT,173,16933,0
2022-04-07T17:26:14.059Z,dbb9e4129c9dadf9eda8d10094aa36dd5d0608b5f38fb750b0ad5894ae8b5be1,Org1MSP,Func4,"[10773"",""1077300"",""10019"",""1001900""]""",Org1MSP Org2MSP ,VALID,, 10019 10773,,WT,173,16988,0
2022-04-07T17:26:14.059Z,fd6db2927e2f71ce622fb1e1417f9cd7bfebb25715de7b67714f43171ae367ab,Org1MSP,Func4,"[10052"",""1005200"",""10000"",""1000000""]""",Org1MSP Org2MSP ,VALID,, 10000 10052,,WT,173,17005,0
2022-04-07T17:26:14.061Z,9650fada261ac0bd4d9294d5fd92caadf8e05800288aa0e458fc317bec5613a7,Org1MSP,Func4,"[10001"",""1000100"",""10069"",""1006900""]""",Org1MSP Org2MSP ,VALID,, 10001 10069,,WT,173,16971,0
2022-04-07T17:26:14.062Z,07d0d0e6da67f675e2c765a695a1e57647d40d4790bfa3d249afd2481a00c76a,Org1MSP,Func4,"[10055"",""1005500"",""11853"",""1185300""]""",Org1MSP Org2MSP ,VALID,, 10055 11853,,WT,173,16925,0
2022-04-07T17:26:14.062Z,62aedf7db82008629d8e8103e913701dec58be99f16d9cd16b448963de5c87fd,Org1MSP,Func4,"[10006"",""1000600"",""10002"",""1000200""]""",Org1MSP Org2MSP ,VALID,, 10002 10006,,WT,173,16953,0
2022-04-07T17:26:14.064Z,9ef1fc3a4834360ab5c31a8f75ff22a5f674d929b518c7ef746ad2b4d8e2cdc9,Org1MSP,Func4,"[14981"",""1498100"",""10011"",""1001100""]""",Org1MSP Org2MSP ,VALID,, 10011 14981,,WT,173,16976,0
2022-04-07T17:26:14.067Z,4f399f0e46cb86e17ca868cb2da549ebad195c9572d4b376899a3c439cb0bde8,Org1MSP,Func4,"[10001"",""1000100"",""10186"",""1018600""]""",Org1MSP Org2MSP ,VALID,, 10001 10186,,WT,173,16947,0
2022-04-07T17:26:14.156Z,e5b32b2909adbbc0cd7cc468bec1656f36a4da6ff3da626f59efacf177a345d0,Org1MSP,Func4,"[10015"",""1001500"",""11311"",""1131100""]""",Org1MSP Org2MSP ,VALID,, 10015 11311,,WT,173,16992,0
2022-04-07T17:26:14.158Z,66b534911e22d3b6c4558914e76a3dab6f63b3c69c5c3c8b1e7a7d122d513fdb,Org1MSP,Func4,"[10008"",""1000800"",""10072"",""1007200""]""",Org1MSP Org2MSP ,VALID,, 10008 10072,,WT,173,16956,0
2022-04-07T17:26:14.159Z,5fa005e2980b6e25a3f3b651796a7a723d73f3fd2c600f8f4ec93bac7d31d8d1,Org1MSP,Func4,"[10018"",""1001800"",""10007"",""1000700""]""",Org1MSP Org2MSP ,VALID,, 10007 10018,,WT,173,16951,0
2022-04-07T17:26:14.160Z,6ff8a7faadffcdfd92546a8ae829743b31c91623a001ef173b5822c4c3f5fb0b,Org1MSP,Func7,"[619"",""100"",""40"",""100""]""",Org1MSP Org2MSP ,VALID, 40 619, 40 619,,UT,173,16959,0
2022-04-07T17:26:14.163Z,14781c989a27141f579bc9468be2417a1e2cbc7c105f2cf02bc98177c550e1ad,Org1MSP,Func4,"[10979"",""1097900"",""10148"",""1014800""]""",Org1MSP Org2MSP ,VALID,, 10148 10979,,WT,173,16931,0
2022-04-07T17:26:14.163Z,75aa32e5e7c27db8b50d4753f4d9d5882fae96addcf84d2e3575c785c0b7c3c7,Org1MSP,Func4,"[10043"",""1004300"",""10014"",""1001400""]""",Org1MSP Org2MSP ,VALID,, 10014 10043,,WT,173,16961,0
2022-04-07T17:26:14.163Z,5d5abfaf49b3eb51b971f41891fe3b13ec4a4c8dc3b8df28d7cbcad673071b2b,Org1MSP,Func7,"[6425"",""100"",""1"",""100""]""",Org1MSP Org2MSP ,VALID, 1 6425, 1 6425,,UT,173,17012,0
2022-04-07T17:26:14.164Z,edc5bca2282afc1cde2ad1a6af8f8550b4030f2980ff93a28e0b22468b2ec958,Org1MSP,Func4,"[10011"",""1001100"",""10053"",""1005300""]""",Org1MSP Org2MSP ,VALID,, 10011 10053,,WT,173,16997,0
2022-04-07T17:26:14.168Z,fadf126c928b7f0985b6a3151165bfa682ea25edb2e5ee0198cb4e24bb1b7622,Org1MSP,Func4,"[10262"",""1026200"",""10103"",""1010300""]""",Org1MSP Org2MSP ,VALID,, 10103 10262,,WT,173,17003,0
2022-04-07T17:26:14.256Z,9fa1a1f3601d1e40f85954b85a95153612081214d1ee7426856fb4c0356dd186,Org1MSP,Func4,"[11663"",""1166300"",""10012"",""1001200""]""",Org1MSP Org2MSP ,VALID,, 10012 11663,,WT,173,16977,0
2022-04-07T17:26:14.256Z,cd4a0aaaa6db96b3214e84f8c8a0f2cc022cf2b09f79eb3813bc3d73c069edba,Org1MSP,Func4,"[10009"",""1000900"",""10044"",""1004400""]""",Org1MSP Org2MSP ,VALID,, 10009 10044,,WT,173,16986,0
2022-04-07T17:26:14.258Z,41ede9fc44c1e45803ad5929814e10575348b07ab0bdc801d4da8c5f1dd50672,Org1MSP,Func4,"[10014"",""1001400"",""11707"",""1170700""]""",Org1MSP Org2MSP ,VALID,, 10014 11707,,WT,173,16944,0
2022-04-07T17:26:14.259Z,aa7e96729f735fdbf0aecf2d5746821f4d34d8ba979ca2d8c71776b134553bf5,Org1MSP,Func7,"[52"",""100"",""1148"",""100""]""",Org1MSP Org2MSP ,VALID, 1148 52, 1148 52,,UT,173,16979,0
2022-04-07T17:26:14.261Z,018bf20008a69198eff9b3397c5fff62232dd76142e5c43d312126ee73b24b9a,Org1MSP,Func4,"[10003"",""1000300"",""10009"",""1000900""]""",Org1MSP Org2MSP ,VALID,, 10003 10009,,WT,173,16922,0
2022-04-07T17:26:14.262Z,16eb6ca7e3d172f5f5c18ee407951138935d4850ed4c70cf2e2b864a44e4a303,Org1MSP,Func4,"[10012"",""1001200"",""10319"",""1031900""]""",Org1MSP Org2MSP ,VALID,, 10012 10319,,WT,173,16932,0
2022-04-07T17:26:14.264Z,64e48aff7507131434f3cf5d66ae3ca511fad0bf3966314f77b74fb3d061cbdd,Org1MSP,Func7,"[49"",""100"",""10"",""100""]""",Org1MSP Org2MSP ,VALID, 10 49, 10 49,,UT,173,16955,0
2022-04-07T17:26:14.266Z,26507440ee5180a2986ba9bc1729ed6aae6fb370f41b5b83c825d1d2423ce93e,Org1MSP,Func1,"[20"",""20""]""",Org1MSP Org2MSP ,VALID, 20,,,RT,173,16936,0
2022-04-07T17:26:14.360Z,6e2c783cbc4d18d6c6ae72fe574a12ad51b4963eb82c97be8519ad2cd1558237,Org1MSP,Func1,"[7"",""4""]""",Org1MSP Org2MSP ,VALID, 4 7,,,RT,173,17007,0
2022-04-07T17:26:14.364Z,3601cac493d218fc7156dfe45e40e0134d94a45702557020522a08588047d2e7,Org1MSP,Func4,"[10004"",""1000400"",""11099"",""1109900""]""",Org1MSP Org2MSP ,VALID,, 10004 11099,,WT,173,16938,0
2022-04-07T17:26:14.364Z,bc7d8a7b69e0146ac9e5c4746d737b54882b7418eb85f486423c6331bd2ade01,Org1MSP,Func4,"[10060"",""1006000"",""10064"",""1006400""]""",Org1MSP Org2MSP ,VALID,, 10060 10064,,WT,173,16982,0
2022-04-07T17:26:14.365Z,461f2eef8a3cd264edef6def0d78d2e0bf64dcf5662ebb42f0630c4718a8fb51,Org1MSP,Func1,"[512"",""2784""]""",Org1MSP Org2MSP ,VALID, 2784 512,,,RT,173,16946,0
2022-04-07T17:26:14.370Z,3b51e9c428542f8708439c011a48370e1b10fab7489bd6477ecc4f5c07a52866,Org1MSP,Func1,"[2"",""3""]""",Org1MSP Org2MSP ,VALID, 2 3,,,RT,173,17010,0
2022-04-07T17:26:14.371Z,08e31922c0e93ea9f753a90e66679b3e4e540bca4ec6895f235f2f7e02172d9f,Org1MSP,Func4,"[11999"",""1199900"",""10576"",""1057600""]""",Org1MSP Org2MSP ,VALID,, 10576 11999,,WT,173,16926,0
2022-04-07T17:26:14.372Z,eed0f71eb2c4a7fcd11b1f0b93179001b8ca724bbb8c251ca5d0323e3fe328f6,Org1MSP,Func1,"[5"",""14""]""",Org1MSP Org2MSP ,VALID, 14 5,,,RT,173,16998,0
2022-04-07T17:26:14.376Z,0aa4a164bda726ebd211e2b7bffed712956a730cdc0cedca937adc57302065b3,Org1MSP,Func1,"[4"",""8""]""",Org1MSP Org2MSP ,VALID, 4 8,,,RT,173,17008,0
2022-04-07T17:26:14.387Z,cbb98e1aaa93f9a1a4cce7e986f04227a6719290c71ef7f316111adc3fd31236,Org1MSP,Func1,"[1"",""1""]""",Org1MSP Org2MSP ,VALID, 1,,,RT,173,17009,0
2022-04-07T17:26:14.455Z,bd12639beed693b1f8fdd4d64281e178ec6cad8c7ba70930043ea2ddfa8acdeb,Org1MSP,Func4,"[15178"",""1517800"",""10084"",""1008400""]""",Org1MSP Org2MSP ,VALID,, 10084 15178,,WT,173,16983,0
2022-04-07T17:26:14.457Z,639d6c370f69d3f9342dbe9fa625d8cf29152e50c4d3819b02988d6649aece08,Org1MSP,Func4,"[10033"",""1003300"",""10019"",""1001900""]""",Org1MSP Org2MSP ,VALID,, 10019 10033,,WT,174,17042,0
2022-04-07T17:26:14.457Z,a1ca6ce1c9cab7bd3f5c09fd68c9117b3749c508ca4bb6334c501ed40155198d,Org1MSP,Func4,"[13071"",""1307100"",""10283"",""1028300""]""",Org1MSP Org2MSP ,VALID,, 10283 13071,,WT,174,17069,0
2022-04-07T17:26:14.460Z,360c861716808a5c31e906532d4c77db8932135eede1ef65252b404a1ba8c1ac,Org1MSP,Func7,"[4838"",""100"",""282"",""100""]""",Org1MSP Org2MSP ,VALID, 282 4838, 282 4838,,UT,174,17028,0
2022-04-07T17:26:14.460Z,a197e1c9973060b1f29920de7a3a0c43fb6474f66ca9e6486890d4a7fc2f83fd,Org1MSP,Func4,"[10170"",""1017000"",""13593"",""1359300""]""",Org1MSP Org2MSP ,VALID,, 10170 13593,,WT,174,17068,0
2022-04-07T17:26:14.461Z,1b732b32361fe8cfbe15cdb6fc2ce60ca05b0bf08439b60ca1b1ed4050dc5636,Org1MSP,Func4,"[10084"",""1008400"",""10000"",""1000000""]""",Org1MSP Org2MSP ,VALID,, 10000 10084,,WT,174,17021,0
2022-04-07T17:26:14.462Z,f0c12079a79a55d00971d8ef034fad89f9adfc0f4bb826736df2e06adf0266d2,Org1MSP,Func4,"[18884"",""1888400"",""11224"",""1122400""]""",Org1MSP Org2MSP ,VALID,, 11224 18884,,WT,174,17100,0
2022-04-07T17:26:14.463Z,041e34562b6c7a2729a4028135c74aec8d0164d5edb5e674ed7f7c4057969ef8,Org1MSP,Func4,"[10304"",""1030400"",""10137"",""1013700""]""",Org1MSP Org2MSP ,VALID,, 10137 10304,,WT,174,17016,0
2022-04-07T17:26:14.465Z,448f1bbd4f32677fc23c515e8838e3002628fa733f46d7e19644043339a73f24,Org1MSP,Func4,"[10188"",""1018800"",""10008"",""1000800""]""",Org1MSP Org2MSP ,VALID,, 10008 10188,,WT,174,17034,0
2022-04-07T17:26:14.466Z,fa0f358e16c47d05a86019708c43ca248536e451367a69e911fb7f1be1b1e66a,Org1MSP,Func4,"[13571"",""1357100"",""10030"",""1003000""]""",Org1MSP Org2MSP ,VALID,, 10030 13571,,WT,174,17104,0
2022-04-07T17:26:14.555Z,4e58c0f43b5390645998883c3f1868caaa9c110c0085f6f0a189fd5bfa24e1dc,Org1MSP,Func7,"[4"",""100"",""28"",""100""]""",Org1MSP Org2MSP ,VALID, 28 4, 28 4,,UT,174,17036,0
2022-04-07T17:26:14.557Z,7f132523594d27f90e050622667352cc5be99251a0157e71f16be769e8e8cdf7,Org1MSP,Func4,"[10820"",""1082000"",""10002"",""1000200""]""",Org1MSP Org2MSP ,VALID,, 10002 10820,,WT,174,17051,0
2022-04-07T17:26:14.559Z,6aeb1a6039442e793381853fe7aa7a4dfb98d68abcbedd8b3836e99aa2acd478,Org1MSP,Func4,"[10161"",""1016100"",""10007"",""1000700""]""",Org1MSP Org2MSP ,VALID,, 10007 10161,,WT,174,17045,0
2022-04-07T17:26:14.560Z,a4173350dce09566b3c400ea1eda5dd3f29e567a40d19ca3907a06220ced9ae8,Org1MSP,Func4,"[10010"",""1001000"",""12335"",""1233500""]""",Org1MSP Org2MSP ,VALID,, 10010 12335,,WT,174,17070,0
2022-04-07T17:26:14.561Z,b609f9824dd52be1a01ca47714c0c2630707afc97536875aa95bcfa27a0c31ba,Org1MSP,Func1,"[1"",""2""]""",Org1MSP Org2MSP ,VALID, 1 2,,,RT,174,17074,0
2022-04-07T17:26:14.562Z,243cbc3d689814e79348841fbc5271ed1c2d3dc78dd0158cd2c28bce5f939118,Org1MSP,Func4,"[18089"",""1808900"",""10003"",""1000300""]""",Org1MSP Org2MSP ,VALID,, 10003 18089,,WT,174,17022,0
2022-04-07T17:26:14.562Z,650d58132d55109bc17f2fcbf4ecdb2f667ad61df3d4fde56752fa0b35cee4ff,Org1MSP,Func4,"[10001"",""1000100"",""10000"",""1000000""]""",Org1MSP Org2MSP ,VALID,, 10000 10001,,WT,174,17044,0
2022-04-07T17:26:14.564Z,6f314cb4a602899f9f7cfe05940a3246b85921ff401fb2a4f02595119d6bb2d4,Org1MSP,Func4,"[10330"",""1033000"",""11467"",""1146700""]""",Org1MSP Org2MSP ,VALID,, 10330 11467,,WT,174,17046,0
2022-04-07T17:26:14.566Z,11bba9e6afa3da8930e2d656f4c924cdf5d440302ebb7201fb0421a3583985c1,Org1MSP,Func4,"[11370"",""1137000"",""10005"",""1000500""]""",Org1MSP Org2MSP ,VALID,, 10005 11370,,WT,174,17018,0
2022-04-07T17:26:14.657Z,a7cb559dde68b9845836e88f43081da08080af02b33cabc8648de7df2628034e,Org1MSP,Func4,"[16607"",""1660700"",""15061"",""1506100""]""",Org1MSP Org2MSP ,VALID,, 15061 16607,,WT,174,17072,0
2022-04-07T17:26:14.657Z,e691df5465fe1407233286d7a91bda9b9b1ff66b216ae8de54f0f8f2ce420792,Org1MSP,Func4,"[10034"",""1003400"",""10009"",""1000900""]""",Org1MSP Org2MSP ,VALID,, 10009 10034,,WT,174,17097,0
2022-04-07T17:26:14.659Z,74fe101e73ebe2f672f1c5c3a3c3ffd286f3fefa6f315713c6470145bd54fadb,Org1MSP,Func4,"[19874"",""1987400"",""10001"",""1000100""]""",Org1MSP Org2MSP ,VALID,, 10001 19874,,WT,174,17048,0
2022-04-07T17:26:14.659Z,6a360db33181785bd87b946ddc2894268ae3225a7db3f3ba8ab95749d1a41c3b,Org1MSP,Func7,"[16"",""100"",""2"",""100""]""",Org1MSP Org2MSP ,VALID, 16 2, 16 2,,UT,174,17110,0
2022-04-07T17:26:14.661Z,7258941cb496e06f8b42ed810ecef138eb263bca2cb387c99784b5c61ba27992,Org1MSP,Func4,"[10011"",""1001100"",""16543"",""1654300""]""",Org1MSP Org2MSP ,VALID,, 10011 16543,,WT,174,17047,0
2022-04-07T17:26:14.662Z,e1afe0516f7f6120d97f3c63a1a86f318133a03e5bc0d08b704bde45524db53d,Org1MSP,Func1,"[2"",""131""]""",Org1MSP Org2MSP ,VALID, 131 2,,,RT,174,17093,0
2022-04-07T17:26:14.663Z,dacddd0cfadcc5e99fd3f262db32398b3797e498e241545d26544a096a7cfc73,Org1MSP,Func4,"[11575"",""1157500"",""10592"",""1059200""]""",Org1MSP Org2MSP ,VALID,, 10592 11575,,WT,174,17086,0
2022-04-07T17:26:14.665Z,023620620b7441974be2aad369a32eec02cf05a3591a18bae00229dca4673e87,Org1MSP,Func1,"[24"",""1""]""",Org1MSP Org2MSP ,VALID, 1 24,,,RT,174,17014,0
2022-04-07T17:26:14.666Z,e281f5d1013b57e7e8655b6736347038e9f4dcd24314d973056c14c7e380c5b8,Org1MSP,Func7,"[1199"",""100"",""795"",""100""]""",Org1MSP Org2MSP ,VALID, 1199 795, 1199 795,,UT,174,17094,0
2022-04-07T17:26:14.756Z,e287458a14fba27300e34bcca152a7ac28a5f931e145ad315a8304fecc09567c,Org1MSP,Func1,"[1"",""2""]""",Org1MSP Org2MSP ,VALID, 1 2,,,RT,174,17095,0
2022-04-07T17:26:14.757Z,013860bcb8297ec32aa8b7230d0341f6c6f9b8bff87caf9fbb8eb7531b0b6fcc,Org1MSP,Func7,"[98"",""100"",""1168"",""100""]""",Org1MSP Org2MSP ,VALID, 1168 98, 1168 98,,UT,174,17013,0
2022-04-07T17:26:14.758Z,de724bacaf01001188420ff7455f4e4981e2923c149fc559b98fa4f0e6d3b54a,Org1MSP,Func4,"[10001"",""1000100"",""10000"",""1000000""]""",Org1MSP Org2MSP ,VALID,, 10000 10001,,WT,174,17088,0
2022-04-07T17:26:14.759Z,dcb25edc9cd721c98f0de433178cb125778f636facb8aa296d259ee224e80cc7,Org1MSP,Func7,"[4366"",""100"",""57"",""100""]""",Org1MSP Org2MSP ,VALID, 4366 57, 4366 57,,UT,174,17087,0
2022-04-07T17:26:14.760Z,ff1c47a3c1c530da1e00595b70141cee6fe318a7849306fb5964ca1c6e9c99f0,Org1MSP,Func7,"[965"",""100"",""61"",""100""]""",Org1MSP Org2MSP ,VALID, 61 965, 61 965,,UT,174,17106,0
2022-04-07T17:26:14.761Z,9fe30a8314db782531f2f24d953ca8aaf789d4317ac6152c57ada3ad70a0bd50,Org1MSP,Func4,"[10016"",""1001600"",""13632"",""1363200""]""",Org1MSP Org2MSP ,VALID,, 10016 13632,,WT,174,17066,0
2022-04-07T17:26:14.762Z,9242e62c0ca7ab71dce24e2281c98c219b38139fb3007972c9f8c8423703c1e0,Org1MSP,Func7,"[3"",""100"",""171"",""100""]""",Org1MSP Org2MSP ,VALID, 171 3, 171 3,,UT,174,17059,0
2022-04-07T17:26:14.763Z,850764a43341d7220d53137177a9a31ef09b0d2ea99c30a8310ae456fda5d0b0,Org1MSP,Func4,"[10054"",""1005400"",""10000"",""1000000""]""",Org1MSP Org2MSP ,VALID,, 10000 10054,,WT,174,17054,0
2022-04-07T17:26:14.765Z,12ab5c08ba76260cb196601839b09920ffb7a3af9e0364e34de163e2bb7b3691,Org1MSP,Func4,"[10033"",""1003300"",""10019"",""1001900""]""",Org1MSP Org2MSP ,VALID,, 10019 10033,,WT,174,17020,0
2022-04-07T17:26:14.767Z,89e65d1621822ef0d95c993bc79cf41c8c86257a1d310fb0e03530cdd89abf87,Org1MSP,Func4,"[10338"",""1033800"",""10004"",""1000400""]""",Org1MSP Org2MSP ,VALID,, 10004 10338,,WT,174,17057,0
2022-04-07T17:26:14.856Z,0a8471ce33ff6f8dede123f772a34225b17206df10b95dedf82a325fc398414e,Org1MSP,Func1,"[7"",""43""]""",Org1MSP Org2MSP ,VALID, 43 7,,,RT,174,17017,0
2022-04-07T17:26:14.857Z,5dc6ef6324284f1b5c3eb5d25e13fb81fe2a382126a39175ffa95aba876d531f,Org1MSP,Func4,"[13113"",""1311300"",""10022"",""1002200""]""",Org1MSP Org2MSP ,VALID,, 10022 13113,,WT,174,17039,0
2022-04-07T17:26:14.859Z,e7aeca0149dd9df6d657ece0516282a433dee0399696ef22249f610f7351a18e,Org1MSP,Func7,"[33"",""100"",""1317"",""100""]""",Org1MSP Org2MSP ,VALID, 1317 33, 1317 33,,UT,174,17098,0
2022-04-07T17:26:14.860Z,129bbfcddd7e6f4c5fc183f7d2a6f2064c0dc9ada8d4cc46822aac1ab367f6ab,Org1MSP,Func1,"[9548"",""11""]""",Org1MSP Org2MSP ,VALID, 11 9548,,,RT,174,17019,0
2022-04-07T17:26:14.861Z,96bc237bf633206b68b3e760f0bd412fb1194e4539fb56cef1ced2b4d86886a7,Org1MSP,Func7,"[11"",""100"",""25"",""100""]""",Org1MSP Org2MSP ,VALID, 11 25, 11 25,,UT,174,17109,0
2022-04-07T17:26:14.863Z,64781d8916cbe992294c90945fe9e4427d105ac4d0cb31c2209b3600cdf0da3b,Org1MSP,Func4,"[10004"",""1000400"",""10172"",""1017200""]""",Org1MSP Org2MSP ,VALID,, 10004 10172,,WT,174,17043,0
2022-04-07T17:26:14.863Z,e0211f39ac92c67636415b50e2d579fd2308a91efb3bfb9e74cfd40e519aedb4,Org1MSP,Func4,"[13207"",""1320700"",""10002"",""1000200""]""",Org1MSP Org2MSP ,VALID,, 10002 13207,,WT,174,17091,0
2022-04-07T17:26:14.864Z,39f87dc1d1bb88d2dc381addf885f2cd69cb534b59434eabfbb563f3db5e36b6,Org1MSP,Func4,"[10001"",""1000100"",""10282"",""1028200""]""",Org1MSP Org2MSP ,VALID,, 10001 10282,,WT,174,17031,0
2022-04-07T17:26:14.866Z,bfd89ece8e3d4f47a543925e9c01ad2ce4ccdc6fcbf71e59a3a99f5c2f339f3a,Org1MSP,Func4,"[10609"",""1060900"",""10005"",""1000500""]""",Org1MSP Org2MSP ,VALID,, 10005 10609,,WT,174,17076,0
2022-04-07T17:26:14.956Z,968f83eb7bccd5d72d033e097c33b2132b92059e076c4335178fc2fe6a7ab364,Org1MSP,Func4,"[10309"",""1030900"",""10894"",""1089400""]""",Org1MSP Org2MSP ,VALID,, 10309 10894,,WT,174,17061,0
2022-04-07T17:26:14.957Z,273ee9a44b9961a15b40dd2357bf7654922f6a8a4c028a6d2413a8fffad4b742,Org1MSP,Func7,"[4095"",""100"",""1010"",""100""]""",Org1MSP Org2MSP ,VALID, 1010 4095, 1010 4095,,UT,174,17024,0
2022-04-07T17:26:14.957Z,c21c414b64ceecbbef26ae520b5f61fbc947e8639a5d9ca642d6b2441a29766d,Org1MSP,Func4,"[10002"",""1000200"",""10158"",""1015800""]""",Org1MSP Org2MSP ,VALID,, 10002 10158,,WT,174,17077,0
2022-04-07T17:26:14.960Z,9e8313945282f103c518ed580de3e9d6cb7765c20d9f45245c1fc90ebeed3793,Org1MSP,Func4,"[11179"",""1117900"",""10022"",""1002200""]""",Org1MSP Org2MSP ,VALID,, 10022 11179,,WT,174,17065,0
2022-04-07T17:26:14.960Z,f275652d364943848b6e05917251f65a5e5c3c2caaa8ed36eb2816f2d00ce3a5,Org1MSP,Func1,"[524"",""511""]""",Org1MSP Org2MSP ,VALID, 511 524,,,RT,174,17102,0
2022-04-07T17:26:14.963Z,e4e2e14e9ab1d9638f008e3f2712f1cb4bcd4420843982973cb6f72b4bf978d4,Org1MSP,Func4,"[10379"",""1037900"",""10696"",""1069600""]""",Org1MSP Org2MSP ,VALID,, 10379 10696,,WT,174,17096,0
2022-04-07T17:26:14.964Z,3c7d5409e677969700d79292da9da116605de184f86e858436b4438ff005d309,Org1MSP,Func4,"[10003"",""1000300"",""10019"",""1001900""]""",Org1MSP Org2MSP ,VALID,, 10003 10019,,WT,174,17033,0
2022-04-07T17:26:14.964Z,f35ec3fb9e7d897e8cf558a3bc21b02f23ffb26d34ad33290b2a5225cb0d620f,Org1MSP,Func7,"[6"",""100"",""6711"",""100""]""",Org1MSP Org2MSP ,VALID, 6 6711, 6 6711,,UT,174,17103,0
2022-04-07T17:26:15.056Z,188038f7d28abb39fff143c831e44ef589cf8fb3eb137022baca63d36c385d22,Org1MSP,Func7,"[4780"",""100"",""43"",""100""]""",Org1MSP Org2MSP ,VALID, 43 4780, 43 4780,,UT,174,17108,0
2022-04-07T17:26:15.058Z,38c3e62e674f721ef98b9ba623fc7778d0822414a2168e170b5aa788300534ac,Org1MSP,Func4,"[10012"",""1001200"",""10819"",""1081900""]""",Org1MSP Org2MSP ,VALID,, 10012 10819,,WT,174,17030,0
2022-04-07T17:26:15.058Z,5308fad1c8e51d274fe8c931bc466d2bdb2a4e1a11c0044e77ead3b4387bdb4a,Org1MSP,Func4,"[10015"",""1001500"",""10000"",""1000000""]""",Org1MSP Org2MSP ,VALID,, 10000 10015,,WT,174,17038,0
2022-04-07T17:26:15.060Z,e0ef8d63f83fd15f2770330500580bb1e48bb1046dc910b900a52527920e2dda,Org1MSP,Func1,"[3868"",""115""]""",Org1MSP Org2MSP ,VALID, 115 3868,,,RT,174,17092,0
2022-04-07T17:26:15.061Z,9b752549c75119a0f11855bed6a3d4940787e09cf561ffca6f697486b067e876,Org1MSP,Func4,"[10221"",""1022100"",""10003"",""1000300""]""",Org1MSP Org2MSP ,VALID,, 10003 10221,,WT,174,17064,0
2022-04-07T17:26:15.062Z,a09b2bb8644d2b9a087d3fe738533b4ec131b720df86c07aa5d008a6080144f1,Org1MSP,Func4,"[11802"",""1180200"",""10023"",""1002300""]""",Org1MSP Org2MSP ,VALID,, 10023 11802,,WT,174,17067,0
2022-04-07T17:26:15.062Z,bb66b2ce51d97c45a52b2fdb004a14b690f7c78473c9e678989ddbca56a6ef00,Org1MSP,Func4,"[10037"",""1003700"",""10015"",""1001500""]""",Org1MSP Org2MSP ,VALID,, 10015 10037,,WT,174,17075,0
2022-04-07T17:26:15.063Z,dfb6674658338112edb5e50994a95cd0313d7a655424e60f5a9fdef88e5065ee,Org1MSP,Func4,"[18840"",""1884000"",""10391"",""1039100""]""",Org1MSP Org2MSP ,VALID,, 10391 18840,,WT,174,17089,0
2022-04-07T17:26:15.064Z,e016f344cc994649dd18f1baef2acdddfe9bafbff95c1b2391bd9e7172becb00,Org1MSP,Func4,"[10033"",""1003300"",""10000"",""1000000""]""",Org1MSP Org2MSP ,VALID,, 10000 10033,,WT,174,17090,0
2022-04-07T17:26:15.068Z,2d67b2e6a073f4d01105bc62a2ab82fb9a93c754df8d111b85cb2e170f212443,Org1MSP,Func4,"[10079"",""1007900"",""16018"",""1601800""]""",Org1MSP Org2MSP ,VALID,, 10079 16018,,WT,174,17026,0
2022-04-07T17:26:15.156Z,cf2a28a86f9549ba7328bc47ba5890948b1f3c0812bd77ab4be018175c156188,Org1MSP,Func4,"[10001"",""1000100"",""10178"",""1017800""]""",Org1MSP Org2MSP ,VALID,, 10001 10178,,WT,174,17081,0
2022-04-07T17:26:15.157Z,91fe3f2b61b8e2a77ca7e921cdec65bc9276a344db67c886be2be3399d4436d8,Org1MSP,Func4,"[10032"",""1003200"",""10020"",""1002000""]""",Org1MSP Org2MSP ,VALID,, 10020 10032,,WT,174,17058,0
2022-04-07T17:26:15.157Z,d6ebdba6a169e4ec272b88873fd812f11d0bcaaf1ce2cd53c314d750f282629b,Org1MSP,Func4,"[10074"",""1007400"",""10533"",""1053300""]""",Org1MSP Org2MSP ,VALID,, 10074 10533,,WT,174,17083,0
2022-04-07T17:26:15.160Z,24fe3a9f431d9c710081f9b068c8a17e43b2b7f8424c93dd26b57c7c6165fb54,Org1MSP,Func1,"[5600"",""234""]""",Org1MSP Org2MSP ,VALID, 234 5600,,,RT,174,17023,0
2022-04-07T17:26:15.160Z,c98c133b16bde04289af39292ec1ee4e4480c73a6d9586180245573ab4fc1199,Org1MSP,Func4,"[10008"",""1000800"",""11164"",""1116400""]""",Org1MSP Org2MSP ,VALID,, 10008 11164,,WT,174,17079,0
2022-04-07T17:26:15.160Z,d733f721a129af10221eb4282d661b1e26d7897e4ab13bd7fe43e3d0a817e197,Org1MSP,Func4,"[10000"",""1000000"",""10025"",""1002500""]""",Org1MSP Org2MSP ,VALID,, 10000 10025,,WT,174,17084,0
2022-04-07T17:26:15.163Z,4f4db6534777ddaca11a75f81161206565664783bb5e055e89a84a6dc8e82e42,Org1MSP,Func7,"[2252"",""100"",""855"",""100""]""",Org1MSP Org2MSP ,VALID, 2252 855, 2252 855,,UT,174,17037,0
2022-04-07T17:26:15.163Z,8480558050275dbbc0b3d6b2d6aa1d0445c1579ab77d166c9cd744ef648a283e,Org1MSP,Func4,"[10827"",""1082700"",""10807"",""1080700""]""",Org1MSP Org2MSP ,VALID,, 10807 10827,,WT,174,17053,0
2022-04-07T17:26:15.165Z,02e78cf9518c08e69a82e710575d894626eaaaa1b697016ac5a6fd9f67a17c34,Org1MSP,Func4,"[13174"",""1317400"",""10000"",""1000000""]""",Org1MSP Org2MSP ,VALID,, 10000 13174,,WT,174,17015,0
2022-04-07T17:26:15.166Z,8604f60fd0b9eb94de04f24ec27bd114cbd22f8e915a77df539a0f9e2cdc0022,Org1MSP,Func4,"[10000"",""1000000"",""13474"",""1347400""]""",Org1MSP Org2MSP ,VALID,, 10000 13474,,WT,174,17055,0
2022-04-07T17:26:15.255Z,7a42640c9c1b289cd74a9d4cd00a8c182d1db303e4efeec1647a41a030ec9a79,Org1MSP,Func4,"[10029"",""1002900"",""12795"",""1279500""]""",Org1MSP Org2MSP ,VALID,, 10029 12795,,WT,174,17050,0
2022-04-07T17:26:15.258Z,62c628489c62ea006a750fe33150dd30f28e83981a0b5697d3c829048f001e9d,Org1MSP,Func4,"[10094"",""1009400"",""13082"",""1308200""]""",Org1MSP Org2MSP ,VALID,, 10094 13082,,WT,174,17041,0
2022-04-07T17:26:15.258Z,d913508b1e1a983c012927533c3b4789eafa94486f9f827d5bcf59c112137d34,Org1MSP,Func4,"[10001"",""1000100"",""10000"",""1000000""]""",Org1MSP Org2MSP ,VALID,, 10000 10001,,WT,174,17085,0
2022-04-07T17:26:15.260Z,289b8d272e3e7e0d69d8912c889d262bc84cd860846416cabb726f6b4f2ec60b,Org1MSP,Func4,"[10043"",""1004300"",""10109"",""1010900""]""",Org1MSP Org2MSP ,VALID,, 10043 10109,,WT,174,17025,0
2022-04-07T17:26:15.260Z,82e3df24e2700673339db5ba22768f03bdcd9c3291d13f309d4ce67f243dfd57,Org1MSP,Func4,"[10069"",""1006900"",""10056"",""1005600""]""",Org1MSP Org2MSP ,VALID,, 10056 10069,,WT,174,17052,0
2022-04-07T17:26:15.263Z,9795268fe753b47ceb2c39e0b602e87d7a3b4fdc32608f440cc917c8f89bb39f,Org1MSP,Func4,"[10054"",""1005400"",""10094"",""1009400""]""",Org1MSP Org2MSP ,VALID,, 10054 10094,,WT,174,17062,0
2022-04-07T17:26:15.264Z,92b9cc253053b778a069d8decddd5764a32cb427348ab9aecd98dc4285fa121a,Org1MSP,Func4,"[10002"",""1000200"",""10045"",""1004500""]""",Org1MSP Org2MSP ,VALID,, 10002 10045,,WT,174,17060,0
2022-04-07T17:26:15.264Z,718fc076ac4b17acc02313efeed364af276290bbf7fe8ff358a3f2445e1f3a14,Org1MSP,Func7,"[24"",""100"",""10"",""100""]""",Org1MSP Org2MSP ,VALID, 10 24, 10 24,,UT,174,17107,0
2022-04-07T17:26:15.266Z,47323272bf171879624f25c1d7c7887f299fa2b9843acc962fc215677156c1bc,Org1MSP,Func1,"[71"",""25""]""",Org1MSP Org2MSP ,VALID, 25 71,,,RT,174,17035,0
2022-04-07T17:26:15.355Z,d4f5b70b5240f71d88ee6d96a7bdd6b39d0f17ec929c24e0dd29b0c4381f5ed1,Org1MSP,Func4,"[10000"",""1000000"",""10012"",""1001200""]""",Org1MSP Org2MSP ,VALID,, 10000 10012,,WT,174,17082,0
2022-04-07T17:26:15.357Z,755a9415deb756e7a92844e7d753d20e72f0c35d6eec2db6a2d07c03e427a3d7,Org1MSP,Func7,"[5037"",""100"",""431"",""100""]""",Org1MSP Org2MSP ,VALID, 431 5037, 431 5037,,UT,174,17049,0
2022-04-07T17:26:15.357Z,cc7ddce7cfa03d382e1e91b253c43ff5042f1277783d2bc460736ac33e0c3cb5,Org1MSP,Func4,"[10001"",""1000100"",""18455"",""1845500""]""",Org1MSP Org2MSP ,VALID,, 10001 18455,,WT,174,17080,0
2022-04-07T17:26:15.359Z,322def5eacdb11a891a6c40369c54186adb2401d28d2ea8ba9ce27e0b0e2d6b7,Org1MSP,Func4,"[10285"",""1028500"",""10558"",""1055800""]""",Org1MSP Org2MSP ,VALID,, 10285 10558,,WT,174,17027,0
2022-04-07T17:26:15.360Z,f20d16542405eba2e19b6a64875a2c5debebf566904e465104ba7b4a932a7a1b,Org1MSP,Func4,"[15312"",""1531200"",""17925"",""1792500""]""",Org1MSP Org2MSP ,VALID,, 15312 17925,,WT,174,17101,0
2022-04-07T17:26:15.362Z,3bbf6316872dda0c3901346308cba37c4c308b66ae7f9a04ab9069ca97cedd19,Org1MSP,Func4,"[10544"",""1054400"",""10007"",""1000700""]""",Org1MSP Org2MSP ,VALID,, 10007 10544,,WT,174,17032,0
2022-04-07T17:26:15.366Z,97f90e83341656efa69757b6a1513a580bc6fe73c1b91e22ae211423df505444,Org1MSP,Func1,"[3086"",""69""]""",Org1MSP Org2MSP ,VALID, 3086 69,,,RT,174,17063,0
2022-04-07T17:26:15.366Z,ec9b15cf0ab3fb62886671456876074695e32559839f806ec3426648d277307f,Org1MSP,Func1,"[3779"",""5181""]""",Org1MSP Org2MSP ,VALID, 3779 5181,,,RT,174,17099,0
2022-04-07T17:26:15.368Z,892f6d64a823b6acbc55be50444454dd5a7aecec71ed967250dc5c3ca1763625,Org1MSP,Func4,"[10316"",""1031600"",""11984"",""1198400""]""",Org1MSP Org2MSP ,VALID,, 10316 11984,,WT,174,17056,0
2022-04-07T17:26:15.368Z,b440148720e3d652206cd6cd7584ff7c9095b49f289a9652dc4f5e3f698dd9bc,Org1MSP,Func4,"[10005"",""1000500"",""11569"",""1156900""]""",Org1MSP Org2MSP ,VALID,, 10005 11569,,WT,174,17073,0
2022-04-07T17:26:15.455Z,e836ac4785c4aeada5fd8f66bfed32cfe951d51ab7c24c427c91d4a510ac3725,Org1MSP,Func4,"[10012"",""1001200"",""10000"",""1000000""]""",Org1MSP Org2MSP ,VALID,, 10000 10012,,WT,175,17184,0
2022-04-07T17:26:15.458Z,a502cc80d8d1311a7e81717479e597602fd96d250528e4766c2eb7ad63dd8393,Org1MSP,Func7,"[7770"",""100"",""4244"",""100""]""",Org1MSP Org2MSP ,VALID, 4244 7770, 4244 7770,,UT,174,17071,0
2022-04-07T17:26:15.459Z,c917a0bd131178e8e534eed4ea5c95307ebeed171003feeb7af424be48bd23c7,Org1MSP,Func4,"[16860"",""1686000"",""10070"",""1007000""]""",Org1MSP Org2MSP ,VALID,, 10070 16860,,WT,174,17078,0
2022-04-07T17:26:15.460Z,54060e3866db64c99aa79a9fc30969301f8bda62f05151378322c287e3bd0f83,Org1MSP,Func4,"[10000"",""1000000"",""10000"",""1000000""]""",Org1MSP Org2MSP ,VALID,, 10000,,WT,175,17133,0
2022-04-07T17:26:15.460Z,cd40f71f8789a648e20bd384e4ffdd9ee8cb2ef045e830181739c40a911137f6,Org1MSP,Func1,"[78"",""2""]""",Org1MSP Org2MSP ,VALID, 2 78,,,RT,175,17175,0
2022-04-07T17:26:15.462Z,3737af7370e345ca9b16033cc46df7e44199ff5b3af13d72a33ae6d2f05b4ed8,Org1MSP,Func4,"[10281"",""1028100"",""10363"",""1036300""]""",Org1MSP Org2MSP ,VALID,, 10281 10363,,WT,174,17029,0
2022-04-07T17:26:15.463Z,fbb4a23b150698d7eabc45f2b1911260187e5d1c06ee7413c81cda353500d799,Org1MSP,Func4,"[17532"",""1753200"",""10317"",""1031700""]""",Org1MSP Org2MSP ,VALID,, 10317 17532,,WT,174,17105,0
2022-04-07T17:26:15.465Z,5e6a1d7e30140f50d41c396475aac1433bfe8945640660c085006c47fcb37491,Org1MSP,Func4,"[10009"",""1000900"",""18569"",""1856900""]""",Org1MSP Org2MSP ,VALID,, 10009 18569,,WT,174,17040,0
2022-04-07T17:26:15.466Z,3412347356dc25e82c8b265b8e478df8e0f36974cbe13a40648b8e170004ca36,Org1MSP,Func7,"[6061"",""100"",""44"",""100""]""",Org1MSP Org2MSP ,VALID, 44 6061, 44 6061,,UT,175,17122,0
2022-04-07T17:26:15.555Z,d5675a88507e9015b0746627197c4ebd48b7e662a371f8870701bf5fb2a980c4,Org1MSP,Func4,"[10169"",""1016900"",""10086"",""1008600""]""",Org1MSP Org2MSP ,VALID,, 10086 10169,,WT,175,17178,0
2022-04-07T17:26:15.557Z,69fc3e240024da06157d4b63516f6745e1dabc3e02193db7e0c7901628b99e7f,Org1MSP,Func4,"[10001"",""1000100"",""10045"",""1004500""]""",Org1MSP Org2MSP ,VALID,, 10001 10045,,WT,175,17141,0
2022-04-07T17:26:15.558Z,990b3c255e8b40dc024f93b9b9522ebec5bb61f7c0258f0cccd7196e2da62fdc,Org1MSP,Func4,"[10343"",""1034300"",""10400"",""1040000""]""",Org1MSP Org2MSP ,VALID,, 10343 10400,,WT,175,17156,0
2022-04-07T17:26:15.559Z,9f7a6e8002b9da51e28358cb9b95fec9575c0007e01df7c34f22d5261f6fe124,Org1MSP,Func4,"[10003"",""1000300"",""10035"",""1003500""]""",Org1MSP Org2MSP ,VALID,, 10003 10035,,WT,175,17158,0
2022-04-07T17:26:15.560Z,5aa8e2b90b42655da3b6f2338e79dd08caeb16732fcaabf564bc194cc40ddbcc,Org1MSP,Func1,"[47"",""234""]""",Org1MSP Org2MSP ,VALID, 234 47,,,RT,175,17136,0
2022-04-07T17:26:15.561Z,8cdae29266eeae15a179c9402e5d5c94400540f89b1bd8a90ba62c7218a88eb1,Org1MSP,Func7,"[307"",""100"",""50"",""100""]""",Org1MSP Org2MSP ,VALID, 307 50, 307 50,,UT,175,17149,0
2022-04-07T17:26:15.564Z,3c0fcf071ed36a80401f06e4978282244c5475b4247ae7f3234d3d96eacf654e,Org1MSP,Func4,"[16014"",""1601400"",""10087"",""1008700""]""",Org1MSP Org2MSP ,VALID,, 10087 16014,,WT,175,17124,0
2022-04-07T17:26:15.566Z,d6003e6df268ab12efb44fb41efca42fdfd4a89857877c68a2d37867b459d2f4,Org1MSP,Func1,"[7"",""3""]""",Org1MSP Org2MSP ,VALID, 3 7,,,RT,175,17179,0
2022-04-07T17:26:15.657Z,ba1b277537e37eaec0875285f97393dd30ed70f95333d450e6ff9c98e3753b54,Org1MSP,Func4,"[10000"",""1000000"",""10060"",""1006000""]""",Org1MSP Org2MSP ,VALID,, 10000 10060,,WT,175,17167,0
2022-04-07T17:26:15.657Z,edd307cf9af3ebff0420efceb584e57f0e5f3506d5d771f698a2681fed8ff6bb,Org1MSP,Func7,"[4677"",""100"",""137"",""100""]""",Org1MSP Org2MSP ,VALID, 137 4677, 137 4677,,UT,175,17189,0
2022-04-07T17:26:15.659Z,3b566c63251d35b370fb1bbe47a14c88147f6068c045fe5c25721ab4aa744fd7,Org1MSP,Func4,"[10012"",""1001200"",""10311"",""1031100""]""",Org1MSP Org2MSP ,VALID,, 10012 10311,,WT,175,17123,0
2022-04-07T17:26:15.660Z,ec7fcf9d1c4c7cfae9922ec63d35aac89f8a7d8f7bc0fbf2380c54cc192e43d7,Org1MSP,Func7,"[167"",""100"",""2626"",""100""]""",Org1MSP Org2MSP ,VALID, 167 2626, 167 2626,,UT,175,17185,0
2022-04-07T17:26:15.661Z,de0e3fb35cd4c7ac7dc425fbfb9dfbb34135c1f166760579e0265bd0c7a1fbc3,Org1MSP,Func4,"[10911"",""1091100"",""10021"",""1002100""]""",Org1MSP Org2MSP ,VALID,, 10021 10911,,WT,175,17181,0
2022-04-07T17:26:15.661Z,e041d5e8136d8471535a507f2f9f24d86a39110e97993dbd9037acab21492fdc,Org1MSP,Func4,"[10018"",""1001800"",""10249"",""1024900""]""",Org1MSP Org2MSP ,VALID,, 10018 10249,,WT,175,17182,0
2022-04-07T17:26:15.662Z,7f7b1f136c573c2f02b6a5da3c8e263dd94c52d5e0f0adf387987d52d7f2e20b,Org1MSP,Func4,"[10375"",""1037500"",""14596"",""1459600""]""",Org1MSP Org2MSP ,VALID,, 10375 14596,,WT,175,17147,0
2022-04-07T17:26:15.663Z,ace1ab9deffa364ebedf602dda0340895a639b7b57d6a9dbf890e16e30cfb46d,Org1MSP,Func4,"[11120"",""1112000"",""10344"",""1034400""]""",Org1MSP Org2MSP ,VALID,, 10344 11120,,WT,175,17163,0
2022-04-07T17:26:15.665Z,5920748e68355d6623523b4f37b4eeec13c95d500bffbe6e73e5779a9f2a10a5,Org1MSP,Func4,"[10001"",""1000100"",""10009"",""1000900""]""",Org1MSP Org2MSP ,VALID,, 10001 10009,,WT,175,17135,0
2022-04-07T17:26:15.666Z,bfe9ff716b2b4c377b00ffb574bde271eeca7d90507ded55d59e61f5627f8674,Org1MSP,Func7,"[48"",""100"",""280"",""100""]""",Org1MSP Org2MSP ,VALID, 280 48, 280 48,,UT,175,17169,0
2022-04-07T17:26:15.755Z,90746b8d6718a98df7896f123ebfe580a4a057235bd8c2bf8ef322873b9eeace,Org1MSP,Func1,"[2"",""4""]""",Org1MSP Org2MSP ,VALID, 2 4,,,RT,175,17152,0
2022-04-07T17:26:15.757Z,63d8bcf64bd1f902df6a3fb5ddfcfb4577689eb167b833a5ab73e810eea96d3c,Org1MSP,Func4,"[10003"",""1000300"",""10066"",""1006600""]""",Org1MSP Org2MSP ,VALID,, 10003 10066,,WT,175,17139,0
2022-04-07T17:26:15.757Z,fa60746b25fe6a0adf9c8f61f1f809a2062e9fbb75620a802899ce0671494ffb,Org1MSP,Func4,"[10034"",""1003400"",""10000"",""1000000""]""",Org1MSP Org2MSP ,VALID,, 10000 10034,,WT,175,17199,0
2022-04-07T17:26:15.759Z,f794f364d08e97e4ba442250c277beea5c100f12861e8b1ca314b2bb95facb87,Org1MSP,Func4,"[11396"",""1139600"",""10267"",""1026700""]""",Org1MSP Org2MSP ,VALID,, 10267 11396,,WT,175,17197,0
2022-04-07T17:26:15.760Z,b89b55df0a03d82d8c12601b1d588a127345c303a3c10ce050341c23a4885e93,Org1MSP,Func4,"[11294"",""1129400"",""10001"",""1000100""]""",Org1MSP Org2MSP ,VALID,, 10001 11294,,WT,175,17166,0
2022-04-07T17:26:15.762Z,42457fe20b594425f4330e2d272136d7ea011c164a84ef567a7697faa25beefb,Org1MSP,Func4,"[10001"",""1000100"",""10174"",""1017400""]""",Org1MSP Org2MSP ,VALID,, 10001 10174,,WT,175,17127,0
2022-04-07T17:26:15.762Z,ef53291cc831a101a9e013e36c583f3877ac879990268a037f1e3314d388281a,Org1MSP,Func4,"[12002"",""1200200"",""10007"",""1000700""]""",Org1MSP Org2MSP ,VALID,, 10007 12002,,WT,175,17192,0
2022-04-07T17:26:15.764Z,2c29ea92b603a93a946a69e257f4e8c0ca2feeb1cc1a3d42fc1e6f8661103c12,Org1MSP,Func4,"[10000"",""1000000"",""10032"",""1003200""]""",Org1MSP Org2MSP ,VALID,, 10000 10032,,WT,175,17119,0
2022-04-07T17:26:15.764Z,5d1126f2fae61d0b651b3da1914f70f9130707fa9a4a9b77048fc72c28867d0c,Org1MSP,Func4,"[15438"",""1543800"",""10001"",""1000100""]""",Org1MSP Org2MSP ,VALID,, 10001 15438,,WT,175,17137,0
2022-04-07T17:26:15.766Z,7465e24a1a5d5b8b7a93d09c043708fd8ecbc1b568b76da7145700dc4e22b028,Org1MSP,Func4,"[10313"",""1031300"",""10276"",""1027600""]""",Org1MSP Org2MSP ,VALID,, 10276 10313,,WT,175,17143,0
2022-04-07T17:26:15.856Z,ed0c1dbbcd2d0b44b98e5f6c4278eae11e9e1e50e302f8642aa5107dcb11771f,Org1MSP,Func4,"[10007"",""1000700"",""10263"",""1026300""]""",Org1MSP Org2MSP ,VALID,, 10007 10263,,WT,175,17187,0
2022-04-07T17:26:15.857Z,ab550c59126a4f6cc970d2b1d4c959c8b61df4d4225ffc35133a62304485acb1,Org1MSP,Func4,"[10017"",""1001700"",""10377"",""1037700""]""",Org1MSP Org2MSP ,VALID,, 10017 10377,,WT,175,17162,0
2022-04-07T17:26:15.858Z,eee1372b11c2c7f8721e2483662773e79fa71ab5b216a89ec1bc73f9bd3400ea,Org1MSP,Func4,"[10127"",""1012700"",""19844"",""1984400""]""",Org1MSP Org2MSP ,VALID,, 10127 19844,,WT,175,17191,0
2022-04-07T17:26:15.861Z,663ad1c154507329af4829b594f55aa356a22fb28862dd181ff704e510c2c126,Org1MSP,Func4,"[10033"",""1003300"",""10001"",""1000100""]""",Org1MSP Org2MSP ,VALID,, 10001 10033,,WT,175,17140,0
2022-04-07T17:26:15.862Z,99411c0badacb88c0e70bf2532c6fdc84dfc3e68881674407787bcd84eec765c,Org1MSP,Func4,"[10171"",""1017100"",""10074"",""1007400""]""",Org1MSP Org2MSP ,VALID,, 10074 10171,,WT,175,17157,0
2022-04-07T17:26:15.863Z,d0d1b99fb8bc0b9a5ec85d765c8ad6e6faa9d01634358c7da5c06fc0a42f1038,Org1MSP,Func4,"[13857"",""1385700"",""10000"",""1000000""]""",Org1MSP Org2MSP ,VALID,, 10000 13857,,WT,175,17176,0
2022-04-07T17:26:15.864Z,1fd5da6d83fe0beabda6b022e2a769dda9ab6e1ad476a66a57dc86b20859b01a,Org1MSP,Func1,"[72"",""849""]""",Org1MSP Org2MSP ,VALID, 72 849,,,RT,175,17116,0
2022-04-07T17:26:15.866Z,7a100c0d23084ad0e9032a07c754db4abb21a82ec4f934580166b6d7753b198c,Org1MSP,Func4,"[10021"",""1002100"",""10027"",""1002700""]""",Org1MSP Org2MSP ,VALID,, 10021 10027,,WT,175,17144,0
2022-04-07T17:26:15.955Z,ecfb9aab24d32197b577e69f42650b0f588b6499759c233ea5f959dc22524f25,Org1MSP,Func1,"[5018"",""86""]""",Org1MSP Org2MSP ,ENDORSEMENT_POLICY_FAILURE, 5018 86,,,RT,175,17186,0
2022-04-07T17:26:15.957Z,3e4cc3024271dda0a657c8aea813ac961e65761541094643656a0174a076bcd9,Org1MSP,Func4,"[10002"",""1000200"",""13388"",""1338800""]""",Org1MSP Org2MSP ,VALID,, 10002 13388,,WT,175,17126,0
2022-04-07T17:26:15.957Z,f215ea019c0c4db202d4bbe8c460144ae337da6b04f8a950632e3c90c7ab41e9,Org1MSP,Func1,"[11"",""823""]""",Org1MSP Org2MSP ,ENDORSEMENT_POLICY_FAILURE, 11 823,,,RT,175,17193,0
2022-04-07T17:26:15.959Z,ee7afc564c8ce2d41980ecb99028b5d77c2adee4e9b37fd316eb4c62cf331696,Org1MSP,Func4,"[12783"",""1278300"",""10000"",""1000000""]""",Org1MSP Org2MSP ,VALID,, 10000 12783,,WT,175,17190,0
2022-04-07T17:26:15.960Z,7a46dc3e173e40b92f53d495c55476e152262d30157e71507f0219c71586b539,Org1MSP,Func4,"[11807"",""1180700"",""10351"",""1035100""]""",Org1MSP Org2MSP ,VALID,, 10351 11807,,WT,175,17145,0
2022-04-07T17:26:15.961Z,d9933ee5abb088fdf23fd10f7effbd612a54bf725c10ce8c1e152d944389d649,Org1MSP,Func4,"[10746"",""1074600"",""10002"",""1000200""]""",Org1MSP Org2MSP ,VALID,, 10002 10746,,WT,175,17180,0
2022-04-07T17:26:15.962Z,8f0659f0e819f26d27e953c2fede21c5388b0883dba635861152b7b16bdd54f7,Org1MSP,Func1,"[21"",""786""]""",Org1MSP Org2MSP ,VALID, 21 786,,,RT,175,17150,0
2022-04-07T17:26:15.964Z,ae91596e2346b534b0a8087308fac3dd9657de70f2b511d9e56710714008c617,Org1MSP,Func4,"[10616"",""1061600"",""15755"",""1575500""]""",Org1MSP Org2MSP ,VALID,, 10616 15755,,WT,175,17164,0
2022-04-07T17:26:15.966Z,54f05be7d69dcc72a132f577b88f1dfbd7a79139e6f70abd5ec513c4b41ab6ef,Org1MSP,Func4,"[10056"",""1005600"",""12454"",""1245400""]""",Org1MSP Org2MSP ,VALID,, 10056 12454,,WT,175,17134,0
2022-04-07T17:26:16.055Z,2a548a2a832237426fe1526370aee6097e9ef5600482ba149ce4396f08837725,Org1MSP,Func4,"[11033"",""1103300"",""10000"",""1000000""]""",Org1MSP Org2MSP ,VALID,, 10000 11033,,WT,175,17118,0
2022-04-07T17:26:16.056Z,97891b0adec5d439fefbb4300a28bf06b02b903a0b98698252e34c13d39d6e5b,Org1MSP,Func1,"[3"",""1216""]""",Org1MSP Org2MSP ,VALID, 1216 3,,,RT,175,17206,0
2022-04-07T17:26:16.057Z,a0058136e948085117ea627f692f4577ae17804301e5b64c6e3133d699e7cfc7,Org1MSP,Func4,"[10077"",""1007700"",""10234"",""1023400""]""",Org1MSP Org2MSP ,VALID,, 10077 10234,,WT,175,17159,0
2022-04-07T17:26:16.060Z,42cad61a411ae944040fed5be09710e7ecf47cc7ed3d13db649c00de0f5b0a11,Org1MSP,Func4,"[10001"",""1000100"",""10000"",""1000000""]""",Org1MSP Org2MSP ,VALID,, 10000 10001,,WT,175,17128,0
2022-04-07T17:26:16.060Z,ff64a2f217beffe03c60b1d606fb1d1bd5990f7189708e3f371d818c04becb6f,Org1MSP,Func4,"[11346"",""1134600"",""10818"",""1081800""]""",Org1MSP Org2MSP ,VALID,, 10818 11346,,WT,175,17201,0
2022-04-07T17:26:16.061Z,f49f708f53966b1c218d01d1a5fe26f6faae38f12329d4eeb2c9a4661f82c750,Org1MSP,Func4,"[10023"",""1002300"",""14412"",""1441200""]""",Org1MSP Org2MSP ,VALID,, 10023 14412,,WT,175,17196,0
2022-04-07T17:26:16.062Z,178ce9440df6cda2f6d68e830c36145c43a9fc61ea427e9e08f3e14fc1762005,Org1MSP,Func4,"[10002"",""1000200"",""10039"",""1003900""]""",Org1MSP Org2MSP ,VALID,, 10002 10039,,WT,175,17112,0
2022-04-07T17:26:16.064Z,a2c5426c0496e642f64dfe07b5b55089d26f6d0aa787c3d86bcf4dfb1325b379,Org1MSP,Func4,"[11605"",""1160500"",""10016"",""1001600""]""",Org1MSP Org2MSP ,VALID,, 10016 11605,,WT,175,17160,0
2022-04-07T17:26:16.064Z,c9157bdea38e403107175ab27018511f7432950d0948995c78762008c8c3dbcd,Org1MSP,Func7,"[2182"",""100"",""71"",""100""]""",Org1MSP Org2MSP ,VALID, 2182 71, 2182 71,,UT,175,17173,0
2022-04-07T17:26:16.065Z,be7da711f7cd9b734e904815f5e08889e929b63bf1daacacee0e3b8f83d4b4cb,Org1MSP,Func1,"[1060"",""2""]""",Org1MSP Org2MSP ,VALID, 1060 2,,,RT,175,17204,0
2022-04-07T17:26:16.155Z,ca99fb589c02db89f19a077cb191766983ef241c1e709eef1cbfaf9f73d93228,Org1MSP,Func1,"[282"",""3""]""",Org1MSP Org2MSP ,VALID, 282 3,,,RT,175,17205,0
2022-04-07T17:26:16.157Z,b607d72cdc46223f67b0b8ca7b9ace289a2b71ba440fbc20fb69cc4c35cca0b4,Org1MSP,Func7,"[326"",""100"",""2"",""100""]""",Org1MSP Org2MSP ,VALID, 2 326, 2 326,,UT,175,17209,0
2022-04-07T17:26:16.159Z,185b3120a07e29ec3f0f6489395265bf997fedf96731903429a877aa414570e4,Org1MSP,Func4,"[10307"",""1030700"",""11898"",""1189800""]""",Org1MSP Org2MSP ,VALID,, 10307 11898,,WT,175,17114,0
2022-04-07T17:26:16.159Z,c42149ee73523d04215ce8c2c510d987d1af38dc1a73e0b7e7ae98d7b226bc11,Org1MSP,Func4,"[12140"",""1214000"",""10000"",""1000000""]""",Org1MSP Org2MSP ,VALID,, 10000 12140,,WT,175,17171,0
2022-04-07T17:26:16.160Z,f2563dc6d4cdb455e999803ade8fab7d7ab98787585dac0c09f9b22476776fa8,Org1MSP,Func7,"[171"",""100"",""2184"",""100""]""",Org1MSP Org2MSP ,VALID, 171 2184, 171 2184,,UT,175,17207,0
2022-04-07T17:26:16.162Z,98129426eeb2aac3821d21f6d332cca25167c2182c465d8f28ff6105d76dff54,Org1MSP,Func4,"[10133"",""1013300"",""10001"",""1000100""]""",Org1MSP Org2MSP ,VALID,, 10001 10133,,WT,175,17155,0
2022-04-07T17:26:16.162Z,f4285cc517a7ce2ff4c5b2d9209f4734b15893d82005e730d42f7a510d96a40f,Org1MSP,Func4,"[10005"",""1000500"",""10391"",""1039100""]""",Org1MSP Org2MSP ,VALID,, 10005 10391,,WT,175,17195,0
2022-04-07T17:26:16.163Z,c28fd3a8d67afd1d1d59444e1b27b5d8adae939a8af0555e6e59c13890496222,Org1MSP,Func1,"[1"",""2340""]""",Org1MSP Org2MSP ,VALID, 1 2340,,,RT,175,17170,0
2022-04-07T17:26:16.164Z,24a22fa43d8134d7bdb6d551a97ea5dd5805981ef721607e20a0ede8d77ce711,Org1MSP,Func4,"[10809"",""1080900"",""10000"",""1000000""]""",Org1MSP Org2MSP ,VALID,, 10000 10809,,WT,175,17117,0
2022-04-07T17:26:16.166Z,51cc8cbc8bff4e09597b1afedb42decb64998816196814aa15641ca95e8f17ce,Org1MSP,Func4,"[10170"",""1017000"",""10011"",""1001100""]""",Org1MSP Org2MSP ,VALID,, 10011 10170,,WT,175,17132,0
2022-04-07T17:26:16.255Z,1eac04c49d2713de9dceb3fb806078ab8b90898122f93a87ff8fc44d147b11fa,Org1MSP,Func7,"[970"",""100"",""1"",""100""]""",Org1MSP Org2MSP ,VALID, 1 970, 1 970,,UT,175,17203,0
2022-04-07T17:26:16.257Z,e83628da3b30912014a7c4296ea50fc2760a394963361f97537a9a7b777ea7a9,Org1MSP,Func4,"[10053"",""1005300"",""11318"",""1131800""]""",Org1MSP Org2MSP ,VALID,, 10053 11318,,WT,175,17183,0
2022-04-07T17:26:16.259Z,95dfeff16beae934f344ae98f94c99a5ff284d8f5d171b1e4bd05dbd61cd5cf3,Org1MSP,Func7,"[46"",""100"",""8112"",""100""]""",Org1MSP Org2MSP ,VALID, 46 8112, 46 8112,,UT,175,17154,0
2022-04-07T17:26:16.259Z,f94511691c5a535f9c9f2692ddae27740176b1bfb333b8d3291ec5c2f19d9d74,Org1MSP,Func4,"[10004"",""1000400"",""10018"",""1001800""]""",Org1MSP Org2MSP ,VALID,, 10004 10018,,WT,175,17198,0
2022-04-07T17:26:16.260Z,1dd213af5b3752000ccbef02ec2f069b275f113429cbc9cf6a64e367492888a0,Org1MSP,Func4,"[10039"",""1003900"",""12764"",""1276400""]""",Org1MSP Org2MSP ,VALID,, 10039 12764,,WT,175,17115,0
2022-04-07T17:26:16.262Z,d3db8b27035e05407df208fd9eb028c582973b1be05a420c48a3ae2297597129,Org1MSP,Func4,"[10820"",""1082000"",""19823"",""1982300""]""",Org1MSP Org2MSP ,VALID,, 10820 19823,,WT,175,17177,0
2022-04-07T17:26:16.263Z,ed96881b1090598cfd41fc282404eff3f5cadb3f0eb92214618b6896ead9fe72,Org1MSP,Func4,"[12722"",""1272200"",""10065"",""1006500""]""",Org1MSP Org2MSP ,VALID,, 10065 12722,,WT,175,17188,0
2022-04-07T17:26:16.264Z,4c8977f27f6733c64f6e6ad59f26789f80ea17b483a2045f5121c55936f7852e,Org1MSP,Func1,"[1"",""1570""]""",Org1MSP Org2MSP ,VALID, 1 1570,,,RT,175,17130,0
2022-04-07T17:26:16.269Z,cb462e12f472874d83a413fab2271b80ff8bdd1b8bb7463ed48cebe09eaf4da2,Org1MSP,Func4,"[10728"",""1072800"",""10685"",""1068500""]""",Org1MSP Org2MSP ,VALID,, 10685 10728,,WT,175,17174,0
2022-04-07T17:26:16.280Z,950bbb29b9a103dfa70760ba5ebf6f59a7d3f58bc449b542cd0e9970b3e38188,Org1MSP,Func4,"[10008"",""1000800"",""10005"",""1000500""]""",Org1MSP Org2MSP ,VALID,, 10005 10008,,WT,175,17153,0
2022-04-07T17:26:16.355Z,f37ffba0f1808680d184a357e7a6af928d8fd35791cf6848f7270198ba915966,Org1MSP,Func4,"[15568"",""1556800"",""10003"",""1000300""]""",Org1MSP Org2MSP ,VALID,, 10003 15568,,WT,175,17194,0
2022-04-07T17:26:16.358Z,7b7eb2b66f6df9760bb00f5894ead30b898991247259713124cb14668c0e10d2,Org1MSP,Func1,"[1"",""5797""]""",Org1MSP Org2MSP ,VALID, 1 5797,,,RT,175,17146,0
2022-04-07T17:26:16.359Z,18376d96ddb050cde77fc4e6e8f167aa0e8e100e2e79c94d5fbab587efa11255,Org1MSP,Func1,"[684"",""1066""]""",Org1MSP Org2MSP ,VALID, 1066 684,,,RT,175,17113,0
2022-04-07T17:26:16.359Z,c4334d3db46936d844067b9401a2707dd5376cc5042f5d138bf24a0a758df133,Org1MSP,Func7,"[717"",""100"",""163"",""100""]""",Org1MSP Org2MSP ,VALID, 163 717, 163 717,,UT,175,17172,0
2022-04-07T17:26:16.359Z,69663336f49ac5d287b4ed9b939c7bb99f06b9fdcd704f2f4fb373148f7e76b4,Org1MSP,Func7,"[31"",""100"",""6"",""100""]""",Org1MSP Org2MSP ,VALID, 31 6, 31 6,,UT,175,17202,0
2022-04-07T17:26:16.362Z,a824abaa567ca15abb9c26e5d396f6682a40661808154d38175481cad9c4cee9,Org1MSP,Func1,"[182"",""6""]""",Org1MSP Org2MSP ,VALID, 182 6,,,RT,175,17161,0
2022-04-07T17:26:16.364Z,078ab744912787007b0942af9cd466354ff7a088db1e437f2788668f48138903,Org1MSP,Func4,"[10025"",""1002500"",""10000"",""1000000""]""",Org1MSP Org2MSP ,VALID,, 10000 10025,,WT,175,17111,0
2022-04-07T17:26:16.364Z,837882c677dfdef217600e55354ddc24afc1b1059aea2cb8716e873f248b1407,Org1MSP,Func4,"[10002"",""1000200"",""10011"",""1001100""]""",Org1MSP Org2MSP ,VALID,, 10002 10011,,WT,175,17148,0
2022-04-07T17:26:16.364Z,be0f01e65bbe19857a1d8b612032138b453c8037de29f8282b493f72d01be2c8,Org1MSP,Func7,"[832"",""100"",""10"",""100""]""",Org1MSP Org2MSP ,VALID, 10 832, 10 832,,UT,175,17168,0
2022-04-07T17:26:16.368Z,8fbb39b09e799bc75bbdb71f42506094885007fb69fea6537add8a050980ba6d,Org1MSP,Func4,"[10007"",""1000700"",""10002"",""1000200""]""",Org1MSP Org2MSP ,VALID,, 10002 10007,,WT,175,17151,0
2022-04-07T17:26:16.455Z,6ed25443acd2811788289b45972686c11bd1ddc6b27bbe7031af44f88d222352,Org1MSP,Func4,"[15727"",""1572700"",""10002"",""1000200""]""",Org1MSP Org2MSP ,VALID,, 10002 15727,,WT,175,17142,0
2022-04-07T17:26:16.457Z,50b93989f2a9083581073ae0ebf5f2c142bd20ebd5218d0778c6836dbc0a146b,Org1MSP,Func4,"[10003"",""1000300"",""10016"",""1001600""]""",Org1MSP Org2MSP ,VALID,, 10003 10016,,WT,175,17131,0
2022-04-07T17:26:16.459Z,6277a33de758c3bc664197cce413fd2c07421adcddb88a6b30e93f540ea6f94e,Org1MSP,Func4,"[10443"",""1044300"",""11259"",""1125900""]""",Org1MSP Org2MSP ,VALID,, 10443 11259,,WT,175,17138,0
2022-04-07T17:26:16.459Z,b1f72f51b585aa1b5bc2af7ff08163f0eeeeede1d70f6fe5a499a51ee8d16ce2,Org1MSP,Func4,"[10041"",""1004100"",""10001"",""1000100""]""",Org1MSP Org2MSP ,VALID,, 10001 10041,,WT,175,17165,0
2022-04-07T17:26:16.461Z,3e46ccee4c1c86fbb99195f381ddca369b648996f035ec0a8a85cd093bfd23d3,Org1MSP,Func4,"[11392"",""1139200"",""10034"",""1003400""]""",Org1MSP Org2MSP ,VALID,, 10034 11392,,WT,175,17125,0
2022-04-07T17:26:16.462Z,33f1ee8efe57c019e8628f2b20828ade4d744a3355a8d743cb8cd7b8bebe4c6a,Org1MSP,Func1,"[8196"",""4496""]""",Org1MSP Org2MSP ,VALID, 4496 8196,,,RT,175,17121,0
2022-04-07T17:26:16.464Z,472cf7416d29ed298462b8565e6a76e0bd6f8ee3aab218073d375328c14a7fad,Org1MSP,Func4,"[10000"",""1000000"",""10076"",""1007600""]""",Org1MSP Org2MSP ,VALID,, 10000 10076,,WT,175,17129,0
2022-04-07T17:26:16.464Z,fa9a3db15d9926188f6b212c583f04a7d335909db24bf43404be1a446e1731d6,Org1MSP,Func4,"[10577"",""1057700"",""11603"",""1160300""]""",Org1MSP Org2MSP ,VALID,, 10577 11603,,WT,175,17200,0
2022-04-07T17:26:16.464Z,68cb14814dd371615605182a2418d5e844f3162ae0ac4bafcf58a2c840e51d06,Org1MSP,Func7,"[11"",""100"",""5351"",""100""]""",Org1MSP Org2MSP ,VALID, 11 5351, 11 5351,,UT,175,17208,0
2022-04-07T17:26:16.468Z,2c7b86b4f001a099608b2b5c719777d4dbfc575dc881c3dafbb0347343f8f378,Org1MSP,Func7,"[1858"",""100"",""64"",""100""]""",Org1MSP Org2MSP ,VALID, 1858 64, 1858 64,,UT,175,17120,0
2022-04-07T17:26:16.554Z,a59a6cbe8eecf0e3d697d855a6ee16c217b7debf9c545d4158543e2d81635068,Org1MSP,Func7,"[63"",""100"",""9300"",""100""]""",Org1MSP Org2MSP ,VALID, 63 9300, 63 9300,,UT,176,17270,0
2022-04-07T17:26:16.559Z,b7358a5c20018adc32d3ca61c518438b9471e82b5dcca7bdee7e5f35c5827095,Org1MSP,Func4,"[10003"",""1000300"",""12157"",""1215700""]""",Org1MSP Org2MSP ,VALID,, 10003 12157,,WT,176,17280,0
2022-04-07T17:26:16.559Z,fef4c384721156ff6136fc8b9687099683a41abfc8d2600b812f51b519ea4820,Org1MSP,Func4,"[10092"",""1009200"",""10041"",""1004100""]""",Org1MSP Org2MSP ,VALID,, 10041 10092,,WT,176,17309,0
2022-04-07T17:26:16.561Z,1053ef6c3dc138226f3c8e01e2154461f1b47c5c7ed179225f7a2e0d3603a8c0,Org1MSP,Func4,"[10370"",""1037000"",""10025"",""1002500""]""",Org1MSP Org2MSP ,VALID,, 10025 10370,,WT,176,17215,0
2022-04-07T17:26:16.562Z,95dd2e47a92d9ec063254abe2033b7a320966e93bd19bbd75a66614efc4a5b92,Org1MSP,Func1,"[825"",""6""]""",Org1MSP Org2MSP ,VALID, 6 825,,,RT,176,17267,0
2022-04-07T17:26:16.564Z,5c7c76ab59effe17e8e71accaa0d89373145ac7790cba1d4cbd0efe2e561644a,Org1MSP,Func4,"[10010"",""1001000"",""10006"",""1000600""]""",Org1MSP Org2MSP ,VALID,, 10006 10010,,WT,176,17246,0
2022-04-07T17:26:16.564Z,c97a9353d72899c86f9c9389c047f3c4c6406102fb50ee5b4c9140e3cd40f1e3,Org1MSP,Func4,"[10000"",""1000000"",""10001"",""1000100""]""",Org1MSP Org2MSP ,VALID,, 10000 10001,,WT,176,17289,0
2022-04-07T17:26:16.568Z,ba224de2f3a6844afcaf7753f65856cc8453f5a267c91b74007ee79b40101c23,Org1MSP,Func7,"[79"",""100"",""5187"",""100""]""",Org1MSP Org2MSP ,VALID, 5187 79, 5187 79,,UT,176,17281,0
2022-04-07T17:26:16.655Z,85e2cf2e96c42f3c6e8a7e81947b272061d049e7e55624f53fa1f250e2cfa84b,Org1MSP,Func7,"[1325"",""100"",""102"",""100""]""",Org1MSP Org2MSP ,VALID, 102 1325, 102 1325,,UT,176,17262,0
2022-04-07T17:26:16.658Z,25cf07556034e3e0d57378c40f645ff746600d6a99fe577385d23d859ccf08a9,Org1MSP,Func4,"[11749"",""1174900"",""10013"",""1001300""]""",Org1MSP Org2MSP ,VALID,, 10013 11749,,WT,176,17219,0
2022-04-07T17:26:16.658Z,859e28c73e671d86d3cdfdc2555474d701615cffd21707fb478dbf0c270fcd6d,Org1MSP,Func7,"[7"",""100"",""3407"",""100""]""",Org1MSP Org2MSP ,VALID, 3407 7, 3407 7,,UT,176,17261,0
2022-04-07T17:26:16.659Z,0928422278d687101a3f787dda4490ef7d4c1260b66fb4f43ad27e82bebc1b0d,Org1MSP,Func4,"[10031"",""1003100"",""14847"",""1484700""]""",Org1MSP Org2MSP ,VALID,, 10031 14847,,WT,176,17213,0
2022-04-07T17:26:16.660Z,ce1fa4f5ea76f2f674a12fcd0f2f3511d5be209fbe6ec73131c565e1e93ba6fa,Org1MSP,Func4,"[10854"",""1085400"",""12335"",""1233500""]""",Org1MSP Org2MSP ,VALID,, 10854 12335,,WT,176,17291,0
2022-04-07T17:26:16.663Z,4c6d67eedc2744b4e5011e4759d55b0480861d98b3a41f73e6d11d880c896bf8,Org1MSP,Func4,"[10028"",""1002800"",""10107"",""1010700""]""",Org1MSP Org2MSP ,VALID,, 10028 10107,,WT,176,17239,0
2022-04-07T17:26:16.663Z,7fbaadc3ae782f6938539c7e19a9c2c8eeaf293157b428076b4b05cca24de81d,Org1MSP,Func4,"[10000"",""1000000"",""10003"",""1000300""]""",Org1MSP Org2MSP ,VALID,, 10000 10003,,WT,176,17258,0
2022-04-07T17:26:16.664Z,a219ad3e3e25765391b4308fd570c09dfed0786dc31c76c23691a4faf0bb3a5a,Org1MSP,Func4,"[13062"",""1306200"",""19577"",""1957700""]""",Org1MSP Org2MSP ,VALID,, 13062 19577,,WT,176,17268,0
2022-04-07T17:26:16.666Z,c26cc04a9858f317fa257a80835ac7c158c6ee20f786e4fe5731ae2d21d76572,Org1MSP,Func7,"[498"",""100"",""2361"",""100""]""",Org1MSP Org2MSP ,VALID, 2361 498, 2361 498,,UT,176,17285,0
2022-04-07T17:26:16.755Z,4a20b2ca96814ae5db38ea25992cb7670732d7ea2a0ae1df4939fa9e2d4b2279,Org1MSP,Func4,"[10146"",""1014600"",""10789"",""1078900""]""",Org1MSP Org2MSP ,VALID,, 10146 10789,,WT,176,17236,0
2022-04-07T17:26:16.758Z,5492951e8e4eb3f30e3eb1036c570287165fdf48fe83c5e5520e6290c0c91ea4,Org1MSP,Func1,"[1146"",""6848""]""",Org1MSP Org2MSP ,VALID, 1146 6848,,,RT,176,17242,0
2022-04-07T17:26:16.759Z,297669aafa96df77b4a8d636b0d5e65fb3c081cc602b074ab823741a78d9dce6,Org1MSP,Func4,"[10005"",""1000500"",""10000"",""1000000""]""",Org1MSP Org2MSP ,VALID,, 10000 10005,,WT,176,17221,0
2022-04-07T17:26:16.759Z,37710605a6c5222366c7793a042e2c60c1191ac8e59e87c9e1cb2a30cc8a2f1e,Org1MSP,Func4,"[18148"",""1814800"",""10004"",""1000400""]""",Org1MSP Org2MSP ,VALID,, 10004 18148,,WT,176,17227,0
2022-04-07T17:26:16.760Z,ee88befeb87a2366470e6a68389ece0895bce5eb04ed9ba76c6ce24a34a23cf2,Org1MSP,Func4,"[10127"",""1012700"",""10016"",""1001600""]""",Org1MSP Org2MSP ,VALID,, 10016 10127,,WT,176,17302,0
2022-04-07T17:26:16.761Z,00d13c4e18ce5ce3aded6663fa9e14ec8976f84d8784a6f7381737167f98f519,Org1MSP,Func4,"[11392"",""1139200"",""10471"",""1047100""]""",Org1MSP Org2MSP ,VALID,, 10471 11392,,WT,176,17210,0
2022-04-07T17:26:16.764Z,26b20400a4a6cba9283523e562e52ebf6a80203efae7d7380f66008d7b1b263f,Org1MSP,Func4,"[15476"",""1547600"",""11074"",""1107400""]""",Org1MSP Org2MSP ,VALID,, 11074 15476,,WT,176,17220,0
2022-04-07T17:26:16.764Z,2f1232c1d194b7dd9b693af3566cb0be6ca58a6c8807bbacc6e0c1024164cf30,Org1MSP,Func4,"[10014"",""1001400"",""10009"",""1000900""]""",Org1MSP Org2MSP ,VALID,, 10009 10014,,WT,176,17224,0
2022-04-07T17:26:16.766Z,332e47fe4981be546d5d731a5965fb06f3e58a30c0a83a19acd0b4b49ef5504c,Org1MSP,Func4,"[10000"",""1000000"",""10104"",""1010400""]""",Org1MSP Org2MSP ,VALID,, 10000 10104,,WT,176,17225,0
2022-04-07T17:26:16.855Z,67ecf1bcee703eaaf7eb9df63fe781e82823815ee3b738f1b1693e885a04ba94,Org1MSP,Func4,"[16216"",""1621600"",""10547"",""1054700""]""",Org1MSP Org2MSP ,VALID,, 10547 16216,,WT,176,17251,0
2022-04-07T17:26:16.858Z,4a31344d34cc38018121e349064e6514a19a7bfb1785262c61ac3c2763739689,Org1MSP,Func4,"[10001"",""1000100"",""12289"",""1228900""]""",Org1MSP Org2MSP ,VALID,, 10001 12289,,WT,176,17237,0
2022-04-07T17:26:16.859Z,b0d6fa545c693f47e415e79972dca3750fa9d1dbe2c87de36713f2f8711d57ea,Org1MSP,Func4,"[10004"",""1000400"",""12180"",""1218000""]""",Org1MSP Org2MSP ,VALID,, 10004 12180,,WT,176,17276,0
2022-04-07T17:26:16.860Z,d5227ae277f36db5bfd25afc6610311594e6cf054d2d0c367c99fcd97f427bd5,Org1MSP,Func4,"[17002"",""1700200"",""10001"",""1000100""]""",Org1MSP Org2MSP ,VALID,, 10001 17002,,WT,176,17294,0
2022-04-07T17:26:16.861Z,f5a761879735a2ee852ebf23505687b5f218ca708592cb43edd389a883e34101,Org1MSP,Func4,"[11740"",""1174000"",""10000"",""1000000""]""",Org1MSP Org2MSP ,VALID,, 10000 11740,,WT,176,17304,0
2022-04-07T17:26:16.863Z,b5d5aec6284eee522a11dc44e2ee2c4b8eb946b8e7121ed30938f53cda7f26e0,Org1MSP,Func1,"[2"",""421""]""",Org1MSP Org2MSP ,VALID, 2 421,,,RT,176,17278,0
2022-04-07T17:26:16.864Z,e41ff3107e233b266d0c2e86aa00e71dfd0f9cea34507dbc65e7f84fd51f012f,Org1MSP,Func4,"[10731"",""1073100"",""10000"",""1000000""]""",Org1MSP Org2MSP ,VALID,, 10000 10731,,WT,176,17301,0
2022-04-07T17:26:16.866Z,3b54a583d51648cea5648658137c0bb70c7185d2fdef1ccc9a48994231e593d5,Org1MSP,Func4,"[10024"",""1002400"",""17758"",""1775800""]""",Org1MSP Org2MSP ,VALID,, 10024 17758,,WT,176,17228,0
2022-04-07T17:26:16.954Z,71acfd20cea2175e246c853bfd6080cd22becf236f52a4b2f5f160680182210c,Org1MSP,Func4,"[10000"",""1000000"",""10000"",""1000000""]""",Org1MSP Org2MSP ,VALID,, 10000,,WT,176,17253,0
2022-04-07T17:26:16.958Z,6583f2931614e3650765d9af3f75e65f32244d105e6cd6ed11a800869f83b6ee,Org1MSP,Func4,"[10014"",""1001400"",""10149"",""1014900""]""",Org1MSP Org2MSP ,VALID,, 10014 10149,,WT,176,17250,0
2022-04-07T17:26:16.958Z,925b2cd47f3f0c51fe1e27c279e006c7848a0f3333428370771bc90246f9eee0,Org1MSP,Func4,"[10006"",""1000600"",""12825"",""1282500""]""",Org1MSP Org2MSP ,VALID,, 10006 12825,,WT,176,17266,0
2022-04-07T17:26:16.959Z,cfb74b8381f7b3368d746727138c2a95a7c252fbf9db72b1e5214d12bac5ef1c,Org1MSP,Func4,"[10040"",""1004000"",""12618"",""1261800""]""",Org1MSP Org2MSP ,VALID,, 10040 12618,,WT,176,17293,0
2022-04-07T17:26:16.961Z,e1262a29e26cf453322be85e34f188f6a7debbd56d1e657c27f385a76d256e4a,Org1MSP,Func4,"[10003"",""1000300"",""10007"",""1000700""]""",Org1MSP Org2MSP ,VALID,, 10003 10007,,WT,176,17300,0
2022-04-07T17:26:16.962Z,465356c909d6eb18aeabc499aa77a03f282626ecc0ca6e15581d2a5551c50511,Org1MSP,Func4,"[10000"",""1000000"",""10685"",""1068500""]""",Org1MSP Org2MSP ,VALID,, 10000 10685,,WT,176,17235,0
2022-04-07T17:26:16.964Z,3c8ee4206848977b828922bbec74385aa7c740046920f65e7831c02d0728952b,Org1MSP,Func4,"[10091"",""1009100"",""10200"",""1020000""]""",Org1MSP Org2MSP ,VALID,, 10091 10200,,WT,176,17229,0
2022-04-07T17:26:16.967Z,4215edcc42a7f847684286d52e7ad5390be4b28e9da0093da1039d694c3ad8d1,Org1MSP,Func4,"[10009"",""1000900"",""13506"",""1350600""]""",Org1MSP Org2MSP ,VALID,, 10009 13506,,WT,176,17233,0
2022-04-07T17:26:16.968Z,aa5f8ba6bcdef7f23560ffad685dd77b646f012c029ada6100878b5a5b3760a5,Org1MSP,Func4,"[10017"",""1001700"",""12880"",""1288000""]""",Org1MSP Org2MSP ,VALID,, 10017 12880,,WT,176,17273,0
2022-04-07T17:26:16.968Z,db16a67bd707b2d4b14c36b0f2fbc65e97a3f682fafa9fa642455abf0050063c,Org1MSP,Func4,"[10100"",""1010000"",""10001"",""1000100""]""",Org1MSP Org2MSP ,VALID,, 10001 10100,,WT,176,17298,0
2022-04-07T17:26:17.058Z,f62ea4321fcffaa5081df5dbdde2d82a8062657d70a00a97fa76f90dd640247c,Org1MSP,Func1,"[8283"",""1""]""",Org1MSP Org2MSP ,VALID, 1 8283,,,RT,176,17305,0
2022-04-07T17:26:17.059Z,03c3df3bcd4731192b6454202f284a1d03c24ff922b5f6ec6abd1c6646371642,Org1MSP,Func4,"[10085"",""1008500"",""10239"",""1023900""]""",Org1MSP Org2MSP ,VALID,, 10085 10239,,WT,176,17211,0
2022-04-07T17:26:17.059Z,d610428e6609394631fc3f8fe63b06a9ad852fd6779f93b119bd479d1e62ce08,Org1MSP,Func4,"[10095"",""1009500"",""10061"",""1006100""]""",Org1MSP Org2MSP ,VALID,, 10061 10095,,WT,176,17295,0
2022-04-07T17:26:17.060Z,a7ab65121d55ef8951e6e15d24712b50e067bb87bdb9b404fc20ed9e460a91bc,Org1MSP,Func4,"[10058"",""1005800"",""10089"",""1008900""]""",Org1MSP Org2MSP ,VALID,, 10058 10089,,WT,176,17272,0
2022-04-07T17:26:17.062Z,5d49f17d37b6d9034f069c977d1781f31844801251e29d1fe9afe85ee62319de,Org1MSP,Func4,"[10148"",""1014800"",""10933"",""1093300""]""",Org1MSP Org2MSP ,VALID,, 10148 10933,,WT,176,17248,0
2022-04-07T17:26:17.064Z,57beb702919a6835ed67104c74edfc6a94a003a390618986523a41a9aad42341,Org1MSP,Func4,"[10000"",""1000000"",""10004"",""1000400""]""",Org1MSP Org2MSP ,VALID,, 10000 10004,,WT,176,17243,0
2022-04-07T17:26:17.065Z,3f033b5d4d28b007b8a7aef6d27cad521b909e7ccd6094549ff5bcb49d8a7ba9,Org1MSP,Func4,"[10015"",""1001500"",""10003"",""1000300""]""",Org1MSP Org2MSP ,VALID,, 10003 10015,,WT,176,17231,0
2022-04-07T17:26:17.067Z,57f663a1b9182b33a066aeba578f532865ab2389012ccbbf893a2e7116087c9c,Org1MSP,Func7,"[174"",""100"",""45"",""100""]""",Org1MSP Org2MSP ,VALID, 174 45, 174 45,,UT,176,17244,0
2022-04-07T17:26:17.067Z,d6552e369fe5188be29b23e2fada094e71e7e50b058b15d6581df6366c18aa74,Org1MSP,Func4,"[10153"",""1015300"",""10006"",""1000600""]""",Org1MSP Org2MSP ,VALID,, 10006 10153,,WT,176,17296,0
2022-04-07T17:26:17.155Z,f8bf77f0e8dc29689e74febdb19c6bfacf8c1c6b1896e48fcab44425e48e8cf2,Org1MSP,Func7,"[34"",""100"",""1960"",""100""]""",Org1MSP Org2MSP ,VALID, 1960 34, 1960 34,,UT,176,17307,0
2022-04-07T17:26:17.158Z,b0a13b02127bcffcfa2c08d8fc33634474e1805a8fa787716401023fe8a9feb6,Org1MSP,Func4,"[16900"",""1690000"",""10063"",""1006300""]""",Org1MSP Org2MSP ,VALID,, 10063 16900,,WT,176,17275,0
2022-04-07T17:26:17.159Z,c912646440f086bcdb1fd487ec04c9c08fcfa1ab0d19f66b40fe43777484b2bb,Org1MSP,Func4,"[16391"",""1639100"",""10001"",""1000100""]""",Org1MSP Org2MSP ,VALID,, 10001 16391,,WT,176,17288,0
2022-04-07T17:26:17.159Z,e14efd828526a22223f3451ea3c84113c26d5105a4690748e6e2365849f1fddf,Org1MSP,Func7,"[2"",""100"",""1572"",""100""]""",Org1MSP Org2MSP ,VALID, 1572 2, 1572 2,,UT,176,17310,0
2022-04-07T17:26:17.161Z,b6a4bc1e35c21c20766f100a486389c10d7aceec53182989b19efdee2614d344,Org1MSP,Func4,"[10641"",""1064100"",""10138"",""1013800""]""",Org1MSP Org2MSP ,VALID,, 10138 10641,,WT,176,17279,0
2022-04-07T17:26:17.164Z,2c9b71e674ce69a1a8ab6c1d2ff231be048d4c59b75cb704fe74c7833085b884,Org1MSP,Func4,"[10010"",""1001000"",""14629"",""1462900""]""",Org1MSP Org2MSP ,VALID,, 10010 14629,,WT,176,17223,0
2022-04-07T17:26:17.164Z,d05a349c3140d81713e7e5cf89d8b268d57821955f0158bfe467d57b17fdfe6c,Org1MSP,Func7,"[2135"",""100"",""1"",""100""]""",Org1MSP Org2MSP ,VALID, 1 2135, 1 2135,,UT,176,17311,0
2022-04-07T17:26:17.169Z,4c3ccf2f2fc316f0a7a55423c835f81bb5fb96ca248c6869a2cdfb670e80d689,Org1MSP,Func1,"[271"",""72""]""",Org1MSP Org2MSP ,VALID, 271 72,,,RT,176,17238,0
2022-04-07T17:26:17.170Z,50c8b5f3621a8997692d607149d9a9daeaa8eae89a3543d554a500ac6e6ecb20,Org1MSP,Func1,"[6386"",""629""]""",Org1MSP Org2MSP ,VALID, 629 6386,,,RT,176,17241,0
2022-04-07T17:26:17.172Z,db5cf333db852c53547bf42df14a589828fd810cf5be8308c56212fb6418e241,Org1MSP,Func4,"[16110"",""1611000"",""10180"",""1018000""]""",Org1MSP Org2MSP ,VALID,, 10180 16110,,WT,176,17299,0
2022-04-07T17:26:17.255Z,1c6a446066bd6553083833189ff4489790ea14eb0cbb3f4fcc440223811f62b9,Org1MSP,Func4,"[11025"",""1102500"",""10547"",""1054700""]""",Org1MSP Org2MSP ,VALID,, 10547 11025,,WT,176,17218,0
2022-04-07T17:26:17.258Z,c0eec1581c707d591075b199e093f02e9fae00f79294d90834ef66df72cc127d,Org1MSP,Func4,"[15921"",""1592100"",""10127"",""1012700""]""",Org1MSP Org2MSP ,VALID,, 10127 15921,,WT,176,17282,0
2022-04-07T17:26:17.259Z,2ba01d491027c1dd705cbef16730bba0cb3fa91df54125b10e3e75fd53f4213d,Org1MSP,Func4,"[10002"",""1000200"",""17652"",""1765200""]""",Org1MSP Org2MSP ,VALID,, 10002 17652,,WT,176,17222,0
2022-04-07T17:26:17.260Z,a4f6ce3060a763d15025f5ae4687c80d59086760129f696bb8d1860dbc5c5906,Org1MSP,Func4,"[10001"",""1000100"",""10037"",""1003700""]""",Org1MSP Org2MSP ,VALID,, 10001 10037,,WT,176,17269,0
2022-04-07T17:26:17.261Z,1210c48eb9b413bc2e3ed9b42977bf430790913f7736a16c7d20d81d44bfcaa6,Org1MSP,Func7,"[4"",""100"",""223"",""100""]""",Org1MSP Org2MSP ,VALID, 223 4, 223 4,,UT,176,17216,0
2022-04-07T17:26:17.263Z,d7483ce353f0269368837932e628f29609335cfcdbedcf1f9d815dc7e2162ded,Org1MSP,Func1,"[6202"",""81""]""",Org1MSP Org2MSP ,VALID, 6202 81,,,RT,176,17297,0
2022-04-07T17:26:17.263Z,f140fc52ff18fd2d1f540ab6574775a8655b9f9e0515f7305c0c59893ef8ee17,Org1MSP,Func7,"[379"",""100"",""3386"",""100""]""",Org1MSP Org2MSP ,VALID, 3386 379, 3386 379,,UT,176,17303,0
2022-04-07T17:26:17.264Z,8472bdfca5db50e374c361d1f3a0e6e7699c8b1994ca2662c8201dc6a1bb9bee,Org1MSP,Func4,"[11809"",""1180900"",""18021"",""1802100""]""",Org1MSP Org2MSP ,VALID,, 11809 18021,,WT,176,17260,0
2022-04-07T17:26:17.268Z,86da9d8c69ffaa6d7fd44d7213ec711e17ea07433c57d25c25dd8f90dcd45796,Org1MSP,Func4,"[13854"",""1385400"",""12815"",""1281500""]""",Org1MSP Org2MSP ,VALID,, 12815 13854,,WT,176,17263,0
2022-04-07T17:26:17.271Z,1a5465319f7735b7b8d95eb3daeb5c2ef2dbc389cc61391e530c5497751f8e3b,Org1MSP,Func4,"[11197"",""1119700"",""10017"",""1001700""]""",Org1MSP Org2MSP ,VALID,, 10017 11197,,WT,176,17217,0
2022-04-07T17:26:17.355Z,34636b86da9749e396019e6487c17297bf487c5b52f9ea802ad7f344e3c4f605,Org1MSP,Func4,"[10124"",""1012400"",""14039"",""1403900""]""",Org1MSP Org2MSP ,VALID,, 10124 14039,,WT,176,17226,0
2022-04-07T17:26:17.357Z,b04e6f81f25a70f0a115dcf97f42a1d4dcc7b1925cf4674ed0b880d4b9b8b0a0,Org1MSP,Func4,"[10007"",""1000700"",""13760"",""1376000""]""",Org1MSP Org2MSP ,VALID,, 10007 13760,,WT,176,17274,0
2022-04-07T17:26:17.359Z,b36498a940e7a3178e37e779bb461a2ee40520095d6e524bafff17e4ce04d98f,Org1MSP,Func1,"[25"",""365""]""",Org1MSP Org2MSP ,VALID, 25 365,,,RT,176,17277,0
2022-04-07T17:26:17.359Z,ce7a4c892b159126f9b30de2e286fb6d6785890f1b6f2e3162dd1a41c924367d,Org1MSP,Func4,"[10094"",""1009400"",""10013"",""1001300""]""",Org1MSP Org2MSP ,VALID,, 10013 10094,,WT,176,17292,0
2022-04-07T17:26:17.361Z,7de071b5f53bdb231c463f5e4dbeb32e9d2339f8a33e3f7490ed25f1bd3e6ec0,Org1MSP,Func1,"[8"",""109""]""",Org1MSP Org2MSP ,VALID, 109 8,,,RT,176,17256,0
2022-04-07T17:26:17.362Z,4cd498ee13e0e6eb42c30dad21ffa4f9c184e0150fe0e512b418e69a62c686cd,Org1MSP,Func4,"[10002"",""1000200"",""12105"",""1210500""]""",Org1MSP Org2MSP ,VALID,, 10002 12105,,WT,176,17240,0
2022-04-07T17:26:17.363Z,8407a6036e71cd49234a3443b373371db229b0b5132c01f140cf17ae19bc36dd,Org1MSP,Func4,"[12003"",""1200300"",""10120"",""1012000""]""",Org1MSP Org2MSP ,VALID,, 10120 12003,,WT,176,17259,0
2022-04-07T17:26:17.363Z,cb9199fcae25732f2b2d55ac3726459522e9d382c6ecee22fcbc79c4f161dff3,Org1MSP,Func1,"[14"",""5""]""",Org1MSP Org2MSP ,VALID, 14 5,,,RT,176,17290,0
2022-04-07T17:26:17.365Z,5ca7e4932fb1ec90b2d78400be116a5be3a88ae3ae8d9a2a3df7f2ef241a6b1c,Org1MSP,Func4,"[11620"",""1162000"",""10071"",""1007100""]""",Org1MSP Org2MSP ,VALID,, 10071 11620,,WT,176,17247,0
2022-04-07T17:26:17.366Z,5f3e871a3d7ffc3a43bec2affb2fdf0734ed9f42a838cfd35d9be91b77216340,Org1MSP,Func4,"[12405"",""1240500"",""10027"",""1002700""]""",Org1MSP Org2MSP ,VALID,, 10027 12405,,WT,176,17249,0
2022-04-07T17:26:17.457Z,c1ead684bd8c578176502a4eee4bcb8dcc0e71cfa7f60e2e2dd67402d668bf3c,Org1MSP,Func7,"[22"",""100"",""1808"",""100""]""",Org1MSP Org2MSP ,VALID, 1808 22, 1808 22,,UT,176,17283,0
2022-04-07T17:26:17.458Z,3ebd7df231a94c71335bb576fd37fe1afbe755203c9af85bb9cfc161b614ed92,Org1MSP,Func1,"[1476"",""1""]""",Org1MSP Org2MSP ,VALID, 1 1476,,,RT,176,17230,0
2022-04-07T17:26:17.459Z,86ef3b09ccfc55b7931c4fcf5ee69662ae0d8cf467c12cbc171df0c209a26b8d,Org1MSP,Func4,"[10002"",""1000200"",""12953"",""1295300""]""",Org1MSP Org2MSP ,VALID,, 10002 12953,,WT,176,17264,0
2022-04-07T17:26:17.460Z,593d3dca7053e7a33739531aaa5d839d8d21294d03cf1d1e9439e4ef9d8eb064,Org1MSP,Func1,"[138"",""113""]""",Org1MSP Org2MSP ,VALID, 113 138,,,RT,176,17245,0
2022-04-07T17:26:17.463Z,8c39f2d9d0538c23cc69b8fa9f9cc2478c8e321b08a443e3c8774a6062abf252,Org1MSP,Func4,"[13578"",""1357800"",""10000"",""1000000""]""",Org1MSP Org2MSP ,VALID,, 10000 13578,,WT,176,17265,0
2022-04-07T17:26:17.463Z,a68e57f56ecd57ee5ea8dbd30fa242114be656aba05f787da7588d08c63d502c,Org1MSP,Func4,"[10079"",""1007900"",""10000"",""1000000""]""",Org1MSP Org2MSP ,VALID,, 10000 10079,,WT,176,17271,0
2022-04-07T17:26:17.463Z,f798c9b5fa7ab3357f99a4c8a49e4c651539f99627bca5abab6cd7283e9de1bd,Org1MSP,Func4,"[10021"",""1002100"",""10254"",""1025400""]""",Org1MSP Org2MSP ,VALID,, 10021 10254,,WT,176,17306,0
2022-04-07T17:26:17.466Z,c6d543afa64897cc82528354b1959bac74a27bf9172bf6fe80b934d4f36a62d0,Org1MSP,Func4,"[10766"",""1076600"",""17700"",""1770000""]""",Org1MSP Org2MSP ,VALID,, 10766 17700,,WT,176,17287,0
2022-04-07T17:26:17.468Z,706052a51cd670f90527272770b232a497afc140726dcb066c52b153ef57b112,Org1MSP,Func4,"[10134"",""1013400"",""10012"",""1001200""]""",Org1MSP Org2MSP ,VALID,, 10012 10134,,WT,176,17252,0
2022-04-07T17:26:17.478Z,05a7218e62f5f187cac91b23d521dd3f1f5b1060fdd7344195aa87716ff7489b,Org1MSP,Func4,"[11275"",""1127500"",""11034"",""1103400""]""",Org1MSP Org2MSP ,VALID,, 11034 11275,,WT,176,17212,0
2022-04-07T17:26:17.556Z,0da8e995920ee35e3b09797a85b501e78b3723964e105fd934a09c660108d6be,Org1MSP,Func1,"[27"",""1""]""",Org1MSP Org2MSP ,VALID, 1 27,,,RT,176,17214,0
2022-04-07T17:26:17.559Z,4197cb5d6f50eee2b413b7138c01d56e5f06dd4b9d3981ac16110b75c1e14fb1,Org1MSP,Func4,"[10929"",""1092900"",""10001"",""1000100""]""",Org1MSP Org2MSP ,VALID,, 10001 10929,,WT,176,17232,0
2022-04-07T17:26:17.559Z,77a9e8766531f5d4e3f761504d171e37f1e1474be756b00fba27d3106bd7dfea,Org1MSP,Func4,"[10008"",""1000800"",""10207"",""1020700""]""",Org1MSP Org2MSP ,VALID,, 10008 10207,,WT,176,17254,0
2022-04-07T17:26:17.559Z,fc2324250dc362c9952ab25e3122858bd243f1c27691f6612ad02e58848bdc6a,Org1MSP,Func4,"[10112"",""1011200"",""12577"",""1257700""]""",Org1MSP Org2MSP ,VALID,, 10112 12577,,WT,176,17308,0
2022-04-07T17:26:17.560Z,7e63e541c6a33cac64d856162b7329a8e51e5e73d146dfe97cbfb757a2e68ba5,Org1MSP,Func4,"[10001"",""1000100"",""10000"",""1000000""]""",Org1MSP Org2MSP ,VALID,, 10000 10001,,WT,176,17257,0
2022-04-07T17:26:17.562Z,7dbdce079c68f0537c9bd46a3c919af9ea54ace15e7e2115dcca5f82629ab5d3,Org1MSP,Func4,"[11299"",""1129900"",""10407"",""1040700""]""",Org1MSP Org2MSP ,VALID,, 10407 11299,,WT,176,17255,0
2022-04-07T17:26:17.563Z,44931a9fa6f1d0b887e783178c3dfa0e5db83b8424705d25c131bc2059b353ef,Org1MSP,Func7,"[511"",""100"",""433"",""100""]""",Org1MSP Org2MSP ,VALID, 433 511, 433 511,,UT,176,17234,0
2022-04-07T17:26:17.566Z,c218287e70648d0e25bdd6eebda9fd5a97a0e9fd718057019240bf269ff1c5ae,Org1MSP,Func1,"[2930"",""36""]""",Org1MSP Org2MSP ,VALID, 2930 36,,,RT,176,17284,0
2022-04-07T17:26:17.566Z,c5d8cfa09defc14093a2defd47b6bfb2fbfb2ddd1c3a556799c3ac9202f46d56,Org1MSP,Func4,"[10015"",""1001500"",""10009"",""1000900""]""",Org1MSP Org2MSP ,VALID,, 10009 10015,,WT,176,17286,0
2022-04-07T17:26:17.655Z,88855d7e266fc766c581c6a35f8254b66a8056053b7508e207314339ea070279,Org1MSP,Func4,"[16635"",""1663500"",""13248"",""1324800""]""",Org1MSP Org2MSP ,VALID,, 13248 16635,,WT,177,17360,0
2022-04-07T17:26:17.657Z,5409c41505bbe7b385fa6fea1685e46d610b99c6dfb4aab113448a273c7676ca,Org1MSP,Func4,"[10018"",""1001800"",""10000"",""1000000""]""",Org1MSP Org2MSP ,VALID,, 10000 10018,,WT,177,17340,0
2022-04-07T17:26:17.659Z,5a2950dc8d327d270a85e2e983c10723798324e20eca8015a6adaadcb52915f9,Org1MSP,Func4,"[11173"",""1117300"",""10189"",""1018900""]""",Org1MSP Org2MSP ,VALID,, 10189 11173,,WT,177,17341,0
2022-04-07T17:26:17.659Z,eccb83a9887a6bef9f79f5f1880208f601e564026e0ad8cb4a2e54ef90cf4169,Org1MSP,Func4,"[13694"",""1369400"",""10077"",""1007700""]""",Org1MSP Org2MSP ,VALID,, 10077 13694,,WT,177,17390,0
2022-04-07T17:26:17.659Z,aee9abbaadc8ea038a22a811b0f768b30b0f60a24aef64bd2a9646fd32f9dae0,Org1MSP,Func7,"[11"",""100"",""358"",""100""]""",Org1MSP Org2MSP ,VALID, 11 358, 11 358,,UT,177,17397,0
2022-04-07T17:26:17.660Z,ab2a4ff4fffcb46b73c6cddd70074422bbd7bb24ca53d954a3e00c92385f973a,Org1MSP,Func4,"[10005"",""1000500"",""10019"",""1001900""]""",Org1MSP Org2MSP ,VALID,, 10005 10019,,WT,177,17367,0
2022-04-07T17:26:17.662Z,ad5af6a5d506d25910a8bb77dd41063b18f2530a3ef501539b2ed472eedd8e56,Org1MSP,Func4,"[10420"",""1042000"",""10192"",""1019200""]""",Org1MSP Org2MSP ,VALID,, 10192 10420,,WT,177,17368,0
2022-04-07T17:26:17.663Z,39f69ef618717b6ee7134457337e165c6865a51c68e1bf157c92ef354422d165,Org1MSP,Func7,"[10"",""100"",""6"",""100""]""",Org1MSP Org2MSP ,VALID, 10 6, 10 6,,UT,177,17329,0
2022-04-07T17:26:17.664Z,6b7e2ce3e2ab6b9da3891da443284ebe6c3a8cacc27c917fbff9634f56551cfd,Org1MSP,Func1,"[12"",""568""]""",Org1MSP Org2MSP ,VALID, 12 568,,,RT,177,17351,0
2022-04-07T17:26:17.668Z,8d8476b2b2bc49146486d943ccccb3f824e3e51be7eac7edabe20d2a67a6b08a,Org1MSP,Func4,"[12225"",""1222500"",""10005"",""1000500""]""",Org1MSP Org2MSP ,VALID,, 10005 12225,,WT,177,17361,0
2022-04-07T17:26:17.757Z,71c001a3a8d763a2edec05ede4fbd5d98aaa95b5a9e444f3806167d1df03fbf4,Org1MSP,Func4,"[15868"",""1586800"",""11296"",""1129600""]""",Org1MSP Org2MSP ,VALID,, 11296 15868,,WT,177,17352,0
2022-04-07T17:26:17.759Z,907f874893fce29d89d99897e5c4c2a775bec23f21f7e7b773c697985538089a,Org1MSP,Func1,"[1122"",""23""]""",Org1MSP Org2MSP ,VALID, 1122 23,,,RT,177,17362,0
2022-04-07T17:26:17.760Z,b3a8e5f2e7de782db3cf657359494080080ef94063f4f6e791de8d7a147aefa4,Org1MSP,Func4,"[12028"",""1202800"",""15124"",""1512400""]""",Org1MSP Org2MSP ,VALID,, 12028 15124,,WT,177,17372,0
2022-04-07T17:26:17.761Z,c3858aaad6100d0135f7dde80a65c650030b2eaaa1c167add8566b2951bbd272,Org1MSP,Func7,"[3274"",""100"",""695"",""100""]""",Org1MSP Org2MSP ,VALID, 3274 695, 3274 695,,UT,177,17378,0
2022-04-07T17:26:17.764Z,5ec775e505e27d3972f0a9e3b283f5821324664faecf668a312ba6b9bc336031,Org1MSP,Func7,"[335"",""100"",""2842"",""100""]""",Org1MSP Org2MSP ,VALID, 2842 335, 2842 335,,UT,177,17343,0
2022-04-07T17:26:17.767Z,843a1afd5ec1af3d61795b366418516d656d538935b5a311ed1c669dbe4622de,Org1MSP,Func4,"[11977"",""1197700"",""10032"",""1003200""]""",Org1MSP Org2MSP ,VALID,, 10032 11977,,WT,177,17357,0
2022-04-07T17:26:17.769Z,29fcd022119b3eb0c6278a3527dc13f7760041e8424f55d0c53dc0cc8a3011f8,Org1MSP,Func4,"[10003"",""1000300"",""11082"",""1108200""]""",Org1MSP Org2MSP ,VALID,, 10003 11082,,WT,177,17322,0
2022-04-07T17:26:17.854Z,2ea94e7c92844891eaef98f3a198cce9ed97b2347118876342ef5b296f96638a,Org1MSP,Func4,"[10006"",""1000600"",""16230"",""1623000""]""",Org1MSP Org2MSP ,VALID,, 10006 16230,,WT,177,17323,0
2022-04-07T17:26:17.857Z,e7cd7b1f2c51d808a08cafadc03d9e1e2a8386fa368c26e25e47fb075efcc5ec,Org1MSP,Func4,"[10008"",""1000800"",""10313"",""1031300""]""",Org1MSP Org2MSP ,VALID,, 10008 10313,,WT,177,17389,0
2022-04-07T17:26:17.859Z,f089c382f8e0840cd0d9cf9cfe79cd6ea58b946f661b6935e46b3ba4203adb64,Org1MSP,Func1,"[6946"",""1939""]""",Org1MSP Org2MSP ,VALID, 1939 6946,,,RT,177,17392,0
2022-04-07T17:26:17.860Z,4ebefe1b110c6b87432e0b9cd69903c3a4e7f7f3493b51a1aceea75a26d7bd26,Org1MSP,Func4,"[10000"",""1000000"",""10001"",""1000100""]""",Org1MSP Org2MSP ,VALID,, 10000 10001,,WT,177,17337,0
2022-04-07T17:26:17.861Z,e2a35e48aee914038f3e072e922b4d1cf0d17e7b6b82fdbc2e30cbf7a3b407c3,Org1MSP,Func4,"[11276"",""1127600"",""11403"",""1140300""]""",Org1MSP Org2MSP ,VALID,, 11276 11403,,WT,177,17384,0
2022-04-07T17:26:17.863Z,385abbbc1e857c6d492a3a541c556e4ca2d084f951cce9c5b453f5d6dc59f552,Org1MSP,Func4,"[10535"",""1053500"",""10006"",""1000600""]""",Org1MSP Org2MSP ,VALID,, 10006 10535,,WT,177,17326,0
2022-04-07T17:26:17.864Z,a25af287801716c7bb3577b79f97355a1ee6f5da9be0b193313290d902eb78a9,Org1MSP,Func4,"[10004"",""1000400"",""10006"",""1000600""]""",Org1MSP Org2MSP ,VALID,, 10004 10006,,WT,177,17365,0
2022-04-07T17:26:17.864Z,c5693faeba0029e347bb68ce6a3edfa6a613583083cd9fc7614a5e894e646017,Org1MSP,Func4,"[10002"",""1000200"",""10010"",""1001000""]""",Org1MSP Org2MSP ,VALID,, 10002 10010,,WT,177,17379,0
2022-04-07T17:26:17.955Z,c35c6419c6b9e108e930a9bd615fdd4c1f5e2ee7d7e8559097d8b8eebc3b0bb2,Org1MSP,Func4,"[10000"",""1000000"",""17827"",""1782700""]""",Org1MSP Org2MSP ,VALID,, 10000 17827,,WT,177,17377,0
2022-04-07T17:26:17.959Z,5fa16f44aeeba32c2475dea667dc6d145b97a7b14a39ff1643c858013fe6e15b,Org1MSP,Func4,"[10184"",""1018400"",""10020"",""1002000""]""",Org1MSP Org2MSP ,VALID,, 10020 10184,,WT,177,17345,0
2022-04-07T17:26:17.961Z,09ec5800c88f3668d39f9c9c984fc1ad53c7c5ac9e0010b687f1b2894933d1fd,Org1MSP,Func1,"[2919"",""19""]""",Org1MSP Org2MSP ,VALID, 19 2919,,,RT,177,17313,0
2022-04-07T17:26:17.962Z,45c4497b87c21fa722176b4760a7591f4dca20cac5125dd43e69717ca3d980fa,Org1MSP,Func4,"[10748"",""1074800"",""10002"",""1000200""]""",Org1MSP Org2MSP ,VALID,, 10002 10748,,WT,177,17334,0
2022-04-07T17:26:17.962Z,9576e3c265c6744f2de6cc6ac5338a001aba75a213d140c883c50bb8b24cab6f,Org1MSP,Func1,"[2"",""1""]""",Org1MSP Org2MSP ,VALID, 1 2,,,RT,177,17363,0
2022-04-07T17:26:17.964Z,6168fd29afd51a4379758963adc13edbdc05cef5e86a72fda68cfb0c3a6a0d81,Org1MSP,Func4,"[10459"",""1045900"",""10001"",""1000100""]""",Org1MSP Org2MSP ,VALID,, 10001 10459,,WT,177,17346,0
2022-04-07T17:26:17.964Z,f247caaf9a9848605254ff9e977278b3df1c5b8ccd7c1fda04f67c245b30fcff,Org1MSP,Func4,"[10000"",""1000000"",""10001"",""1000100""]""",Org1MSP Org2MSP ,VALID,, 10000 10001,,WT,177,17393,0
2022-04-07T17:26:17.967Z,23ac3f64b3465aeee838577035c5b7208a18d3369d9c745620505cec6bb006d2,Org1MSP,Func1,"[11"",""23""]""",Org1MSP Org2MSP ,VALID, 11 23,,,RT,177,17320,0
2022-04-07T17:26:18.055Z,f5a0013cd6ee1670155ce66c98b4f6d96669a3810e31a3a33ef999dc2f99d40d,Org1MSP,Func1,"[3168"",""41""]""",Org1MSP Org2MSP ,VALID, 3168 41,,,RT,177,17394,0
2022-04-07T17:26:18.058Z,1551ce3d11bd96f3be9ba28e323a37d4d7915ac32d246958dba341c1b130c6ba,Org1MSP,Func1,"[23"",""913""]""",Org1MSP Org2MSP ,VALID, 23 913,,,RT,177,17317,0
2022-04-07T17:26:18.058Z,9754e9210f6ed8b092dcfbbc8939561294ba33174a00097ba47fd5223b5ee18f,Org1MSP,Func7,"[2"",""100"",""3"",""100""]""",Org1MSP Org2MSP ,VALID, 2 3, 2 3,,UT,177,17400,0
2022-04-07T17:26:18.060Z,ae81e792858e07a6e0331e9db0be372b9ae712df2f5f188b35c4b285434bc95b,Org1MSP,Func4,"[10020"",""1002000"",""11051"",""1105100""]""",Org1MSP Org2MSP ,VALID,, 10020 11051,,WT,177,17369,0
2022-04-07T17:26:18.060Z,efd61f18afffabdb0423ef66992c0bfaf5c6a835d8d108d0655efa5c4047e91d,Org1MSP,Func4,"[10113"",""1011300"",""11625"",""1162500""]""",Org1MSP Org2MSP ,VALID,, 10113 11625,,WT,177,17391,0
2022-04-07T17:26:18.061Z,1c7babedcbea988ac354164afc6da49db852f81c1c9ccd6655ea7e60639dea3f,Org1MSP,Func4,"[10780"",""1078000"",""16008"",""1600800""]""",Org1MSP Org2MSP ,VALID,, 10780 16008,,WT,177,17318,0
2022-04-07T17:26:18.062Z,1122a6539a2406b9692edab5163a27470e5035e3eacdec2456ddeae46ca4c04c,Org1MSP,Func1,"[116"",""8928""]""",Org1MSP Org2MSP ,VALID, 116 8928,,,RT,177,17315,0
2022-04-07T17:26:18.064Z,7cf2040fe9c962f275d76cf3c1d3d3a5c193908da6a6f94d60e9530cecbb56a2,Org1MSP,Func4,"[10004"",""1000400"",""10004"",""1000400""]""",Org1MSP Org2MSP ,VALID,, 10004,,WT,177,17354,0
2022-04-07T17:26:18.064Z,cd5c759d0f3451b96a1a68d6a0b3082e762dffcc64df15a9a8129be880ab3894,Org1MSP,Func4,"[10012"",""1001200"",""10150"",""1015000""]""",Org1MSP Org2MSP ,VALID,, 10012 10150,,WT,177,17380,0
2022-04-07T17:26:18.067Z,d4663dc988fb4fd473eb4d0857bd07ffd4f02aae11db47d45ba89890eea3ac19,Org1MSP,Func1,"[593"",""42""]""",Org1MSP Org2MSP ,VALID, 42 593,,,RT,177,17382,0
2022-04-07T17:26:18.155Z,7db2270e56bd7f93ebb150d7cf1aa07a7765cda670e5cbd7dad5c1840f29d052,Org1MSP,Func4,"[10012"",""1001200"",""10000"",""1000000""]""",Org1MSP Org2MSP ,VALID,, 10000 10012,,WT,177,17355,0
2022-04-07T17:26:18.157Z,e436cee5b26ad75ad47ccc0a5578dae0f430dfd0d4c17dab9c0e0869b92f60d7,Org1MSP,Func4,"[10029"",""1002900"",""10014"",""1001400""]""",Org1MSP Org2MSP ,VALID,, 10014 10029,,WT,177,17385,0
2022-04-07T17:26:18.158Z,396162887b6d3615645dccf28527adf7a223973eab3d2bcdc0fa05a0b1077a80,Org1MSP,Func4,"[11754"",""1175400"",""10050"",""1005000""]""",Org1MSP Org2MSP ,VALID,, 10050 11754,,WT,177,17328,0
2022-04-07T17:26:18.160Z,4549b10b12405fcabd638e9eadca0f32c699df993eac485eb5eedee66773cadf,Org1MSP,Func4,"[10000"",""1000000"",""15463"",""1546300""]""",Org1MSP Org2MSP ,VALID,, 10000 15463,,WT,177,17333,0
2022-04-07T17:26:18.160Z,d35c223aa327b8f0382182231916a5c51e1032580447fdd7864e76df9a728e15,Org1MSP,Func1,"[750"",""1""]""",Org1MSP Org2MSP ,VALID, 1 750,,,RT,177,17398,0
2022-04-07T17:26:18.161Z,26b3e7bdc21bbb8f488da5a1eea0b76e8c6820e268b3fc1a8d301b2125f10e84,Org1MSP,Func4,"[10000"",""1000000"",""10004"",""1000400""]""",Org1MSP Org2MSP ,VALID,, 10000 10004,,WT,177,17321,0
2022-04-07T17:26:18.162Z,3931742669e19e98230fa34dbc1c933a6f80600b678a0db5771de5b97844b7e4,Org1MSP,Func7,"[13"",""100"",""9"",""100""]""",Org1MSP Org2MSP ,VALID, 13 9, 13 9,,UT,177,17327,0
2022-04-07T17:26:18.163Z,2ffb1a1957aa955d39eb5ca14cd2ed4d1ca2129b5c1d05dbf6620656a01630bc,Org1MSP,Func1,"[696"",""20""]""",Org1MSP Org2MSP ,VALID, 20 696,,,RT,177,17324,0
2022-04-07T17:26:18.164Z,bea7bc0323ac6540cb8e9a8058273badc26348ea882eb3dc44cab55a65941753,Org1MSP,Func4,"[10050"",""1005000"",""11301"",""1130100""]""",Org1MSP Org2MSP ,VALID,, 10050 11301,,WT,177,17374,0
2022-04-07T17:26:18.167Z,015595a31a7208362586a968332688403fdb2390d684b85ff46d14ce4366d1c5,Org1MSP,Func1,"[2414"",""1""]""",Org1MSP Org2MSP ,VALID, 1 2414,,,RT,177,17399,0
2022-04-07T17:26:18.255Z,4d4a5291879db9b8504efdff0595ab89017c560bfebf3e97fd5b7f34d8290d50,Org1MSP,Func4,"[17549"",""1754900"",""14074"",""1407400""]""",Org1MSP Org2MSP ,VALID,, 14074 17549,,WT,177,17336,0
2022-04-07T17:26:18.257Z,f6b44976d4dcc7679664cf57f4358ad80310e182b0feff491a244543a92a28e8,Org1MSP,Func4,"[14790"",""1479000"",""10931"",""1093100""]""",Org1MSP Org2MSP ,VALID,, 10931 14790,,WT,177,17395,0
2022-04-07T17:26:18.258Z,695b1109c68f89041560b06943be527128065538c8e9b710c3daaae57f088949,Org1MSP,Func4,"[12360"",""1236000"",""10040"",""1004000""]""",Org1MSP Org2MSP ,VALID,, 10040 12360,,WT,177,17349,0
2022-04-07T17:26:18.260Z,db42b066f247cd2beec18dcf8c765e3fc34b7954d96e3a80c910e9c27d1e17b5,Org1MSP,Func4,"[16221"",""1622100"",""10134"",""1013400""]""",Org1MSP Org2MSP ,VALID,, 10134 16221,,WT,177,17383,0
2022-04-07T17:26:18.260Z,e7b5253f68ad72e2922025d7db30f3eec2c4d81e90379b94c3e2897bf8fa1e6b,Org1MSP,Func4,"[14770"",""1477000"",""10000"",""1000000""]""",Org1MSP Org2MSP ,VALID,, 10000 14770,,WT,177,17388,0
2022-04-07T17:26:18.261Z,c1d266e7c28c5ede6007c4c9fdf47cb92b10260f3bd736c835c78d661a1bd226,Org1MSP,Func4,"[10028"",""1002800"",""10346"",""1034600""]""",Org1MSP Org2MSP ,VALID,, 10028 10346,,WT,177,17376,0
2022-04-07T17:26:18.262Z,3eecc9f2c7a37bbc29e50e8c21d71f32f348d6614a3528c938ebee55cd34953b,Org1MSP,Func4,"[10000"",""1000000"",""10000"",""1000000""]""",Org1MSP Org2MSP ,VALID,, 10000,,WT,177,17332,0
2022-04-07T17:26:18.264Z,871e183e7cf98806329da6bf95cf9ade3b0babae1078f9462bf1629349a8a4cd,Org1MSP,Func4,"[10021"",""1002100"",""10028"",""1002800""]""",Org1MSP Org2MSP ,VALID,, 10021 10028,,WT,177,17359,0
2022-04-07T17:26:18.264Z,b5b372b4f7b607b33850215d48d67e623a3577e4e5d0ace8041a53fa6b2d614b,Org1MSP,Func4,"[10021"",""1002100"",""12720"",""1272000""]""",Org1MSP Org2MSP ,VALID,, 10021 12720,,WT,177,17373,0
2022-04-07T17:26:18.266Z,9c91a24c2f8d59ec9593f2acdb0dea1e3455826814664a647687df5f1003264d,Org1MSP,Func4,"[10000"",""1000000"",""10005"",""1000500""]""",Org1MSP Org2MSP ,VALID,, 10000 10005,,WT,177,17364,0
2022-04-07T17:26:18.354Z,4f7b3eb6bdedd6c0dad522da8ca9cd673fb75c35bd39b380bd4260fd39df223b,Org1MSP,Func7,"[621"",""100"",""9702"",""100""]""",Org1MSP Org2MSP ,VALID, 621 9702, 621 9702,,UT,177,17339,0
2022-04-07T17:26:18.356Z,85fa13642eacb486980477716c95331d30e030dd864993d9acea7130e06b7424,Org1MSP,Func7,"[1"",""100"",""409"",""100""]""",Org1MSP Org2MSP ,VALID, 1 409, 1 409,,UT,177,17402,0
2022-04-07T17:26:18.358Z,69a03e381e84f5d37af629d422d070c00af869df4fc4c124d2ceb61b45103bca,Org1MSP,Func1,"[2685"",""1666""]""",Org1MSP Org2MSP ,VALID, 1666 2685,,,RT,177,17350,0
2022-04-07T17:26:18.359Z,073cc6a9fd8290d07e0658a167545e22bd130c4d7940ca511bfd4a11274fd2f6,Org1MSP,Func1,"[8914"",""1561""]""",Org1MSP Org2MSP ,VALID, 1561 8914,,,RT,177,17312,0
2022-04-07T17:26:18.360Z,e60d7f53708aefe2819cb488ea33b67afb0f41015e134c9e2c4f1d5c4e2b512e,Org1MSP,Func4,"[11601"",""1160100"",""10000"",""1000000""]""",Org1MSP Org2MSP ,VALID,, 10000 11601,,WT,177,17386,0
2022-04-07T17:26:18.362Z,152be67d6bb759013391ddb1fe24486f9fddf911248ead00cafbad925cc4f9d7,Org1MSP,Func4,"[19904"",""1990400"",""10000"",""1000000""]""",Org1MSP Org2MSP ,VALID,, 10000 19904,,WT,177,17316,0
2022-04-07T17:26:18.363Z,861ffe30a4e22b97b70017c50b57c91c7ea4930d4e70090cbd7c2d059b58ad53,Org1MSP,Func4,"[10262"",""1026200"",""10469"",""1046900""]""",Org1MSP Org2MSP ,VALID,, 10262 10469,,WT,177,17358,0
2022-04-07T17:26:18.366Z,7c5e4276a8ff7081850f2960da9c8d5fad722fcfc845e45fe790e7aa2846e408,Org1MSP,Func4,"[11831"",""1183100"",""10101"",""1010100""]""",Org1MSP Org2MSP ,VALID,, 10101 11831,,WT,177,17353,0
2022-04-07T17:26:18.366Z,ce6eadeef1692ebb286da0d3ad2f409291e9f5d81c94cb8a23ba6ae0f556cc73,Org1MSP,Func4,"[10003"",""1000300"",""10015"",""1001500""]""",Org1MSP Org2MSP ,VALID,, 10003 10015,,WT,177,17381,0
2022-04-07T17:26:18.367Z,5d5e917b1976fddd0fc4fa8e2e9b189622f01b95b0ee450211bee09aad16681e,Org1MSP,Func7,"[8110"",""100"",""107"",""100""]""",Org1MSP Org2MSP ,VALID, 107 8110, 107 8110,,UT,177,17342,0
2022-04-07T17:26:18.455Z,ff3c7e0b483572921f227855a660e69b3da4a6b586665d496e3eb2b967dcd922,Org1MSP,Func4,"[10001"",""1000100"",""10003"",""1000300""]""",Org1MSP Org2MSP ,VALID,, 10001 10003,,WT,177,17396,0
2022-04-07T17:26:18.458Z,3acd5460bfc31cbeef7c9bab34907b19d97e0be64a5d749f7611e6eccff2ab65,Org1MSP,Func7,"[4"",""100"",""1935"",""100""]""",Org1MSP Org2MSP ,VALID, 1935 4, 1935 4,,UT,177,17330,0
2022-04-07T17:26:18.458Z,808004a59757b7b00b0fcb0a6b2460b8293edf7f3ed4c2b2659c06c32528b501,Org1MSP,Func4,"[10188"",""1018800"",""11860"",""1186000""]""",Org1MSP Org2MSP ,VALID,, 10188 11860,,WT,177,17356,0
2022-04-07T17:26:18.459Z,67f0258e09d8d37a29945a058452f1557ca0d1824bcad8d204b73c9bfbdf9a64,Org1MSP,Func4,"[11681"",""1168100"",""10035"",""1003500""]""",Org1MSP Org2MSP ,VALID,, 10035 11681,,WT,177,17348,0
2022-04-07T17:26:18.462Z,1f967764bcd49f79eb02c2c4882c01da7228e719242e8cf5256095e7706dc682,Org1MSP,Func4,"[11308"",""1130800"",""11627"",""1162700""]""",Org1MSP Org2MSP ,VALID,, 11308 11627,,WT,177,17319,0
2022-04-07T17:26:18.463Z,a36080225bb4dfea05f2d839ab8ab9cadf83cd5a89cd586f73ee80102275823e,Org1MSP,Func1,"[8"",""1""]""",Org1MSP Org2MSP ,VALID, 1 8,,,RT,177,17401,0
2022-04-07T17:26:18.465Z,af867c9224d04df748c1ac685068616dac8c0e2229b569fe536300009b154d5d,Org1MSP,Func4,"[10038"",""1003800"",""10031"",""1003100""]""",Org1MSP Org2MSP ,VALID,, 10031 10038,,WT,177,17370,0
2022-04-07T17:26:18.468Z,3e60333dd8ebbe9fd42cde0cae84b8e11fd3c0a1dc3debeef9cec80dbcef9d4d,Org1MSP,Func4,"[10047"",""1004700"",""10003"",""1000300""]""",Org1MSP Org2MSP ,VALID,, 10003 10047,,WT,177,17331,0
2022-04-07T17:26:18.476Z,a5f9335fc89bc1b18ece9f81c20436fe39d0012986145ec580f118ee2ce3ce7c,Org1MSP,Func4,"[11700"",""1170000"",""10700"",""1070000""]""",Org1MSP Org2MSP ,VALID,, 10700 11700,,WT,177,17366,0
2022-04-07T17:26:18.555Z,32d7de1c15a470f3486649cb4cfc2786384edfc76b94f8daf8475629cd9a180d,Org1MSP,Func4,"[10071"",""1007100"",""19188"",""1918800""]""",Org1MSP Org2MSP ,VALID,, 10071 19188,,WT,177,17325,0
2022-04-07T17:26:18.557Z,654c7b7d3a9a575db3a05809d3e414e828efbafb7a6ed480ba8f8abd4e829da1,Org1MSP,Func4,"[10226"",""1022600"",""10021"",""1002100""]""",Org1MSP Org2MSP ,VALID,, 10021 10226,,WT,177,17347,0
2022-04-07T17:26:18.559Z,4f6085a0949d9fd5178850ad3716f5b9e464668f5cac7676194f622d5def3105,Org1MSP,Func7,"[273"",""100"",""218"",""100""]""",Org1MSP Org2MSP ,VALID, 218 273, 218 273,,UT,177,17338,0
2022-04-07T17:26:18.559Z,5f398b2c49a567b2960c7eb7d26589ea875c962234724925cbe00ce678b63577,Org1MSP,Func4,"[10002"",""1000200"",""10683"",""1068300""]""",Org1MSP Org2MSP ,VALID,, 10002 10683,,WT,177,17344,0
2022-04-07T17:26:18.561Z,48430d73101c8edef7aa77acad0a9b3f928d5b02bde1c83e1c3b6da261e38303,Org1MSP,Func4,"[10010"",""1001000"",""10012"",""1001200""]""",Org1MSP Org2MSP ,VALID,, 10010 10012,,WT,177,17335,0
2022-04-07T17:26:18.562Z,0b42490b8d01be0598d552913fcd9b0cf72ffdad7ed7e7c63c3a27b0bcb765a0,Org1MSP,Func4,"[10026"",""1002600"",""10003"",""1000300""]""",Org1MSP Org2MSP ,VALID,, 10003 10026,,WT,177,17314,0
2022-04-07T17:26:18.562Z,b25366970e2ab446fd047f5140f96506882457b186d7d16aa61728ef065142f7,Org1MSP,Func4,"[10000"",""1000000"",""10014"",""1001400""]""",Org1MSP Org2MSP ,VALID,, 10000 10014,,WT,177,17371,0
2022-04-07T17:26:18.564Z,e79738862c2c343703cd4c14c2dd080d8de86b1d3c0d3abbc5b0165f6338d995,Org1MSP,Func4,"[10002"",""1000200"",""10000"",""1000000""]""",Org1MSP Org2MSP ,VALID,, 10000 10002,,WT,177,17387,0
2022-04-07T17:26:18.565Z,c00a7167f22d6a1126bf76d0ae4070ec2928f6ec85c738aa4919375eec56c5f4,Org1MSP,Func7,"[36"",""100"",""6562"",""100""]""",Org1MSP Org2MSP ,VALID, 36 6562, 36 6562,,UT,177,17375,0
2022-04-07T17:26:18.655Z,baa7cac471905545ea50d795218d16c350bbedf2394b24811f4e2c2d350a90bd,Org1MSP,Func7,"[437"",""100"",""19"",""100""]""",Org1MSP Org2MSP ,VALID, 19 437, 19 437,,UT,178,17473,0
2022-04-07T17:26:18.660Z,710822bec372685947031069175cb2db228a26a217244d0948b0d5c613c8762c,Org1MSP,Func4,"[16522"",""1652200"",""10000"",""1000000""]""",Org1MSP Org2MSP ,VALID,, 10000 16522,,WT,178,17437,0
2022-04-07T17:26:18.661Z,f122b32d8e7de86f142315688bba1d21a4ed5e393c7694e504c65683c0064fcb,Org1MSP,Func4,"[10091"",""1009100"",""10004"",""1000400""]""",Org1MSP Org2MSP ,VALID,, 10004 10091,,WT,178,17488,0
2022-04-07T17:26:18.662Z,0b1aa65ea42a629322a11036c953551e00ff36cc0c3270ee357df7b2108a586c,Org1MSP,Func1,"[20"",""1""]""",Org1MSP Org2MSP ,VALID, 1 20,,,RT,178,17407,0
2022-04-07T17:26:18.662Z,5e7baa30054b3ed1b7d5974f7e2b1f3788daeac12480ad0bd2fd11bb7ed89570,Org1MSP,Func4,"[10450"",""1045000"",""10354"",""1035400""]""",Org1MSP Org2MSP ,VALID,, 10354 10450,,WT,178,17429,0
2022-04-07T17:26:18.662Z,7be00a3672b32ad6a4a0ec8bad24743503c168fd410746ded5367b248122605b,Org1MSP,Func7,"[5638"",""100"",""5"",""100""]""",Org1MSP Org2MSP ,VALID, 5 5638, 5 5638,,UT,178,17495,0
2022-04-07T17:26:18.663Z,0d890dfcda586229b375f85e07dadc642e1c957675d6db3ee3bc6a9af049fa3f,Org1MSP,Func1,"[2"",""429""]""",Org1MSP Org2MSP ,VALID, 2 429,,,RT,178,17409,0
2022-04-07T17:26:18.666Z,a3f5bb98391727101c45e0e1d13abf4aa029540cf61b90abdaa11cb7c0c358dc,Org1MSP,Func4,"[10046"",""1004600"",""11555"",""1155500""]""",Org1MSP Org2MSP ,VALID,, 10046 11555,,WT,178,17461,0
2022-04-07T17:26:18.755Z,8e2239e84fece6a42195a6a1a68d147d906d93b0dd8eb6a825ce689747d4d224,Org1MSP,Func4,"[10014"",""1001400"",""10470"",""1047000""]""",Org1MSP Org2MSP ,VALID,, 10014 10470,,WT,178,17451,0
2022-04-07T17:26:18.758Z,1b4f9a521c9f6337b5bdb07d2a6a0f47a92de1b19251560c92ee9595d0913302,Org1MSP,Func4,"[11230"",""1123000"",""10049"",""1004900""]""",Org1MSP Org2MSP ,VALID,, 10049 11230,,WT,178,17413,0
2022-04-07T17:26:18.759Z,172b1d0ffc6905629f1a5d1598783662ccc8c168ce0718283d7054acc6c7ef8d,Org1MSP,Func1,"[1"",""98""]""",Org1MSP Org2MSP ,VALID, 1 98,,,RT,178,17411,0
2022-04-07T17:26:18.760Z,859458f2d87023a7d8a7527138b8f4909e38de3972723ce7f04ec368acd9304c,Org1MSP,Func7,"[756"",""100"",""74"",""100""]""",Org1MSP Org2MSP ,VALID, 74 756, 74 756,,UT,178,17446,0
2022-04-07T17:26:18.761Z,91f0ce77c3eaf895740fecec8cf74a11ed14765bb63004387366b18f866f59c6,Org1MSP,Func1,"[304"",""9220""]""",Org1MSP Org2MSP ,VALID, 304 9220,,,RT,178,17453,0
2022-04-07T17:26:18.761Z,ecd9f922a5c15ca1e139c721a27b505da86db4a30ea5d7a352c385eb2b01da11,Org1MSP,Func4,"[10054"",""1005400"",""10244"",""1024400""]""",Org1MSP Org2MSP ,VALID,, 10054 10244,,WT,178,17486,0
2022-04-07T17:26:18.762Z,9c5ca0a780d1db77e8be56a08537587212a6411deca9c6e90d7f2daa549a1b93,Org1MSP,Func1,"[6"",""13""]""",Org1MSP Org2MSP ,VALID, 13 6,,,RT,178,17456,0
2022-04-07T17:26:18.764Z,fe578bc5a88884e302afe8b379420dc8339b137605bc13a35fe24ae07852727f,Org1MSP,Func4,"[10000"",""1000000"",""10202"",""1020200""]""",Org1MSP Org2MSP ,VALID,, 10000 10202,,WT,178,17494,0
2022-04-07T17:26:18.766Z,37c803f743af3a578b84b2d3b0fe8f6c452c221c9d7d93a0511d2910fd916151,Org1MSP,Func1,"[2649"",""5""]""",Org1MSP Org2MSP ,VALID, 2649 5,,,RT,178,17420,0
2022-04-07T17:26:18.767Z,f0629ecb7b6fb88522c3cf6599339f226933e3d862aa3be21d9ba70a8e92ac3d,Org1MSP,Func4,"[10555"",""1055500"",""10000"",""1000000""]""",Org1MSP Org2MSP ,VALID,, 10000 10555,,WT,178,17487,0
2022-04-07T17:26:18.855Z,95e4038fd55e29c8a482a2e01ea78c17b451a71b55dfc9a120130b8b298b5510,Org1MSP,Func1,"[3983"",""391""]""",Org1MSP Org2MSP ,VALID, 391 3983,,,RT,178,17454,0
2022-04-07T17:26:18.857Z,cb5ae86600c1c79c864a576c607b58b621935ab399d452b8cd3392b7fbdc3a38,Org1MSP,Func4,"[10555"",""1055500"",""10166"",""1016600""]""",Org1MSP Org2MSP ,VALID,, 10166 10555,,WT,178,17477,0
2022-04-07T17:26:18.859Z,533ce0f788d7e8ad153ddb245e9d220df3cd4e726caae9b20d78df8d7b8f7834,Org1MSP,Func4,"[10117"",""1011700"",""10040"",""1004000""]""",Org1MSP Org2MSP ,VALID,, 10040 10117,,WT,178,17425,0
2022-04-07T17:26:18.860Z,8883ae53a5060ca35568cb2d511859612623c52b4f5593c3bd7b60758f668a4c,Org1MSP,Func4,"[10001"",""1000100"",""10003"",""1000300""]""",Org1MSP Org2MSP ,VALID,, 10001 10003,,WT,178,17448,0
2022-04-07T17:26:18.860Z,a0173c5782f78613d3b7fbedb3db8942013195f533bc6c2c3742262cf8d14838,Org1MSP,Func1,"[252"",""5284""]""",Org1MSP Org2MSP ,VALID, 252 5284,,,RT,178,17457,0
2022-04-07T17:26:18.862Z,6db4ad0d3740441d691fd4921c50ba11158aa948cb19132e609d643c11544087,Org1MSP,Func1,"[4"",""1""]""",Org1MSP Org2MSP ,VALID, 1 4,,,RT,178,17436,0
2022-04-07T17:26:18.862Z,f7de468b09d6ceb4c43d3d746f60cde2cddcf7ec6c1642d825d43332b766cb4d,Org1MSP,Func4,"[10045"",""1004500"",""10016"",""1001600""]""",Org1MSP Org2MSP ,VALID,, 10016 10045,,WT,178,17491,0
2022-04-07T17:26:18.864Z,429e173ee0b0f8332ecda975c582923caaeec9eb9e9e4e25a9a46c26f76789ab,Org1MSP,Func4,"[10247"",""1024700"",""10019"",""1001900""]""",Org1MSP Org2MSP ,VALID,, 10019 10247,,WT,178,17421,0
2022-04-07T17:26:18.864Z,ea998c15e4b1add34da736f4391e87fbbbe373bb79fd954bde83bca74154d959,Org1MSP,Func4,"[18437"",""1843700"",""10009"",""1000900""]""",Org1MSP Org2MSP ,VALID,, 10009 18437,,WT,178,17485,0
2022-04-07T17:26:18.955Z,527cb3f64508600c72c21339ab030ca18efcebe8943174415180308ff22b2438,Org1MSP,Func4,"[10007"",""1000700"",""10003"",""1000300""]""",Org1MSP Org2MSP ,VALID,, 10003 10007,,WT,178,17424,0
2022-04-07T17:26:18.958Z,860201df7560f1234382f606e322565fb541bbeae0a312cf575d21e3fa759c6f,Org1MSP,Func4,"[14671"",""1467100"",""10000"",""1000000""]""",Org1MSP Org2MSP ,VALID,, 10000 14671,,WT,178,17447,0
2022-04-07T17:26:18.959Z,6062384b294d80b32417cd7adedd0f7b4ff7277d593516f3a39eda7c90009086,Org1MSP,Func4,"[11729"",""1172900"",""10151"",""1015100""]""",Org1MSP Org2MSP ,VALID,, 10151 11729,,WT,178,17434,0
2022-04-07T17:26:18.963Z,18f859784992d026dfe9c85dfcfa0bc5b23f9e10a574a7ad857e9f192f690014,Org1MSP,Func4,"[10002"",""1000200"",""10002"",""1000200""]""",Org1MSP Org2MSP ,VALID,, 10002,,WT,178,17412,0
2022-04-07T17:26:18.964Z,11822f46eeeb95efb6b8de8ae0a660426805feef818dd099468394d31ad8f8e1,Org1MSP,Func1,"[343"",""9514""]""",Org1MSP Org2MSP ,VALID, 343 9514,,,RT,178,17410,0
2022-04-07T17:26:18.964Z,e11bc401fc548db973703f184a73546c4207e4dd53dcff5b812a1d0ef1134175,Org1MSP,Func4,"[10038"",""1003800"",""10013"",""1001300""]""",Org1MSP Org2MSP ,VALID,, 10013 10038,,WT,178,17480,0
2022-04-07T17:26:18.966Z,ce40fb662a66b392502b10b21cad0e51d5b43909792e329f4c49113659ee8dbb,Org1MSP,Func4,"[12256"",""1225600"",""10001"",""1000100""]""",Org1MSP Org2MSP ,VALID,, 10001 12256,,WT,178,17478,0
2022-04-07T17:26:18.973Z,90054585379b57e9121947eedbe356dd7f2623468f0256357d33c978dab4dd9c,Org1MSP,Func4,"[10015"",""1001500"",""10002"",""1000200""]""",Org1MSP Org2MSP ,VALID,, 10002 10015,,WT,178,17452,0
2022-04-07T17:26:19.056Z,5f4718f22bc0a680dde4c489960e0230a4b1425466788ed566d2b387560f6255,Org1MSP,Func7,"[106"",""100"",""55"",""100""]""",Org1MSP Org2MSP ,VALID, 106 55, 106 55,,UT,178,17432,0
2022-04-07T17:26:19.057Z,f76f4b9ef294c9894561fe3bdb79e1343943d9a073005ca04be0a1e7a61bd2bb,Org1MSP,Func4,"[10312"",""1031200"",""10009"",""1000900""]""",Org1MSP Org2MSP ,VALID,, 10009 10312,,WT,178,17490,0
2022-04-07T17:26:19.058Z,282d8d9cd97a05022f91388f10e2810d66319d0a49c1c6cff06c69904b63efd9,Org1MSP,Func1,"[149"",""41""]""",Org1MSP Org2MSP ,VALID, 149 41,,,RT,178,17414,0
2022-04-07T17:26:19.060Z,0b6581d85245cd5d48b3b3251604977bb62ec1d4b0aeafed1d14b72463b31308,Org1MSP,Func4,"[10010"",""1001000"",""10646"",""1064600""]""",Org1MSP Org2MSP ,VALID,, 10010 10646,,WT,178,17408,0
2022-04-07T17:26:19.061Z,04aa87b602fe16be16a20fc563b1f94a9cc58ba562981b13b7b4e858641ec936,Org1MSP,Func1,"[8746"",""228""]""",Org1MSP Org2MSP ,VALID, 228 8746,,,RT,178,17406,0
2022-04-07T17:26:19.061Z,e658c690fa6768e45fab455e65927d4efaf0e3a7f788c180c44d40cc92f708de,Org1MSP,Func4,"[10407"",""1040700"",""10440"",""1044000""]""",Org1MSP Org2MSP ,VALID,, 10407 10440,,WT,178,17483,0
2022-04-07T17:26:19.062Z,ba07c93dd8e0e995390bb66f197edd6a0653f74c5b192f7f40e6bad96a3ff6ce,Org1MSP,Func4,"[10814"",""1081400"",""10010"",""1001000""]""",Org1MSP Org2MSP ,VALID,, 10010 10814,,WT,178,17472,0
2022-04-07T17:26:19.063Z,accb31479c9dc33ad9a30fdf8aea8913dd57f8ba7adc793a6ad1a89787518b89,Org1MSP,Func4,"[10408"",""1040800"",""10012"",""1001200""]""",Org1MSP Org2MSP ,VALID,, 10012 10408,,WT,178,17465,0
2022-04-07T17:26:19.065Z,29feb46513a77dd7610ff66dda2fc4cbe89aba901aea45e8bdf56964349d90b1,Org1MSP,Func1,"[132"",""251""]""",Org1MSP Org2MSP ,VALID, 132 251,,,RT,178,17415,0
2022-04-07T17:26:19.155Z,d92aa4c2a243fd2b9d50b6db13863fd349c135cdc463a398a78dc38b8f8461ba,Org1MSP,Func4,"[15140"",""1514000"",""10044"",""1004400""]""",Org1MSP Org2MSP ,VALID,, 10044 15140,,WT,178,17479,0
2022-04-07T17:26:19.156Z,c4a28ed36af85618444c778ba4ce43683052129bb2f7f129f9f07e04c68bb068,Org1MSP,Func4,"[10045"",""1004500"",""10003"",""1000300""]""",Org1MSP Org2MSP ,VALID,, 10003 10045,,WT,178,17475,0
2022-04-07T17:26:19.159Z,73c2f66adb01ee226391d9f400660a044db2633473f1b0be4b18b002a70da048,Org1MSP,Func4,"[10398"",""1039800"",""10002"",""1000200""]""",Org1MSP Org2MSP ,VALID,, 10002 10398,,WT,178,17439,0
2022-04-07T17:26:19.159Z,b53a8afdee6b442ae51d7fbdafc9142efeb2ce944630c70a91f89574b4b0b683,Org1MSP,Func4,"[10000"",""1000000"",""10115"",""1011500""]""",Org1MSP Org2MSP ,VALID,, 10000 10115,,WT,178,17469,0
2022-04-07T17:26:19.160Z,9942bd675cce30760c97b5cbb2f79b8cc6ea49884bc270ee332f70f6c0c7fab5,Org1MSP,Func4,"[10000"",""1000000"",""10028"",""1002800""]""",Org1MSP Org2MSP ,VALID,, 10000 10028,,WT,178,17455,0
2022-04-07T17:26:19.160Z,196faa048bcc93602707bebad719c504d9907e66f3f95199583753b52a5ff413,Org1MSP,Func1,"[6"",""33""]""",Org1MSP Org2MSP ,VALID, 33 6,,,RT,178,17500,0
2022-04-07T17:26:19.162Z,7e321e086e755258f2b0e45ea72cd71b2c1fd5c019f3e24b411f17caae8a5502,Org1MSP,Func4,"[14802"",""1480200"",""10047"",""1004700""]""",Org1MSP Org2MSP ,VALID,, 10047 14802,,WT,178,17441,0
2022-04-07T17:26:19.163Z,fac5125012c0f7d9453a514bbe80475b83bad229b6b826e3a7ca3c746290bc39,Org1MSP,Func4,"[10277"",""1027700"",""10131"",""1013100""]""",Org1MSP Org2MSP ,VALID,, 10131 10277,,WT,178,17493,0
2022-04-07T17:26:19.164Z,e27b09474604a8addcd47a99092698fb2ec6842006f469b5f80ab428134ad66c,Org1MSP,Func4,"[11017"",""1101700"",""10013"",""1001300""]""",Org1MSP Org2MSP ,VALID,, 10013 11017,,WT,178,17482,0
2022-04-07T17:26:19.166Z,5ec2e126b06ba868860cf68d3eaee8a1904cb6d951ba876977bb23af66dbed05,Org1MSP,Func4,"[10014"",""1001400"",""10205"",""1020500""]""",Org1MSP Org2MSP ,VALID,, 10014 10205,,WT,178,17430,0
2022-04-07T17:26:19.255Z,8058d9ccff9b8293be64bfff0748819097cf7fc25a6d865690cc5fc7f1324f8e,Org1MSP,Func4,"[10906"",""1090600"",""10000"",""1000000""]""",Org1MSP Org2MSP ,VALID,, 10000 10906,,WT,178,17443,0
2022-04-07T17:26:19.256Z,8a2adc1025e839ac817ebc2b14ce79ed585572e55e167570ea2691b9c5cb8ebb,Org1MSP,Func1,"[115"",""1""]""",Org1MSP Org2MSP ,VALID, 1 115,,,RT,178,17496,0
2022-04-07T17:26:19.258Z,5669af2b603e087201bed9afb15b43805034304f65948769e2f45f1ecdf8bbe2,Org1MSP,Func4,"[10000"",""1000000"",""10016"",""1001600""]""",Org1MSP Org2MSP ,VALID,, 10000 10016,,WT,178,17426,0
2022-04-07T17:26:19.259Z,9671971ab17ecbf38ce00edc0827651f24ac03645eb83975c662914c27676d04,Org1MSP,Func7,"[1"",""100"",""139"",""100""]""",Org1MSP Org2MSP ,VALID, 1 139, 1 139,,UT,178,17502,0
2022-04-07T17:26:19.260Z,5f13ef36122231d56d2c6fdd29b2247b4f02c3b8ebbc91dafd36f409b341370d,Org1MSP,Func4,"[10004"",""1000400"",""10000"",""1000000""]""",Org1MSP Org2MSP ,VALID,, 10000 10004,,WT,178,17431,0
2022-04-07T17:26:19.262Z,821bb62746671b456ea245c638cb50dceea61819328a0e2ddaf79cf2f399fa3a,Org1MSP,Func4,"[10010"",""1001000"",""10026"",""1002600""]""",Org1MSP Org2MSP ,VALID,, 10010 10026,,WT,178,17444,0
2022-04-07T17:26:19.265Z,b9d68bb70300f471d4c678a433e0f59edf22e67e5fea7259d80b71a4265f3414,Org1MSP,Func4,"[10001"",""1000100"",""11837"",""1183700""]""",Org1MSP Org2MSP ,VALID,, 10001 11837,,WT,178,17471,0
2022-04-07T17:26:19.266Z,5f87b22e9bfc2b88781956f6720acd524eadd789952d25b0da8bcd0cd74dce9a,Org1MSP,Func4,"[10002"",""1000200"",""10030"",""1003000""]""",Org1MSP Org2MSP ,VALID,, 10002 10030,,WT,178,17433,0
2022-04-07T17:26:19.266Z,b0a802341aa3a939242a16aa8d16f696b275c5611e118c301edcecc1de65a3c3,Org1MSP,Func1,"[217"",""9807""]""",Org1MSP Org2MSP ,VALID, 217 9807,,,RT,178,17467,0
2022-04-07T17:26:19.268Z,a0a8400e36fad30218aadf8571420e66db8e9c447debafac16a327371324839a,Org1MSP,Func4,"[14572"",""1457200"",""11860"",""1186000""]""",Org1MSP Org2MSP ,VALID,, 11860 14572,,WT,178,17459,0
2022-04-07T17:26:19.354Z,2ecdf2102d6c89abdccf40ded08cb5a0f3d0cf5f154c3a39eb25dcf236878eaa,Org1MSP,Func7,"[144"",""100"",""5981"",""100""]""",Org1MSP Org2MSP ,VALID, 144 5981, 144 5981,,UT,178,17416,0
2022-04-07T17:26:19.357Z,2f2c5d18ecbc21a8ad0ff408e6db4942507146cb2018e33e940a8cff3b6cda92,Org1MSP,Func4,"[10001"",""1000100"",""10009"",""1000900""]""",Org1MSP Org2MSP ,VALID,, 10001 10009,,WT,178,17417,0
2022-04-07T17:26:19.358Z,fa9c4bfbfde7c710f06445f2b2731e21961c82fb96d6f82ee640ecfe4d36953c,Org1MSP,Func7,"[7"",""100"",""157"",""100""]""",Org1MSP Org2MSP ,VALID, 157 7, 157 7,,UT,178,17492,0
2022-04-07T17:26:19.359Z,c17d3b7827f79034b1b3705166fc079fa1e0040f2750066f8a0af6c9ec1ffdd0,Org1MSP,Func1,"[33"",""30""]""",Org1MSP Org2MSP ,VALID, 30 33,,,RT,178,17474,0
2022-04-07T17:26:19.360Z,a0cbdf9eff54a07b8708c4191df89c6b160ba9ebb6c796b774cd4dffe2816432,Org1MSP,Func4,"[10000"",""1000000"",""10068"",""1006800""]""",Org1MSP Org2MSP ,VALID,, 10000 10068,,WT,178,17460,0
2022-04-07T17:26:19.362Z,8d85988d585b116f9534cb562f129c0ff587225ae003a197ce3dba4edca43e16,Org1MSP,Func4,"[10122"",""1012200"",""10847"",""1084700""]""",Org1MSP Org2MSP ,VALID,, 10122 10847,,WT,178,17450,0
2022-04-07T17:26:19.364Z,5e3e9a0ed3e3c7b9392821660d98857af783630c454c51d5284b24352bb0a31e,Org1MSP,Func1,"[10"",""2""]""",Org1MSP Org2MSP ,VALID, 10 2,,,RT,178,17501,0
2022-04-07T17:26:19.366Z,f3f7cba2bdfded20aa25512df7482baba3a38a1318e6afd9378e917f390727b6,Org1MSP,Func4,"[11446"",""1144600"",""10266"",""1026600""]""",Org1MSP Org2MSP ,VALID,, 10266 11446,,WT,178,17489,0
2022-04-07T17:26:19.458Z,c8ed83cb96b7b8844f9f148556213bc9bf7ef00ddc0ab5c7c591e08179d01b7a,Org1MSP,Func4,"[10392"",""1039200"",""10347"",""1034700""]""",Org1MSP Org2MSP ,VALID,, 10347 10392,,WT,178,17476,0
2022-04-07T17:26:19.459Z,7c5196c85f079840b62e12a742e62d00aa4b81d6fcc16898e7b650cfffc88444,Org1MSP,Func4,"[10002"",""1000200"",""12248"",""1224800""]""",Org1MSP Org2MSP ,VALID,, 10002 12248,,WT,178,17440,0
2022-04-07T17:26:19.460Z,6f724bde80fd056525f52650f00f816bb4cc4320b4526c6b115de34b3863e699,Org1MSP,Func1,"[1"",""99""]""",Org1MSP Org2MSP ,VALID, 1 99,,,RT,178,17497,0
2022-04-07T17:26:19.462Z,35120c334188e62b8039a1e0a71d4e859bf0d270d14d7900aa0a801be199ecab,Org1MSP,Func4,"[10000"",""1000000"",""19388"",""1938800""]""",Org1MSP Org2MSP ,VALID,, 10000 19388,,WT,178,17419,0
2022-04-07T17:26:19.462Z,83dace2fb27a3a3e486298f3ed938178388ed40df630e7a8f76ba0f1aa1145c7,Org1MSP,Func4,"[10133"",""1013300"",""10302"",""1030200""]""",Org1MSP Org2MSP ,VALID,, 10133 10302,,WT,178,17445,0
2022-04-07T17:26:19.462Z,ab9e76ad4bb7fd76c48dad2ef18e53cc830877dad9ec82b257ae15393937d5bc,Org1MSP,Func4,"[13406"",""1340600"",""10002"",""1000200""]""",Org1MSP Org2MSP ,VALID,, 10002 13406,,WT,178,17463,0
2022-04-07T17:26:19.463Z,7ff0c8bb27afe661006792ff1986f215d64a9e385e5a59737a1ff9c08970f408,Org1MSP,Func4,"[10071"",""1007100"",""10002"",""1000200""]""",Org1MSP Org2MSP ,VALID,, 10002 10071,,WT,178,17442,0
2022-04-07T17:26:19.464Z,b653c96b37aa1e791612a0e8d0bfbccde1bb5588b1ea2de89802ac5774ae130d,Org1MSP,Func4,"[10024"",""1002400"",""10003"",""1000300""]""",Org1MSP Org2MSP ,VALID,, 10003 10024,,WT,178,17470,0
2022-04-07T17:26:19.464Z,e2156ee425d92f06eb24554d7d67174737e5704ceae1187e8c9f975f18915c7e,Org1MSP,Func4,"[10000"",""1000000"",""19743"",""1974300""]""",Org1MSP Org2MSP ,VALID,, 10000 19743,,WT,178,17481,0
2022-04-07T17:26:19.466Z,63285c7f60ff87c2ad900edc06d13c6fef9c3ec4ab18db93238f011ef8da7628,Org1MSP,Func7,"[70"",""100"",""1248"",""100""]""",Org1MSP Org2MSP ,VALID, 1248 70, 1248 70,,UT,178,17435,0
2022-04-07T17:26:19.555Z,59656dfc621d0405eab8dce39e41828eb557bf63ffef23fa597172996e6841c6,Org1MSP,Func4,"[10080"",""1008000"",""11683"",""1168300""]""",Org1MSP Org2MSP ,VALID,, 10080 11683,,WT,178,17427,0
2022-04-07T17:26:19.558Z,a0343afcadc5e649044c0b27566ec6d8420470d93b63e0a9ecb607fc4bfdfb55,Org1MSP,Func7,"[15"",""100"",""4632"",""100""]""",Org1MSP Org2MSP ,VALID, 15 4632, 15 4632,,UT,178,17458,0
2022-04-07T17:26:19.559Z,04a5a1586eab10755d67faf7e02fc482cb25c7d1cf8c1a2877e55c72e3427bd3,Org1MSP,Func1,"[1952"",""3775""]""",Org1MSP Org2MSP ,VALID, 1952 3775,,,RT,178,17405,0
2022-04-07T17:26:19.559Z,abb25e343bdc95be71d1eb5ac5c7959f74abc72c40dffcdf90218087f1b2bee2,Org1MSP,Func4,"[10000"",""1000000"",""15761"",""1576100""]""",Org1MSP Org2MSP ,VALID,, 10000 15761,,WT,178,17464,0
2022-04-07T17:26:19.560Z,5aeaa91a7128f71c6a78b1731117c68a42717267f1a4b08fa7a48dfd6410e05e,Org1MSP,Func4,"[10002"",""1000200"",""10015"",""1001500""]""",Org1MSP Org2MSP ,VALID,, 10002 10015,,WT,178,17428,0
2022-04-07T17:26:19.562Z,ace58f1c500b351c363b735894325d7e213e300fdb4c9a43245475cac3f31c1d,Org1MSP,Func7,"[6126"",""100"",""384"",""100""]""",Org1MSP Org2MSP ,VALID, 384 6126, 384 6126,,UT,178,17466,0
2022-04-07T17:26:19.564Z,a684828f0d37541fad50ff451e0ee0fa7b6f7866854fae6e985f2b6020f3c497,Org1MSP,Func4,"[10264"",""1026400"",""10261"",""1026100""]""",Org1MSP Org2MSP ,VALID,, 10261 10264,,WT,178,17462,0
2022-04-07T17:26:19.566Z,8d2f256fa1b20c16446f1c99301538145019fd6010a5e8355bba8b01b9ac8388,Org1MSP,Func4,"[10278"",""1027800"",""10140"",""1014000""]""",Org1MSP Org2MSP ,VALID,, 10140 10278,,WT,178,17449,0
2022-04-07T17:26:19.655Z,e9b33a69356746bc4c99ac40902a6471955ce908c9ae54b4b2915679749e81a0,Org1MSP,Func4,"[10001"",""1000100"",""10025"",""1002500""]""",Org1MSP Org2MSP ,VALID,, 10001 10025,,WT,178,17484,0
2022-04-07T17:26:19.657Z,02da8023596065ea7343073e5b723d7c60ae4d1ad4c8e8fd9e7110d1888a3631,Org1MSP,Func4,"[10009"",""1000900"",""10007"",""1000700""]""",Org1MSP Org2MSP ,VALID,, 10007 10009,,WT,178,17403,0
2022-04-07T17:26:19.658Z,31d25cca242c1a719fcf009b68dcd22a38251fddf5ba660a54424851f87c4b7d,Org1MSP,Func4,"[10284"",""1028400"",""10026"",""1002600""]""",Org1MSP Org2MSP ,VALID,, 10026 10284,,WT,178,17418,0
2022-04-07T17:26:19.659Z,bdcdb401dc0930a13d4d4e9603f341a3fe87267ba3643f8b9bb2ee199e6b7a37,Org1MSP,Func1,"[2"",""1""]""",Org1MSP Org2MSP ,VALID, 1 2,,,RT,178,17498,0
2022-04-07T17:26:19.660Z,4d7c0654c3ee44f419aa944bfdec0270d79528acfdf0e2f3dc8ee3c3d26b35f3,Org1MSP,Func4,"[10002"",""1000200"",""10016"",""1001600""]""",Org1MSP Org2MSP ,VALID,, 10002 10016,,WT,178,17423,0
2022-04-07T17:26:19.661Z,38982a1b8fab349815d488d30235fbda7c2486352d287ffba610c16b76e7839b,Org1MSP,Func1,"[1"",""1""]""",Org1MSP Org2MSP ,VALID, 1,,,RT,178,17499,0
2022-04-07T17:26:19.662Z,03d6bc8ad05d6ee05a53f7c7a5560404b8d638095b302562cf346d0238f9472d,Org1MSP,Func4,"[13166"",""1316600"",""11953"",""1195300""]""",Org1MSP Org2MSP ,VALID,, 11953 13166,,WT,178,17404,0
2022-04-07T17:26:19.664Z,71d55c5f5fdab85975e032e920503003ed0504ed07d172370af1d0c8fdd0e1b5,Org1MSP,Func4,"[12070"",""1207000"",""10000"",""1000000""]""",Org1MSP Org2MSP ,VALID,, 10000 12070,,WT,178,17438,0
2022-04-07T17:26:19.664Z,b13b21c69ab0470b515c1cf91bc117c372850c1c05c3b6db31ff4b3e05d5930d,Org1MSP,Func4,"[10022"",""1002200"",""10635"",""1063500""]""",Org1MSP Org2MSP ,VALID,, 10022 10635,,WT,178,17468,0
2022-04-07T17:26:19.672Z,4b615c5dd22ea53c01b301b39556b74319cc279fa8bee1d2b155b51b18c0d032,Org1MSP,Func4,"[10336"",""1033600"",""10004"",""1000400""]""",Org1MSP Org2MSP ,VALID,, 10004 10336,,WT,178,17422,0
2022-04-07T17:26:19.755Z,a5fe79026cfcba9a0f5f84221eec9610c95be9581dc28d8a5e0e69807df7aacc,Org1MSP,Func4,"[10018"",""1001800"",""10002"",""1000200""]""",Org1MSP Org2MSP ,VALID,, 10002 10018,,WT,179,17537,0
2022-04-07T17:26:19.757Z,8e38f16c302cefed76e77361cde69ac8a8f8db072281c8e9f3229c6bed65f166,Org1MSP,Func4,"[11689"",""1168900"",""10002"",""1000200""]""",Org1MSP Org2MSP ,VALID,, 10002 11689,,WT,179,17534,0
2022-04-07T17:26:19.758Z,c249cfc4d4f88676c15b2ac6e3baba4f9d1aef52470d3daf6054bd988dae3b94,Org1MSP,Func4,"[10002"",""1000200"",""15270"",""1527000""]""",Org1MSP Org2MSP ,VALID,, 10002 15270,,WT,179,17541,0
2022-04-07T17:26:19.760Z,3878a25ab042da89f272a3c8a78c251329779497c890808eabeae7aaecc834e7,Org1MSP,Func4,"[10248"",""1024800"",""10014"",""1001400""]""",Org1MSP Org2MSP ,VALID,, 10014 10248,,WT,179,17513,0
2022-04-07T17:26:19.760Z,e0d5e84e0893540b9c53214cb59a749cd4c7ee5e444c3e50f699bc8b971a51f8,Org1MSP,Func4,"[10001"",""1000100"",""10988"",""1098800""]""",Org1MSP Org2MSP ,VALID,, 10001 10988,,WT,179,17553,0
2022-04-07T17:26:19.761Z,5a3d26c6bcfb5b08024650c131c88040f612a994f8b77b07a89a5c3c569d3741,Org1MSP,Func1,"[155"",""1""]""",Org1MSP Org2MSP ,VALID, 1 155,,,RT,179,17522,0
2022-04-07T17:26:19.763Z,6d43b228bf9027a58937ab8667da8c30ea0eb6b411b0e7ff16f9225c45e18c8d,Org1MSP,Func4,"[10009"",""1000900"",""10383"",""1038300""]""",Org1MSP Org2MSP ,VALID,, 10009 10383,,WT,179,17526,0
2022-04-07T17:26:19.764Z,18c86e743767a2629153a8bc2363d84a9ec451af6ba0007bb5c25f16a67f2570,Org1MSP,Func1,"[1314"",""112""]""",Org1MSP Org2MSP ,VALID, 112 1314,,,RT,179,17508,0
2022-04-07T17:26:19.766Z,d77838a1f1eaac1fb2ab856b15f9e1077994362c76681c76e8d13a71c4de1018,Org1MSP,Func4,"[10001"",""1000100"",""10000"",""1000000""]""",Org1MSP Org2MSP ,VALID,, 10000 10001,,WT,179,17549,0
2022-04-07T17:26:19.767Z,04c2788e40e01037588771f49537610e1b1c3fb02d65b5defc2b1d83dcce86e7,Org1MSP,Func1,"[1"",""21""]""",Org1MSP Org2MSP ,VALID, 1 21,,,RT,179,17503,0
2022-04-07T17:26:19.855Z,523455a265891b9e42b0caeace6204005886201b2e3cc6958c65a00e3751f70a,Org1MSP,Func4,"[10009"",""1000900"",""10040"",""1004000""]""",Org1MSP Org2MSP ,VALID,, 10009 10040,,WT,179,17521,0
2022-04-07T17:26:19.859Z,9b4f3f85d564e016d49a630bcd291a578352ea67ef1333892cd51eabafff510e,Org1MSP,Func1,"[5511"",""985""]""",Org1MSP Org2MSP ,VALID, 5511 985,,,RT,179,17536,0
2022-04-07T17:26:19.859Z,dff62395c901308a3283a837e3e28cf48151285b6db7da17c804c732bcec4d45,Org1MSP,Func4,"[10000"",""1000000"",""12591"",""1259100""]""",Org1MSP Org2MSP ,VALID,, 10000 12591,,WT,179,17552,0
2022-04-07T17:26:19.860Z,d8daebc18ddaef88d33eff11aefb13f0c3d87e142204aa66ae2911f42fc9ca5b,Org1MSP,Func4,"[11293"",""1129300"",""19973"",""1997300""]""",Org1MSP Org2MSP ,VALID,, 11293 19973,,WT,179,17550,0
2022-04-07T17:26:19.861Z,08a8ac0e9be8a17b49c063e042166febe6d439f74a7c17f54a646e0d8cf82fb3,Org1MSP,Func4,"[10014"",""1001400"",""10007"",""1000700""]""",Org1MSP Org2MSP ,VALID,, 10007 10014,,WT,179,17504,0
2022-04-07T17:26:19.861Z,1a0e2816b7832575b7cb169d3b85357875c06235f4c6cb70155fe48fa2d03077,Org1MSP,Func4,"[18624"",""1862400"",""10254"",""1025400""]""",Org1MSP Org2MSP ,VALID,, 10254 18624,,WT,179,17509,0
2022-04-07T17:26:19.862Z,747d01a79e4951bc737e6fb7e0bef40d6ff11102de30202850d3119822ac00df,Org1MSP,Func4,"[11312"",""1131200"",""13536"",""1353600""]""",Org1MSP Org2MSP ,VALID,, 11312 13536,,WT,179,17527,0
2022-04-07T17:26:19.864Z,9070cde610c5772f86a7fc2372973f78c86c36d84e80c582689598812319b116,Org1MSP,Func4,"[11039"",""1103900"",""10000"",""1000000""]""",Org1MSP Org2MSP ,VALID,, 10000 11039,,WT,179,17535,0
2022-04-07T17:26:19.868Z,c61880e97e460463ff79f42afa799bf245b5bbbada69cd95bb8e1de95f9860d2,Org1MSP,Func4,"[11209"",""1120900"",""11648"",""1164800""]""",Org1MSP Org2MSP ,VALID,, 11209 11648,,WT,179,17543,0
2022-04-07T17:26:19.956Z,e77d681f82805dfc0d9b3315ac99e09f1d4234e519fbbe4350e4611f67277de8,Org1MSP,Func7,"[2328"",""100"",""2"",""100""]""",Org1MSP Org2MSP ,VALID, 2 2328, 2 2328,,UT,179,17554,0
2022-04-07T17:26:19.957Z,21dc7c06b9b21ca276d7f35a7e9de79a942404e65f601d4d9cd9887f7da41385,Org1MSP,Func4,"[10087"",""1008700"",""10095"",""1009500""]""",Org1MSP Org2MSP ,VALID,, 10087 10095,,WT,179,17510,0
2022-04-07T17:26:19.958Z,d70f56875032da9cf60500bb5add03897988269be52141f6c0cc88846897b3fe,Org1MSP,Func1,"[190"",""55""]""",Org1MSP Org2MSP ,VALID, 190 55,,,RT,179,17548,0
2022-04-07T17:26:19.959Z,dca9a31a94876b31662acddf838d0fb47e8d031dd4fdd1b3a0214e226608667f,Org1MSP,Func4,"[10440"",""1044000"",""10000"",""1000000""]""",Org1MSP Org2MSP ,VALID,, 10000 10440,,WT,179,17551,0
2022-04-07T17:26:19.960Z,2d7478027a1754cea2711dc2bcf6392efa139d7401ef63332e97c89e13ae3f23,Org1MSP,Func4,"[10000"",""1000000"",""10003"",""1000300""]""",Org1MSP Org2MSP ,VALID,, 10000 10003,,WT,179,17512,0
2022-04-07T17:26:19.960Z,d27ff2f1386e30b7eb821648f9bebc1b284fc9b09017da577de5e42024d9e7c9,Org1MSP,Func4,"[10516"",""1051600"",""10992"",""1099200""]""",Org1MSP Org2MSP ,VALID,, 10516 10992,,WT,179,17547,0
2022-04-07T17:26:19.963Z,c84693ec8cea9e4065266ad5fc723128172ba60fe41a915b1c6da4f7df0d55f6,Org1MSP,Func4,"[10016"",""1001600"",""10002"",""1000200""]""",Org1MSP Org2MSP ,VALID,, 10002 10016,,WT,179,17544,0
2022-04-07T17:26:19.963Z,807d1b1cc3a0876152ae1c662948d486a621c6985425ffb215bde65c03e416f6,Org1MSP,Func7,"[3"",""100"",""474"",""100""]""",Org1MSP Org2MSP ,VALID, 3 474, 3 474,,UT,179,17560,0
2022-04-07T17:26:19.965Z,5c61d5fcc97c94330971476c2e9b05082b45c6d63460497762dd77bfb43e033c,Org1MSP,Func4,"[10197"",""1019700"",""10203"",""1020300""]""",Org1MSP Org2MSP ,VALID,, 10197 10203,,WT,179,17523,0
2022-04-07T17:26:19.968Z,8cd854e1a826d79367d003854ffc13d0b8535f9afd17271309bed74f1a617477,Org1MSP,Func4,"[11269"",""1126900"",""10031"",""1003100""]""",Org1MSP Org2MSP ,VALID,, 10031 11269,,WT,179,17532,0
2022-04-07T17:26:20.057Z,4b8d427353da50c5b66a8201f3ec6f1fec5701e517c49e7e22280f477ed75388,Org1MSP,Func4,"[11324"",""1132400"",""10034"",""1003400""]""",Org1MSP Org2MSP ,VALID,, 10034 11324,,WT,179,17519,0
2022-04-07T17:26:20.057Z,b658832680cf6a164ab63c44573370bc088e1730712ae306a21ff244b81c6bb1,Org1MSP,Func4,"[11431"",""1143100"",""10011"",""1001100""]""",Org1MSP Org2MSP ,VALID,, 10011 11431,,WT,179,17539,0
2022-04-07T17:26:20.061Z,edc64997570ab0ed55e6cadc5c7aadccbd1ccf0458f3b4ab447344a5d315c185,Org1MSP,Func4,"[10626"",""1062600"",""18765"",""1876500""]""",Org1MSP Org2MSP ,VALID,, 10626 18765,,WT,179,17555,0
2022-04-07T17:26:20.062Z,3efafd4e259c58a33886b2e0a90c0642232ec2ba326e13bf474db6a8dde06604,Org1MSP,Func4,"[10047"",""1004700"",""10208"",""1020800""]""",Org1MSP Org2MSP ,VALID,, 10047 10208,,WT,179,17517,0
2022-04-07T17:26:20.063Z,3e1fa4eb616b6f45f3aa62e17f905fc8e889484270966e4c198e24121fa0d5f3,Org1MSP,Func4,"[12029"",""1202900"",""10136"",""1013600""]""",Org1MSP Org2MSP ,VALID,, 10136 12029,,WT,179,17516,0
2022-04-07T17:26:20.063Z,854a2fb00a55b52ee807e575484b77b40c5e2c7d9a636d44f74fb8b184e41aa8,Org1MSP,Func7,"[829"",""100"",""11"",""100""]""",Org1MSP Org2MSP ,VALID, 11 829, 11 829,,UT,179,17530,0
2022-04-07T17:26:20.068Z,0a9f5c7952e894a960457fa1a54bb8a8f2ec3ce362b2704d6340cc4e696a3a30,Org1MSP,Func4,"[10309"",""1030900"",""10007"",""1000700""]""",Org1MSP Org2MSP ,VALID,, 10007 10309,,WT,179,17505,0
2022-04-07T17:26:20.071Z,2bee4de04ec7ebf0ec5dee2f8f36c0c25f9e47b51089ad1c48ff40173653600a,Org1MSP,Func4,"[18446"",""1844600"",""10057"",""1005700""]""",Org1MSP Org2MSP ,VALID,, 10057 18446,,WT,179,17511,0
2022-04-07T17:26:20.154Z,cd5453208061cfcb202dc8ce6ff0a4f78a5fcf9baf6696b61d1a57c9cc820dd0,Org1MSP,Func4,"[19330"",""1933000"",""10001"",""1000100""]""",Org1MSP Org2MSP ,VALID,, 10001 19330,,WT,180,17650,0
2022-04-07T17:26:20.157Z,a917e34ca54594127711f1972c463d3e2e4b884eb74214a91ddafb92fc0a14a9,Org1MSP,Func4,"[14504"",""1450400"",""14170"",""1417000""]""",Org1MSP Org2MSP ,VALID,, 14170 14504,,WT,180,17635,0
2022-04-07T17:26:20.160Z,8d9a53f83a1b3145e51d3847aa13c2916863afbd772017ae6f73d944ab26c805,Org1MSP,Func4,"[13209"",""1320900"",""10001"",""1000100""]""",Org1MSP Org2MSP ,VALID,, 10001 13209,,WT,179,17533,0
2022-04-07T17:26:20.161Z,453521f37e01e7a46efde18f6cfe81164839190ecd331adef5c9a6e0b80dfb6f,Org1MSP,Func1,"[1534"",""6""]""",Org1MSP Org2MSP ,VALID, 1534 6,,,RT,179,17518,0
2022-04-07T17:26:20.165Z,58bfa2c2435f8b2ef128ddfa580c7428e0fdaecf13a05b4add0305aebaf8949e,Org1MSP,Func4,"[10063"",""1006300"",""10009"",""1000900""]""",Org1MSP Org2MSP ,VALID,, 10009 10063,,WT,180,17593,0
2022-04-07T17:26:20.166Z,4d448b285e79d3238dd69de01b03e8e4bddf14adff04c8ddbe078905633bc10b,Org1MSP,Func4,"[10006"",""1000600"",""17028"",""1702800""]""",Org1MSP Org2MSP ,VALID,, 10006 17028,,WT,179,17520,0
2022-04-07T17:26:20.255Z,12839a52fa783c5f7ba94a6fa8d8ef483cf9365b9e888b94ba918d5cb548d696,Org1MSP,Func4,"[13791"",""1379100"",""10006"",""1000600""]""",Org1MSP Org2MSP ,VALID,, 10006 13791,,WT,179,17507,0
2022-04-07T17:26:20.257Z,435dac2b0bcfa240646525db89c8366e25d5edf1794a110b644d4fffc04e6562,Org1MSP,Func1,"[24"",""125""]""",Org1MSP Org2MSP ,VALID, 125 24,,,RT,180,17585,0
2022-04-07T17:26:20.258Z,b66202b8ff17bb5af1680707b538dec279f8fcda9874bdf912daea8ca9e77779,Org1MSP,Func7,"[19"",""100"",""421"",""100""]""",Org1MSP Org2MSP ,VALID, 19 421, 19 421,,UT,180,17639,0
2022-04-07T17:26:20.259Z,60e6085ec0e2745617618e6ce6d6bbd095f00dc5484ed9ec6c2ff20267a08b0d,Org1MSP,Func7,"[9"",""100"",""8294"",""100""]""",Org1MSP Org2MSP ,VALID, 8294 9, 8294 9,,UT,180,17600,0
2022-04-07T17:26:20.260Z,7ffa3439705e42b517842e5e6e1164548d81fe0b2cd8e0a3a3976143d0c2fc1c,Org1MSP,Func4,"[10001"",""1000100"",""10000"",""1000000""]""",Org1MSP Org2MSP ,VALID,, 10000 10001,,WT,179,17529,0
2022-04-07T17:26:20.262Z,9b10b4240fe47e50cec51a97bea7d94126ef1d3981cc399702f1beb9b80640df,Org1MSP,Func7,"[1"",""100"",""1"",""100""]""",Org1MSP Org2MSP ,VALID, 1, 1,,UT,179,17561,0
2022-04-07T17:26:20.263Z,ed02e70feca0d0381d12a280f1622c16c821b620a28c4141c106dee59f0c4117,Org1MSP,Func1,"[1"",""30""]""",Org1MSP Org2MSP ,VALID, 1 30,,,RT,180,17670,0
2022-04-07T17:26:20.264Z,522c7ef7a31c8c3cbc791254aedcf569e07bf9ce975396601cd21c63117930c6,Org1MSP,Func4,"[12285"",""1228500"",""10005"",""1000500""]""",Org1MSP Org2MSP ,VALID,, 10005 12285,,WT,180,17589,0
2022-04-07T17:26:20.264Z,ceabdb70ebaf138178b0fd91a9a373ddfb211e65fc4e449f5dae462f48251107,Org1MSP,Func1,"[61"",""180""]""",Org1MSP Org2MSP ,VALID, 180 61,,,RT,180,17652,0
2022-04-07T17:26:20.267Z,42c36ff1693604168b0514f4fcd2af1f0753137c0671d6f1618d29afba8bed2c,Org1MSP,Func4,"[10008"",""1000800"",""10000"",""1000000""]""",Org1MSP Org2MSP ,VALID,, 10000 10008,,WT,180,17584,0
2022-04-07T17:26:20.356Z,4bea6ba306c66f0cc04802401cb8792c309fb7fcdc1914dae544fe8d23e4b21d,Org1MSP,Func4,"[10005"",""1000500"",""10002"",""1000200""]""",Org1MSP Org2MSP ,VALID,, 10002 10005,,WT,180,17587,0
2022-04-07T17:26:20.357Z,f9f5c24ddb91d521e564fc048a9f13e22ded4352c729c4d0f227b2b1479d15d0,Org1MSP,Func4,"[12912"",""1291200"",""10002"",""1000200""]""",Org1MSP Org2MSP ,VALID,, 10002 12912,,WT,180,17679,0
2022-04-07T17:26:20.359Z,aa544f114a2b72b2763a76a5cb9f3221c96d46cebeb8cdd78e2b347ad30960d6,Org1MSP,Func4,"[10969"",""1096900"",""14461"",""1446100""]""",Org1MSP Org2MSP ,VALID,, 10969 14461,,WT,179,17538,0
2022-04-07T17:26:20.359Z,3eb373c0311244abd4d9f9c538b7c97f675729c692d0146f7edd246f97b890b2,Org1MSP,Func4,"[10000"",""1000000"",""10007"",""1000700""]""",Org1MSP Org2MSP ,VALID,, 10000 10007,,WT,180,17582,0
2022-04-07T17:26:20.360Z,a6031db3c9c7a62d75c8ecca9dff9dc3cdbeb6a524639fec947b07473fa7f3da,Org1MSP,Func4,"[10000"",""1000000"",""11884"",""1188400""]""",Org1MSP Org2MSP ,VALID,, 10000 11884,,WT,180,17634,0
2022-04-07T17:26:20.362Z,cb9345dd36c5bbcffca884267e50e62e2b484629f929a5f1961bada5506aa376,Org1MSP,Func1,"[3"",""32""]""",Org1MSP Org2MSP ,VALID, 3 32,,,RT,179,17545,0
2022-04-07T17:26:20.362Z,b79cf99c2bd83d1db0db08feeefc612568caee4882500b098cbbccb289a8935b,Org1MSP,Func4,"[11939"",""1193900"",""10001"",""1000100""]""",Org1MSP Org2MSP ,VALID,, 10001 11939,,WT,180,17640,0
2022-04-07T17:26:20.364Z,7b4f47f406006653229f1f89e65b11a00380bfa32b5f1d381c8caf2f95b15fb3,Org1MSP,Func4,"[10000"",""1000000"",""10018"",""1001800""]""",Org1MSP Org2MSP ,VALID,, 10000 10018,,WT,180,17613,0
2022-04-07T17:26:20.365Z,3a05deb798fb637bf5095a51e009b4fff5e203b98f1ae2e10cb11ffee89800dd,Org1MSP,Func4,"[11086"",""1108600"",""10164"",""1016400""]""",Org1MSP Org2MSP ,VALID,, 10164 11086,,WT,179,17514,0
2022-04-07T17:26:20.368Z,ec634a7a266eb1ec5e6cab0c0c451b9c18fa8ddd1fb5d5dee276f3e79bb1a890,Org1MSP,Func4,"[10000"",""1000000"",""17984"",""1798400""]""",Org1MSP Org2MSP ,VALID,, 10000 17984,,WT,180,17669,0
2022-04-07T17:26:20.456Z,bc3c7ec076ddfad0d85571bababb6b4ae5fc9028761cdd48c30e637e55c29cfc,Org1MSP,Func7,"[147"",""100"",""6"",""100""]""",Org1MSP Org2MSP ,VALID, 147 6, 147 6,,UT,179,17558,0
2022-04-07T17:26:20.459Z,0661f19f943a6afaf88efdc57c89f1c2b82fbc5f2ea69e88412acab310c98a81,Org1MSP,Func4,"[10002"",""1000200"",""10028"",""1002800""]""",Org1MSP Org2MSP ,VALID,, 10002 10028,,WT,180,17564,0
2022-04-07T17:26:20.459Z,182e319af1074fe87ba11f3cfacb21ac35f5b834a458bf346ef808eaa20dca0b,Org1MSP,Func4,"[10004"",""1000400"",""10681"",""1068100""]""",Org1MSP Org2MSP ,VALID,, 10004 10681,,WT,180,17570,0
2022-04-07T17:26:20.460Z,f8546556345001621e123b7c625afbf5e17693ddbe6b1c40d76943d379ca9079,Org1MSP,Func4,"[10007"",""1000700"",""13306"",""1330600""]""",Org1MSP Org2MSP ,VALID,, 10007 13306,,WT,179,17557,0
2022-04-07T17:26:20.460Z,5f322f5f9526a09c9c4f5581ec6851f6898bbae86e78d354909984a970362bbf,Org1MSP,Func1,"[588"",""1""]""",Org1MSP Org2MSP ,VALID, 1 588,,,RT,179,17559,0
2022-04-07T17:26:20.461Z,3c81de5a362f487d39611b37751485dbf0b3b042b27ee531e7b2a365cd00a0e0,Org1MSP,Func4,"[16595"",""1659500"",""18154"",""1815400""]""",Org1MSP Org2MSP ,VALID,, 16595 18154,,WT,179,17515,0
2022-04-07T17:26:20.462Z,fc92ee066530fcddc540b6c9dc5aefdf59934c872a6c7bc556155217206e4936,Org1MSP,Func4,"[10054"",""1005400"",""10487"",""1048700""]""",Org1MSP Org2MSP ,VALID,, 10054 10487,,WT,180,17681,0
2022-04-07T17:26:20.463Z,c1ba160f7092ec54f0be14a1cca32e584b192e7de6936928c58f15f17551848c,Org1MSP,Func1,"[13"",""5630""]""",Org1MSP Org2MSP ,VALID, 13 5630,,,RT,179,17540,0
2022-04-07T17:26:20.465Z,a21460f22c4ceb02b467d5aa008dec5c948c3d2fba183e5a7575a4bbc46f326b,Org1MSP,Func4,"[10478"",""1047800"",""10344"",""1034400""]""",Org1MSP Org2MSP ,VALID,, 10344 10478,,WT,180,17633,0
2022-04-07T17:26:20.466Z,6d6658492c30c9f0c10599686c54776f5ed2b736ca68df91f93b467cd456dbbc,Org1MSP,Func7,"[7755"",""100"",""26"",""100""]""",Org1MSP Org2MSP ,VALID, 26 7755, 26 7755,,UT,180,17605,0
2022-04-07T17:26:20.555Z,39bac23ed4002984f337a6eba758238377079bbea64c529cf6199401b5041b06,Org1MSP,Func4,"[10139"",""1013900"",""10001"",""1000100""]""",Org1MSP Org2MSP ,VALID,, 10001 10139,,WT,180,17580,0
2022-04-07T17:26:20.557Z,7a723153c903bc3df95839097c2c5fa3930bc6bdcbe880d2c5ff8a8851decb6f,Org1MSP,Func1,"[25"",""677""]""",Org1MSP Org2MSP ,VALID, 25 677,,,RT,179,17528,0
2022-04-07T17:26:20.558Z,6c317a4e329120103aa02ef5c38fb719bbf1c094f7873d8915433cdb5c3636df,Org1MSP,Func4,"[10002"",""1000200"",""10000"",""1000000""]""",Org1MSP Org2MSP ,VALID,, 10000 10002,,WT,179,17525,0
2022-04-07T17:26:20.559Z,5dfe62d429ca33190594b7721bdcafda771dec43f8dd1efb733091fbeaa04e39,Org1MSP,Func4,"[11906"",""1190600"",""18084"",""1808400""]""",Org1MSP Org2MSP ,VALID,, 11906 18084,,WT,180,17597,0
2022-04-07T17:26:20.559Z,a9e35c8e413c91e50a104ff8d5f46defb0fac0bbc017062f7a22092c715634b0,Org1MSP,Func4,"[10331"",""1033100"",""10001"",""1000100""]""",Org1MSP Org2MSP ,VALID,, 10001 10331,,WT,180,17637,0
2022-04-07T17:26:20.562Z,0f98860582c0c88e824bbf69a0766d0f753ecf22c854b363732608239075eff8,Org1MSP,Func1,"[6"",""17""]""",Org1MSP Org2MSP ,VALID, 17 6,,,RT,179,17506,0
2022-04-07T17:26:20.563Z,86256802a2f23bef2f607f4846d725caa630a75c894d3325aee941a3a990e7da,Org1MSP,Func4,"[10053"",""1005300"",""17603"",""1760300""]""",Org1MSP Org2MSP ,VALID,, 10053 17603,,WT,179,17531,0
2022-04-07T17:26:20.564Z,d57ae56483f01aa18c3e9c5fbadc8c0b393b15631261eddac9d36569d7e719d9,Org1MSP,Func4,"[10104"",""1010400"",""14247"",""1424700""]""",Org1MSP Org2MSP ,VALID,, 10104 14247,,WT,180,17654,0
2022-04-07T17:26:20.566Z,db52a8dc3ba15f4a712a2354cf11543fe404164e59aadc8990f25359242ff0ab,Org1MSP,Func4,"[10592"",""1059200"",""10619"",""1061900""]""",Org1MSP Org2MSP ,VALID,, 10592 10619,,WT,180,17657,0
2022-04-07T17:26:20.657Z,08ff94cbfa7da810cadbcb6e607ccfca5ba67db47fb99352705054be04eda976,Org1MSP,Func4,"[10026"",""1002600"",""10003"",""1000300""]""",Org1MSP Org2MSP ,VALID,, 10003 10026,,WT,180,17565,0
2022-04-07T17:26:20.658Z,54bffb8d660bb6d5067c3c44de2de52d8928fa356e6bef857db6a44708c43567,Org1MSP,Func4,"[10020"",""1002000"",""10000"",""1000000""]""",Org1MSP Org2MSP ,VALID,, 10000 10020,,WT,180,17591,0
2022-04-07T17:26:20.659Z,f0d61f52d249434193fe3cb058904ebd83a49c3dcc2e77d01bf950e9cd678192,Org1MSP,Func4,"[15957"",""1595700"",""10383"",""1038300""]""",Org1MSP Org2MSP ,VALID,, 10383 15957,,WT,179,17556,0
2022-04-07T17:26:20.660Z,964c099cf50c554bbbe7e19b743381b70831031227668c3ebaaaef31959dcebe,Org1MSP,Func4,"[10759"",""1075900"",""12421"",""1242100""]""",Org1MSP Org2MSP ,VALID,, 10759 12421,,WT,180,17629,0
2022-04-07T17:26:20.662Z,f3dbfc421a1469078d8d7de61cc75b654377775336bf4d8914e8c240763530a1,Org1MSP,Func4,"[10409"",""1040900"",""10091"",""1009100""]""",Org1MSP Org2MSP ,VALID,, 10091 10409,,WT,180,17674,0
2022-04-07T17:26:20.663Z,c459634b40ca7608d4820186b36ca6d9d76a8d8864b243e02abe1451d1706643,Org1MSP,Func4,"[10018"",""1001800"",""10383"",""1038300""]""",Org1MSP Org2MSP ,VALID,, 10018 10383,,WT,179,17542,0
2022-04-07T17:26:20.665Z,d7d69e713eada2eb20f5da106192148483a3da33dd495fcbdd27c0b94f0a68d0,Org1MSP,Func4,"[13811"",""1381100"",""10003"",""1000300""]""",Org1MSP Org2MSP ,VALID,, 10003 13811,,WT,180,17655,0
2022-04-07T17:26:20.667Z,cd342bfac716536302312692a5eb1d32731b82f4454ceade7571f38e2d4705a2,Org1MSP,Func7,"[1390"",""100"",""123"",""100""]""",Org1MSP Org2MSP ,VALID, 123 1390, 123 1390,,UT,179,17546,0
2022-04-07T17:26:20.667Z,77cfa80565ae3c2d5cf513ada3afe59dcd74fb349a6a50eb58f56716b9d4d00f,Org1MSP,Func1,"[11"",""300""]""",Org1MSP Org2MSP ,VALID, 11 300,,,RT,180,17611,0
2022-04-07T17:26:20.759Z,67cf47e284bb5a5fcda458d59c2c16af4a645f0ff792a0acfd8e8efc2b6c1294,Org1MSP,Func4,"[10129"",""1012900"",""12351"",""1235100""]""",Org1MSP Org2MSP ,VALID,, 10129 12351,,WT,179,17524,0
2022-04-07T17:26:20.760Z,763267433b5756f030e8ad98901d5f96942fee68b8711020a85fa9d4bf64dfad,Org1MSP,Func4,"[10025"",""1002500"",""11269"",""1126900""]""",Org1MSP Org2MSP ,VALID,, 10025 11269,,WT,180,17609,0
2022-04-07T17:26:20.761Z,9d69f39bb1a7e67d86818104b264eb42273da0cfeb4d368b13de47f1fc8a91b6,Org1MSP,Func1,"[1"",""72""]""",Org1MSP Org2MSP ,VALID, 1 72,,,RT,180,17632,0
2022-04-07T17:26:20.761Z,f8b907896d249f88daffd1869be53cbc6dc87030328f19bd69bb940fb617a102,Org1MSP,Func1,"[1"",""5""]""",Org1MSP Org2MSP ,VALID, 1 5,,,RT,180,17678,0
2022-04-07T17:26:20.762Z,84b7725e9dbd53569f068668a4c02ae47863dd360d462f87042d656bb7f203fb,Org1MSP,Func4,"[10000"",""1000000"",""10031"",""1003100""]""",Org1MSP Org2MSP ,VALID,, 10000 10031,,WT,180,17619,0
2022-04-07T17:26:20.766Z,287316838e0282d05468caa617311428e29561865949a80a7b46e06ee8c95ff3,Org1MSP,Func4,"[11679"",""1167900"",""11323"",""1132300""]""",Org1MSP Org2MSP ,VALID,, 11323 11679,,WT,180,17575,0
2022-04-07T17:26:20.767Z,cb69295f97c8bbaaa189f09d4133b915dcdc64670400853c5c73d54975e9e5b8,Org1MSP,Func1,"[1950"",""1""]""",Org1MSP Org2MSP ,VALID, 1 1950,,,RT,180,17647,0
2022-04-07T17:26:20.778Z,be40d30b56e707244af5bbee8b071f2d7a5113e58eacdbc0c35cb7476af5c41a,Org1MSP,Func1,"[37"",""683""]""",Org1MSP Org2MSP ,VALID, 37 683,,,RT,180,17643,0
2022-04-07T17:26:20.856Z,90b0319fdebc15c569dbb3973b6507d89f35429326a6f474280e40ba43e61619,Org1MSP,Func4,"[10000"",""1000000"",""11543"",""1154300""]""",Org1MSP Org2MSP ,VALID,, 10000 11543,,WT,180,17623,0
2022-04-07T17:26:20.858Z,574e34df748c243c4f77ab81ccd8e0a0406b4e0aa7e586e6c1c40e83c7bb1aad,Org1MSP,Func4,"[10097"",""1009700"",""12864"",""1286400""]""",Org1MSP Org2MSP ,VALID,, 10097 12864,,WT,180,17592,0
2022-04-07T17:26:20.859Z,74e5bde8e2e595f987b474219eaa09ffc714c9f619b47d9a6b300746ea0eca3c,Org1MSP,Func1,"[288"",""634""]""",Org1MSP Org2MSP ,VALID, 288 634,,,RT,180,17607,0
2022-04-07T17:26:20.859Z,96efd800c9d18e8ab6341a97fb0af9c37164be653a23bd55a5199e3905d9f1df,Org1MSP,Func4,"[10002"",""1000200"",""10000"",""1000000""]""",Org1MSP Org2MSP ,VALID,, 10000 10002,,WT,180,17630,0
2022-04-07T17:26:20.861Z,e2466993c5a84ae71513e1505dd84011efcf6cf3a267020f0756f69954906282,Org1MSP,Func7,"[27"",""100"",""157"",""100""]""",Org1MSP Org2MSP ,VALID, 157 27, 157 27,,UT,180,17661,0
2022-04-07T17:26:20.862Z,823704ac86f0f84d64be20034ac1977d2334decb48cf0a005dc01e34a726ab00,Org1MSP,Func4,"[10061"",""1006100"",""10951"",""1095100""]""",Org1MSP Org2MSP ,VALID,, 10061 10951,,WT,180,17616,0
2022-04-07T17:26:20.862Z,bbc7be508a7635f4f77a795ec08c7ed45e8133a8f441f8b22f82e3aef100213c,Org1MSP,Func4,"[10015"",""1001500"",""10151"",""1015100""]""",Org1MSP Org2MSP ,VALID,, 10015 10151,,WT,180,17641,0
2022-04-07T17:26:20.863Z,30f90936f36afc2a251d72a4b39a71bb06cdd87bd07e0403ee3951d76afb7258,Org1MSP,Func4,"[10017"",""1001700"",""15440"",""1544000""]""",Org1MSP Org2MSP ,VALID,, 10017 15440,,WT,180,17579,0
2022-04-07T17:26:20.863Z,9452156d6ec19f9f831913b31839cd1b347cfe9a7fc08841c2483d2979de8703,Org1MSP,Func4,"[10056"",""1005600"",""10188"",""1018800""]""",Org1MSP Org2MSP ,VALID,, 10056 10188,,WT,180,17627,0
2022-04-07T17:26:20.866Z,7ae2f4aaa0b9f90de4c556c8e4209b4f2fb179085cd5ac0f0c921f3ee32b3471,Org1MSP,Func4,"[11571"",""1157100"",""10007"",""1000700""]""",Org1MSP Org2MSP ,VALID,, 10007 11571,,WT,180,17612,0
2022-04-07T17:26:20.956Z,5388a3dc56b5f0aade6c3c62c7cb03681e43b1d7381cc0aeadbaa395113931c7,Org1MSP,Func1,"[1"",""182""]""",Org1MSP Org2MSP ,VALID, 1 182,,,RT,180,17590,0
2022-04-07T17:26:20.957Z,caddf47d52bcb7434394f963558c49fe42972fb728ac8a91c773d299119df1dc,Org1MSP,Func7,"[91"",""100"",""71"",""100""]""",Org1MSP Org2MSP ,VALID, 71 91, 71 91,,UT,180,17646,0
2022-04-07T17:26:20.959Z,0b00e811475e153bc85873f65b4ae479a741f132f7d28752b1b42082e0b8c418,Org1MSP,Func4,"[10035"",""1003500"",""10004"",""1000400""]""",Org1MSP Org2MSP ,VALID,, 10004 10035,,WT,180,17566,0
2022-04-07T17:26:20.959Z,f02ecc2c150518f0306e8443a19fd0adc61bcaec583b5b716c7651ee360eccc0,Org1MSP,Func4,"[10259"",""1025900"",""10031"",""1003100""]""",Org1MSP Org2MSP ,VALID,, 10031 10259,,WT,180,17672,0
2022-04-07T17:26:20.960Z,06582a9227a0c8c0f83f3e4455fe32628d62b0f3cce5d7f9503a7c99e39f8002,Org1MSP,Func4,"[10000"",""1000000"",""10190"",""1019000""]""",Org1MSP Org2MSP ,VALID,, 10000 10190,,WT,180,17563,0
2022-04-07T17:26:20.963Z,ed15c005a5163f1d0814b6170a784848eb0a0c762c0fa861cf91bcd2aae2c221,Org1MSP,Func7,"[968"",""100"",""5516"",""100""]""",Org1MSP Org2MSP ,VALID, 5516 968, 5516 968,,UT,180,17671,0
2022-04-07T17:26:20.964Z,1e0beeab0fb35550f749a08df229d8ab4dc424eb5e6cab75b53028fb669f3375,Org1MSP,Func4,"[10000"",""1000000"",""10115"",""1011500""]""",Org1MSP Org2MSP ,VALID,, 10000 10115,,WT,180,17574,0
2022-04-07T17:26:20.972Z,de0f4781ca7d916e762b7ad407b65cdd7942c4f2de605f925b63ace25de5603c,Org1MSP,Func4,"[11058"",""1105800"",""10515"",""1051500""]""",Org1MSP Org2MSP ,VALID,, 10515 11058,,WT,180,17659,0
2022-04-07T17:26:20.982Z,cba4a3bd396f62649b1739dac3bb583f0144a49667da6dcb1ab27bb63db22afb,Org1MSP,Func7,"[337"",""100"",""635"",""100""]""",Org1MSP Org2MSP ,VALID, 337 635, 337 635,,UT,180,17648,0
2022-04-07T17:26:21.055Z,d4f575160925f0fc226a763896f26f5eb4c224ecc4acb7b6cd4f6c0aeb94a942,Org1MSP,Func4,"[10001"",""1000100"",""10005"",""1000500""]""",Org1MSP Org2MSP ,VALID,, 10001 10005,,WT,180,17653,0
2022-04-07T17:26:21.057Z,cc78b5a65326cbc5de87c20f681510be803a8c781059586475dd3f4ab9106e51,Org1MSP,Func1,"[957"",""66""]""",Org1MSP Org2MSP ,VALID, 66 957,,,RT,180,17649,0
2022-04-07T17:26:21.058Z,cda41cc065748a395db6052b393bd2eff30cfa398a0368d72f0e7f112dc5f197,Org1MSP,Func4,"[19828"",""1982800"",""10016"",""1001600""]""",Org1MSP Org2MSP ,VALID,, 10016 19828,,WT,180,17651,0
2022-04-07T17:26:21.059Z,e526d104ec01e67c4a596923662e1891b737d511b1caa20534d9df0db5abe006,Org1MSP,Func1,"[526"",""1676""]""",Org1MSP Org2MSP ,VALID, 1676 526,,,RT,180,17664,0
2022-04-07T17:26:21.060Z,770978ff61f0ee4d90fbaad89fefec96c096a2a8bfc3c54e1fb36844c1e2433d,Org1MSP,Func4,"[10070"",""1007000"",""10025"",""1002500""]""",Org1MSP Org2MSP ,VALID,, 10025 10070,,WT,180,17610,0
2022-04-07T17:26:21.061Z,ddd80d97e4a779d5752cddb83d65db26bf84a5b0292e1ffdc7a6362808f366bb,Org1MSP,Func1,"[2"",""4559""]""",Org1MSP Org2MSP ,VALID, 2 4559,,,RT,180,17658,0
2022-04-07T17:26:21.062Z,80bdfa725d0ee28f2ee1cb8a1de5a2023f7221e3541c3b0193c2b0122edc0e54,Org1MSP,Func4,"[10536"",""1053600"",""10000"",""1000000""]""",Org1MSP Org2MSP ,VALID,, 10000 10536,,WT,180,17614,0
2022-04-07T17:26:21.064Z,e4aa888f41599ccaccf77c92e36305992873744eabd8f1897104e72416fac0bf,Org1MSP,Func4,"[10033"",""1003300"",""10133"",""1013300""]""",Org1MSP Org2MSP ,VALID,, 10033 10133,,WT,180,17663,0
2022-04-07T17:26:21.065Z,6c6f7f98711ec1c5366a43816a9670dfb62c9798ef8a8d9c01cc26050da7b0b1,Org1MSP,Func4,"[10233"",""1023300"",""10048"",""1004800""]""",Org1MSP Org2MSP ,VALID,, 10048 10233,,WT,180,17604,0
2022-04-07T17:26:21.067Z,f75c0d14d8741f7835c9bc1dc51edb863557a91c5b4b76a4e473efabc1a84b26,Org1MSP,Func4,"[10504"",""1050400"",""10000"",""1000000""]""",Org1MSP Org2MSP ,VALID,, 10000 10504,,WT,180,17675,0
2022-04-07T17:26:21.155Z,2aaa494c4f8abdfeedc28dde6ca0c188ee7bdb61d22cc558aeb7b995703af35b,Org1MSP,Func1,"[177"",""670""]""",Org1MSP Org2MSP ,VALID, 177 670,,,RT,180,17577,0
2022-04-07T17:26:21.158Z,58f7fbfe8da5e7a2c3efd4e69ad384a67c3dd3a4057290446391fe73e61e2687,Org1MSP,Func7,"[6532"",""100"",""1749"",""100""]""",Org1MSP Org2MSP ,VALID, 1749 6532, 1749 6532,,UT,180,17594,0
2022-04-07T17:26:21.160Z,60b45742cb43a83be47a8afd632a952647f5d92298ebcf9c01154d9c3cd30323,Org1MSP,Func4,"[10014"",""1001400"",""10045"",""1004500""]""",Org1MSP Org2MSP ,VALID,, 10014 10045,,WT,180,17599,0
2022-04-07T17:26:21.162Z,a9199bba1c0cffa5f5041441f1844e2aa0afd351a7a3a3382a6052ffb196510d,Org1MSP,Func4,"[10598"",""1059800"",""11240"",""1124000""]""",Org1MSP Org2MSP ,VALID,, 10598 11240,,WT,180,17636,0
2022-04-07T17:26:21.163Z,df07ccccd51cead270cddb92a82aada7dd347f340d18a9a65c647e1e4f5d71a3,Org1MSP,Func4,"[11659"",""1165900"",""10052"",""1005200""]""",Org1MSP Org2MSP ,VALID,, 10052 11659,,WT,180,17660,0
2022-04-07T17:26:21.164Z,0c92f63a429921f0d647d400cc45e81a3b163d5fc937d410ad2b27bddad34417,Org1MSP,Func4,"[10021"",""1002100"",""10022"",""1002200""]""",Org1MSP Org2MSP ,VALID,, 10021 10022,,WT,180,17567,0
2022-04-07T17:26:21.164Z,f7c7665fa1518de17ff03187170e4a8f7f68c368a413fc544dafc9f87d2ef8ab,Org1MSP,Func7,"[1014"",""100"",""4044"",""100""]""",Org1MSP Org2MSP ,VALID, 1014 4044, 1014 4044,,UT,180,17676,0
2022-04-07T17:26:21.165Z,1a48100e8c5ce3e9e8c278ca87a242e4b4d12637abfcd4e24dcd2059905fb74b,Org1MSP,Func4,"[16763"",""1676300"",""10011"",""1001100""]""",Org1MSP Org2MSP ,VALID,, 10011 16763,,WT,180,17571,0
2022-04-07T17:26:21.166Z,1ca8ee9e9e8071552c357899d8b600343c152929bed0289e5f6b19d09ecda871,Org1MSP,Func1,"[86"",""3""]""",Org1MSP Org2MSP ,VALID, 3 86,,,RT,180,17573,0
2022-04-07T17:26:21.255Z,ebb485c07a81df47d9d80ba7532b81cd06ecf22fcc48c1d22e8959900fd47547,Org1MSP,Func1,"[3995"",""4""]""",Org1MSP Org2MSP ,VALID, 3995 4,,,RT,180,17668,0
2022-04-07T17:26:21.257Z,6265afddc8286794d0118a54b7102511a48667142dca87a77972d3aad22dd628,Org1MSP,Func4,"[16789"",""1678900"",""10003"",""1000300""]""",Org1MSP Org2MSP ,VALID,, 10003 16789,,WT,180,17601,0
2022-04-07T17:26:21.259Z,8199e1f77293a966eeb5dc99226af238451eeebc8a7162b9200792f3d9b42201,Org1MSP,Func4,"[10006"",""1000600"",""10009"",""1000900""]""",Org1MSP Org2MSP ,VALID,, 10006 10009,,WT,180,17615,0
2022-04-07T17:26:21.261Z,15b77ebe3c6694383494ab7080b7826aa3a7f0431657830d99947f22041b8440,Org1MSP,Func4,"[10030"",""1003000"",""11037"",""1103700""]""",Org1MSP Org2MSP ,VALID,, 10030 11037,,WT,180,17569,0
2022-04-07T17:26:21.262Z,1bbf30ca0738df038f7507fa962c4ded1acff8f6db44f101af1fca90673773fc,Org1MSP,Func4,"[10071"",""1007100"",""10054"",""1005400""]""",Org1MSP Org2MSP ,VALID,, 10054 10071,,WT,180,17572,0
2022-04-07T17:26:21.262Z,e44b7c5c403df73601c5855f35f6d619bdac9b02e1265a97cf9e889b08dc181a,Org1MSP,Func4,"[10020"",""1002000"",""10012"",""1001200""]""",Org1MSP Org2MSP ,VALID,, 10012 10020,,WT,180,17662,0
2022-04-07T17:26:21.262Z,ea086479c1c582f0809b85893b1482a93a565ef6bc03635b4a50f6587b31ddf1,Org1MSP,Func7,"[257"",""100"",""7873"",""100""]""",Org1MSP Org2MSP ,VALID, 257 7873, 257 7873,,UT,180,17667,0
2022-04-07T17:26:21.264Z,2a19824a7debd6f29124fa02869dc3f0b62e32267a8074e54fdcb8784466cd5f,Org1MSP,Func4,"[10001"",""1000100"",""10037"",""1003700""]""",Org1MSP Org2MSP ,VALID,, 10001 10037,,WT,180,17576,0
2022-04-07T17:26:21.264Z,7594007c942e75a9616e0c6ec870dd9df0f2c8d1b129c20f93446a81ac1312b5,Org1MSP,Func4,"[13623"",""1362300"",""14910"",""1491000""]""",Org1MSP Org2MSP ,VALID,, 13623 14910,,WT,180,17608,0
2022-04-07T17:26:21.266Z,4e669e72a28101ec23d3cda9b299d77e24c19747d0478c448da5edac359f9dcd,Org1MSP,Func4,"[12669"",""1266900"",""10020"",""1002000""]""",Org1MSP Org2MSP ,VALID,, 10020 12669,,WT,180,17588,0
2022-04-07T17:26:21.356Z,b101bdd15e1ba4359ac169bd76dbc35d16370f7097764acae082c7ff9b896b59,Org1MSP,Func4,"[13252"",""1325200"",""14166"",""1416600""]""",Org1MSP Org2MSP ,VALID,, 13252 14166,,WT,180,17638,0
2022-04-07T17:26:21.357Z,826cab96be61c6f6b1a0c95009053dbfd076c1ec2138cccdfb8ef5519683e47b,Org1MSP,Func4,"[10106"",""1010600"",""16015"",""1601500""]""",Org1MSP Org2MSP ,VALID,, 10106 16015,,WT,180,17617,0
2022-04-07T17:26:21.359Z,6f061adb8eee9681740069ced89ca4099a77e9c438efecedd0a6bfc3fe0d5ec5,Org1MSP,Func4,"[10009"",""1000900"",""10204"",""1020400""]""",Org1MSP Org2MSP ,VALID,, 10009 10204,,WT,180,17606,0
2022-04-07T17:26:21.359Z,90c66c3f29793244c86a6fb005a8851440c7a57a567764e246e346374bed3389,Org1MSP,Func4,"[10000"",""1000000"",""12299"",""1229900""]""",Org1MSP Org2MSP ,VALID,, 10000 12299,,WT,180,17624,0
2022-04-07T17:26:21.360Z,2ef9d01bc8e14d5e0a7bd81e797480eeb188fe700842b8f6ee64bb5cec494ed4,Org1MSP,Func4,"[10061"",""1006100"",""10703"",""1070300""]""",Org1MSP Org2MSP ,VALID,, 10061 10703,,WT,180,17578,0
2022-04-07T17:26:21.360Z,092ebb5d2d8491763d3a0aff551efdbe574dc07a2651be1e976571e2a6bd7906,Org1MSP,Func7,"[46"",""100"",""1"",""100""]""",Org1MSP Org2MSP ,VALID, 1 46, 1 46,,UT,180,17690,0
2022-04-07T17:26:21.362Z,9bd4b53808efce454b027efa3c9d0bf58ce30da63a502d324ae416d86c3d9c59,Org1MSP,Func4,"[10619"",""1061900"",""10005"",""1000500""]""",Org1MSP Org2MSP ,VALID,, 10005 10619,,WT,180,17631,0
2022-04-07T17:26:21.363Z,daf7f8871cf4831d5b1ef12363f524b1e160ff988946205f37934b2d82572494,Org1MSP,Func1,"[7"",""159""]""",Org1MSP Org2MSP ,VALID, 159 7,,,RT,180,17656,0
2022-04-07T17:26:21.364Z,ce350139575108970707de83b4db0d7e04fd62fb424602940c358f4f3b889dbb,Org1MSP,Func1,"[117"",""3""]""",Org1MSP Org2MSP ,VALID, 117 3,,,RT,180,17682,0
2022-04-07T17:26:21.367Z,c9102d76c1d26e992ff4f5cc5e79eaa8b5df529633d0f416165a809c18630530,Org1MSP,Func4,"[10184"",""1018400"",""10448"",""1044800""]""",Org1MSP Org2MSP ,VALID,, 10184 10448,,WT,180,17645,0
2022-04-07T17:26:21.456Z,f8764b038e6dc3ef22afed9310151ac9a9f28c67e3e1d8d3504def00a180f52e,Org1MSP,Func4,"[10011"",""1001100"",""12705"",""1270500""]""",Org1MSP Org2MSP ,VALID,, 10011 12705,,WT,180,17677,0
2022-04-07T17:26:21.458Z,8d32eba5192931d8e0a1700681b9f4e022cdc78c3138a94c7e32791d933e49e1,Org1MSP,Func7,"[98"",""100"",""5986"",""100""]""",Org1MSP Org2MSP ,VALID, 5986 98, 5986 98,,UT,180,17621,0
2022-04-07T17:26:21.459Z,7f7d9444fdddd549c81c34a63a59dce4f233a06948c94aecc3f37e8698bbd4dd,Org1MSP,Func1,"[2368"",""3""]""",Org1MSP Org2MSP ,VALID, 2368 3,,,RT,180,17683,0
2022-04-07T17:26:21.461Z,5fd58a04707eb68088b0747ad89d568e85581ebb161447222ddeb91337e0ee6a,Org1MSP,Func7,"[109"",""100"",""212"",""100""]""",Org1MSP Org2MSP ,VALID, 109 212, 109 212,,UT,180,17598,0
2022-04-07T17:26:21.462Z,44d910c3deb016a727db1ce931a4c73d01c07ed7f28660e6b7083fc1424ba3d7,Org1MSP,Func4,"[10109"",""1010900"",""19481"",""1948100""]""",Org1MSP Org2MSP ,VALID,, 10109 19481,,WT,180,17586,0
2022-04-07T17:26:21.462Z,835c800300692747cdba99e1d03949cba79f1368fc7203dad2e89c03ea6deeb0,Org1MSP,Func4,"[18149"",""1814900"",""12178"",""1217800""]""",Org1MSP Org2MSP ,VALID,, 12178 18149,,WT,180,17618,0
2022-04-07T17:26:21.462Z,5cd4d87e095dc1e4345bc39382b7ab9791666ed24112ecf463a5911d41900a3f,Org1MSP,Func1,"[3022"",""11""]""",Org1MSP Org2MSP ,VALID, 11 3022,,,RT,180,17684,0
2022-04-07T17:26:21.463Z,f3d8c839830abd2755ed85ce5c84e28e98720a4e4d55d867d4d913a4f8d33645,Org1MSP,Func4,"[10003"",""1000300"",""11082"",""1108200""]""",Org1MSP Org2MSP ,VALID,, 10003 11082,,WT,180,17673,0
2022-04-07T17:26:21.464Z,8fa5e587279a2d502149920b16fb46a4c0d5ac32ecabafa9becbbcdcc8fec895,Org1MSP,Func1,"[8946"",""348""]""",Org1MSP Org2MSP ,VALID, 348 8946,,,RT,180,17622,0
2022-04-07T17:26:21.468Z,e8483e53a4bea29855a1b7059524157ac1f5f5f0e0f399e4d9e4c3a0a9cbd645,Org1MSP,Func4,"[10076"",""1007600"",""10003"",""1000300""]""",Org1MSP Org2MSP ,VALID,, 10003 10076,,WT,180,17666,0
2022-04-07T17:26:21.554Z,3f4cbd8e25d71bbff0e9c6b545706b67cd0801dba99aa5365b0a6a85a115d876,Org1MSP,Func7,"[8"",""100"",""72"",""100""]""",Org1MSP Org2MSP ,VALID, 72 8, 72 8,,UT,180,17685,0
2022-04-07T17:26:21.557Z,c25693f5209186ee9d0d317cf4f60230d4252c4c882c0efa0f1d738ce0c151ed,Org1MSP,Func4,"[10736"",""1073600"",""10004"",""1000400""]""",Org1MSP Org2MSP ,VALID,, 10004 10736,,WT,180,17644,0
2022-04-07T17:26:21.558Z,5d0b324248c3431ef24220c2f51d0235e704dc22f2491836334424f130ac3d63,Org1MSP,Func4,"[10005"",""1000500"",""10016"",""1001600""]""",Org1MSP Org2MSP ,VALID,, 10005 10016,,WT,180,17595,0
2022-04-07T17:26:21.559Z,6bdbfa1a7f0f98a3ded5414d720d92c42e5a735dabb95d576605f1663ec7caee,Org1MSP,Func4,"[14308"",""1430800"",""10005"",""1000500""]""",Org1MSP Org2MSP ,VALID,, 10005 14308,,WT,180,17603,0
2022-04-07T17:26:21.561Z,fa27b95260c3b89d22849a11bb68096d7d89b2b6fa08f3e714d7d34bed5c5217,Org1MSP,Func1,"[4441"",""2340""]""",Org1MSP Org2MSP ,VALID, 2340 4441,,,RT,180,17680,0
2022-04-07T17:26:21.562Z,93ed1a2729cb0e6103aa2bf3c362191cf5155728963b5c7ae05674f4bd4ac7d2,Org1MSP,Func4,"[10001"",""1000100"",""10235"",""1023500""]""",Org1MSP Org2MSP ,VALID,, 10001 10235,,WT,180,17626,0
2022-04-07T17:26:21.563Z,914070e033fd88b2b530b7b6c642dccc78b313ca8815cfbb8ca1db50d1037514,Org1MSP,Func7,"[1911"",""100"",""6"",""100""]""",Org1MSP Org2MSP ,VALID, 1911 6, 1911 6,,UT,180,17625,0
2022-04-07T17:26:21.564Z,62bf825734a1a875afb4f6bde10e722faaf4da6fc983991571e8f735584ed967,Org1MSP,Func4,"[10001"",""1000100"",""11279"",""1127900""]""",Org1MSP Org2MSP ,VALID,, 10001 11279,,WT,180,17602,0
2022-04-07T17:26:21.572Z,e6b2fa6cef6e5ea33c897d8469b45f596fe694c67fb3a0460e75bb46553df39a,Org1MSP,Func4,"[10019"",""1001900"",""11392"",""1139200""]""",Org1MSP Org2MSP ,VALID,, 10019 11392,,WT,180,17665,0
2022-04-07T17:26:21.656Z,94b8f0454e98b2e389535a294300cc0027bdc554d5054cd42f7ec32854870ab8,Org1MSP,Func4,"[10442"",""1044200"",""10000"",""1000000""]""",Org1MSP Org2MSP ,VALID,, 10000 10442,,WT,180,17628,0
2022-04-07T17:26:21.658Z,8c4f98d2bc3b4b0852968550b3e5ae18093f5e83ed0df024ce7eed2faf639806,Org1MSP,Func1,"[2"",""47""]""",Org1MSP Org2MSP ,VALID, 2 47,,,RT,180,17686,0
2022-04-07T17:26:21.659Z,3fc2a60f9229e1c6572fe831a09b9b064be95b8ce19d50000c2c372f0e957e59,Org1MSP,Func4,"[10003"",""1000300"",""10044"",""1004400""]""",Org1MSP Org2MSP ,VALID,, 10003 10044,,WT,180,17583,0
2022-04-07T17:26:21.659Z,85c7c85734e368e05146adaabeba2c461dca69639fd91e993d86d32a2731551f,Org1MSP,Func4,"[10686"",""1068600"",""10338"",""1033800""]""",Org1MSP Org2MSP ,VALID,, 10338 10686,,WT,180,17620,0
2022-04-07T17:26:21.661Z,7059a27bf56fad6397b7655a1e562982d6db7f288538be1f17f35f9e961ba70a,Org1MSP,Func7,"[2"",""100"",""32"",""100""]""",Org1MSP Org2MSP ,VALID, 2 32, 2 32,,UT,180,17689,0
2022-04-07T17:26:21.662Z,138b5e53313485faa6bf87a21ff9c667365f7170dafbf42125a1539fb5689253,Org1MSP,Func4,"[10542"",""1054200"",""10000"",""1000000""]""",Org1MSP Org2MSP ,VALID,, 10000 10542,,WT,180,17568,0
2022-04-07T17:26:21.662Z,8804ac4000c8f2f924a8ac93856f330b9662150d4e221dc706037d9b192f038c,Org1MSP,Func1,"[1"",""1""]""",Org1MSP Org2MSP ,VALID, 1,,,RT,180,17688,0
2022-04-07T17:26:21.664Z,be177dcc9190509d09346af9b8f4ba58517a78a6b15d5fe5a5d7de272b567d83,Org1MSP,Func4,"[10048"",""1004800"",""10022"",""1002200""]""",Org1MSP Org2MSP ,VALID,, 10022 10048,,WT,180,17642,0
2022-04-07T17:26:21.665Z,f8b9280c320638cc32773b02de653db6d95819a6dc6a986dbaaa8d5c64ce21bb,Org1MSP,Func7,"[4"",""100"",""295"",""100""]""",Org1MSP Org2MSP ,VALID, 295 4, 295 4,,UT,180,17687,0
2022-04-07T17:26:21.667Z,5d599701972c4a8415d9cf9da917ac19647127a790ba3b09eabd7d28e837a926,Org1MSP,Func4,"[10027"",""1002700"",""10094"",""1009400""]""",Org1MSP Org2MSP ,VALID,, 10027 10094,,WT,180,17596,0
2022-04-07T17:26:21.755Z,04b52645769ad6eb4f113c8dd39ad2161169bbd81d00aeadf2feee2cec634e8c,Org1MSP,Func4,"[10027"",""1002700"",""10001"",""1000100""]""",Org1MSP Org2MSP ,VALID,, 10001 10027,,WT,180,17562,0
2022-04-07T17:26:21.758Z,60f9d5b7fd0a7720c50ea7c830c720c33cebc061dad4a22f6f2b43cc6fd27558,Org1MSP,Func4,"[10071"",""1007100"",""10000"",""1000000""]""",Org1MSP Org2MSP ,VALID,, 10000 10071,,WT,181,17727,0
2022-04-07T17:26:21.759Z,3c1ba52a0afb7dd994dc1ba646feb6f56ac0f02269585c90cc9625c4caabb675,Org1MSP,Func4,"[10681"",""1068100"",""10067"",""1006700""]""",Org1MSP Org2MSP ,VALID,, 10067 10681,,WT,180,17581,0
2022-04-07T17:26:21.760Z,b2de7877ae84963fcd03008d4bdc5df35affdaf45dbadb174ef8f2e2cec5fa29,Org1MSP,Func4,"[10011"",""1001100"",""10001"",""1000100""]""",Org1MSP Org2MSP ,VALID,, 10001 10011,,WT,181,17753,0
2022-04-07T17:26:21.761Z,767109eecf6239b44fac17e2f797bca1ea51093e262069c9872bd8f6acf75394,Org1MSP,Func4,"[10012"",""1001200"",""10004"",""1000400""]""",Org1MSP Org2MSP ,VALID,, 10004 10012,,WT,181,17734,0
2022-04-07T17:26:21.762Z,3a9c2faedbdfc1226406969cd68fdc10a324c56c154b0e20a09577db9f7ecdeb,Org1MSP,Func4,"[13311"",""1331100"",""10000"",""1000000""]""",Org1MSP Org2MSP ,VALID,, 10000 13311,,WT,181,17712,0
2022-04-07T17:26:21.763Z,080b045fa71bda7c261f4fce8350e1cfe0adac114fe10d7cf7c9d0773c7e8b37,Org1MSP,Func4,"[10072"",""1007200"",""10000"",""1000000""]""",Org1MSP Org2MSP ,VALID,, 10000 10072,,WT,181,17694,0
2022-04-07T17:26:21.763Z,cf5195f5d75cf0335468a7fe21be6fa19723d9664ef4065aa32210337c2b157e,Org1MSP,Func4,"[10672"",""1067200"",""10028"",""1002800""]""",Org1MSP Org2MSP ,VALID,, 10028 10672,,WT,181,17767,0
2022-04-07T17:26:21.764Z,c5d5235b6dc087a22d58df972e89dc67fcfd3e0e2675066ebcc31884ab03e8b5,Org1MSP,Func7,"[2126"",""100"",""7713"",""100""]""",Org1MSP Org2MSP ,VALID, 2126 7713, 2126 7713,,UT,181,17763,0
2022-04-07T17:26:21.767Z,769bcc68dee9687ff77ca9a53193ce5d99f10ec8bf2b29d665cb0e11d153fc50,Org1MSP,Func4,"[10000"",""1000000"",""10002"",""1000200""]""",Org1MSP Org2MSP ,VALID,, 10000 10002,,WT,181,17735,0
2022-04-07T17:26:21.855Z,657f094e2bd929eff2210c84b06a2642c9b3103c6fd57af3de3fbb32b338cb9d,Org1MSP,Func1,"[9401"",""6605""]""",Org1MSP Org2MSP ,VALID, 6605 9401,,,RT,181,17728,0
2022-04-07T17:26:21.857Z,3585f5ecc7fbbb2d73ea7e030d557261f276ce5edfe9446d204f8552c119ff76,Org1MSP,Func4,"[10290"",""1029000"",""10012"",""1001200""]""",Org1MSP Org2MSP ,VALID,, 10012 10290,,WT,181,17709,0
2022-04-07T17:26:21.857Z,c41a55425f2231a829c3602e8672f03f9872eda3ebb307ac45df93118574c719,Org1MSP,Func4,"[10119"",""1011900"",""10000"",""1000000""]""",Org1MSP Org2MSP ,VALID,, 10000 10119,,WT,181,17762,0
2022-04-07T17:26:21.859Z,b9c17022d94d8f83ddcdb808104d029175acdaf48434309e74730c4daaa5693c,Org1MSP,Func4,"[10057"",""1005700"",""10005"",""1000500""]""",Org1MSP Org2MSP ,VALID,, 10005 10057,,WT,181,17757,0
2022-04-07T17:26:21.862Z,182bc7a186fb9d1b9599d3c772353a6d42f0e5ad96a5ef5eb19dfb0afc2e9d55,Org1MSP,Func7,"[24"",""100"",""17"",""100""]""",Org1MSP Org2MSP ,VALID, 17 24, 17 24,,UT,181,17699,0
2022-04-07T17:26:21.863Z,73be99dca3ade99f9bdee80b252bf69c6120c0a14f7881bddeab6946aa63d417,Org1MSP,Func4,"[10008"",""1000800"",""10202"",""1020200""]""",Org1MSP Org2MSP ,VALID,, 10008 10202,,WT,181,17732,0
2022-04-07T17:26:21.863Z,7f62bbd25316550f15cf6a8d3a8eb9af854ede3f77cdad729b0124b1b0612cc0,Org1MSP,Func4,"[14699"",""1469900"",""10110"",""1011000""]""",Org1MSP Org2MSP ,VALID,, 10110 14699,,WT,181,17738,0
2022-04-07T17:26:21.864Z,69be894914b132146c1851c67a75f592a9bfc999f92a63ed5fa8772da9eeca8e,Org1MSP,Func4,"[10009"",""1000900"",""10002"",""1000200""]""",Org1MSP Org2MSP ,VALID,, 10002 10009,,WT,181,17729,0
2022-04-07T17:26:21.864Z,c2afe98b010c45689a426b6003cea88f2932fbe197bf2359100df162320eea94,Org1MSP,Func4,"[10033"",""1003300"",""10006"",""1000600""]""",Org1MSP Org2MSP ,VALID,, 10006 10033,,WT,181,17761,0
2022-04-07T17:26:21.867Z,6d5e3c1e7faab08b65e739eef2db2f1b44be391a35f6ef6db9f7df8788e6dbb5,Org1MSP,Func4,"[10135"",""1013500"",""10000"",""1000000""]""",Org1MSP Org2MSP ,VALID,, 10000 10135,,WT,181,17730,0
2022-04-07T17:26:21.956Z,ff963be290f7909507d7a0f6025cfc33194bbc3e7bade41dabe81d88f74bd5f8,Org1MSP,Func7,"[279"",""100"",""75"",""100""]""",Org1MSP Org2MSP ,VALID, 279 75, 279 75,,UT,181,17784,0
2022-04-07T17:26:21.959Z,97747c254925d002198209bd95d975308241921a0504ccce0057e0226a568ed8,Org1MSP,Func4,"[10025"",""1002500"",""10001"",""1000100""]""",Org1MSP Org2MSP ,VALID,, 10001 10025,,WT,181,17742,0
2022-04-07T17:26:21.960Z,307a2c13cd5c4dc4a9e9ef461c62175325cbf9942f12642e49abcc32cbd2289f,Org1MSP,Func4,"[10003"",""1000300"",""13298"",""1329800""]""",Org1MSP Org2MSP ,VALID,, 10003 13298,,WT,181,17706,0
2022-04-07T17:26:21.961Z,345f62aafeee890a3169da97a0db3bf4616e39180e35710b55316aa6a2d51652,Org1MSP,Func7,"[755"",""100"",""5"",""100""]""",Org1MSP Org2MSP ,VALID, 5 755, 5 755,,UT,181,17707,0
2022-04-07T17:26:21.962Z,4d54a5c6ebce23dc6db314626a5dd646430cad575a1c2f857ac5257c389d2465,Org1MSP,Func1,"[8"",""85""]""",Org1MSP Org2MSP ,VALID, 8 85,,,RT,181,17719,0
2022-04-07T17:26:21.962Z,ef7aa1eb3d1441bc2d3a43cf31a6274eebe5a9664ca431f4d60d2bd80b3c5368,Org1MSP,Func4,"[13452"",""1345200"",""10000"",""1000000""]""",Org1MSP Org2MSP ,VALID,, 10000 13452,,WT,181,17781,0
2022-04-07T17:26:21.963Z,53d33aeccd6f368d78fe702eb7c1ed993a94555be6cae86061503b4fbcd66947,Org1MSP,Func4,"[10370"",""1037000"",""10076"",""1007600""]""",Org1MSP Org2MSP ,VALID,, 10076 10370,,WT,181,17720,0
2022-04-07T17:26:21.964Z,de43f96e1ef909885847d71291393082e6238d10ca7a73c028c39eaa29ca22e7,Org1MSP,Func7,"[227"",""100"",""263"",""100""]""",Org1MSP Org2MSP ,VALID, 227 263, 227 263,,UT,181,17777,0
2022-04-07T17:26:22.055Z,4432f54fd2b2fb82606b2c77b68ab11cefc6bb93a644660c5b503345e39476c1,Org1MSP,Func1,"[65"",""30""]""",Org1MSP Org2MSP ,VALID, 30 65,,,RT,181,17715,0
2022-04-07T17:26:22.058Z,aadb2ba1a5faf71c2221ee77c63099360d51bd45700753b9ffd118c57ecf1b59,Org1MSP,Func4,"[11989"",""1198900"",""10935"",""1093500""]""",Org1MSP Org2MSP ,VALID,, 10935 11989,,WT,181,17750,0
2022-04-07T17:26:22.059Z,368fef5c57ad9c47e7ed8ccba278142f92401063c4b87a4973133eba3844cbdb,Org1MSP,Func4,"[19717"",""1971700"",""10008"",""1000800""]""",Org1MSP Org2MSP ,VALID,, 10008 19717,,WT,181,17710,0
2022-04-07T17:26:22.061Z,de17d5e158f49da088807a05e9c4f91199a8a69f7071f371c974a53a003cb9c7,Org1MSP,Func4,"[10099"",""1009900"",""10000"",""1000000""]""",Org1MSP Org2MSP ,VALID,, 10000 10099,,WT,181,17775,0
2022-04-07T17:26:22.062Z,452bb26136eb5094fea9431489252991a4f0468f6feb168f0d146ec63716deae,Org1MSP,Func4,"[10000"",""1000000"",""10015"",""1001500""]""",Org1MSP Org2MSP ,VALID,, 10000 10015,,WT,181,17716,0
2022-04-07T17:26:22.062Z,577cc108dd77e1b2ec7de067a261783c0ada63764659b3f486ea6f95d98100c5,Org1MSP,Func4,"[10052"",""1005200"",""10000"",""1000000""]""",Org1MSP Org2MSP ,VALID,, 10000 10052,,WT,181,17723,0
2022-04-07T17:26:22.064Z,e2f05103e1669c8a9eac72f11c31b7e9f466acbea0f6152573952ce7d543bf51,Org1MSP,Func4,"[10046"",""1004600"",""11991"",""1199100""]""",Org1MSP Org2MSP ,VALID,, 10046 11991,,WT,181,17779,0
2022-04-07T17:26:22.066Z,0f35817fc6ccd12f2ba7544b2c1efe5deb1ed56d3852350bf4aa460f6cdc21e7,Org1MSP,Func4,"[10324"",""1032400"",""10065"",""1006500""]""",Org1MSP Org2MSP ,VALID,, 10065 10324,,WT,181,17696,0
2022-04-07T17:26:22.154Z,dde9a3aa0643fc2fa247314c6ca3cdd4cf6f3a0b22151aa516d90c01c7a5042a,Org1MSP,Func4,"[11508"",""1150800"",""10009"",""1000900""]""",Org1MSP Org2MSP ,VALID,, 10009 11508,,WT,181,17774,0
2022-04-07T17:26:22.157Z,8b3489e14981e86a10e8386d748415e7bc3f9837c1369bb14b01c4d565615ff7,Org1MSP,Func4,"[15598"",""1559800"",""10331"",""1033100""]""",Org1MSP Org2MSP ,VALID,, 10331 15598,,WT,181,17741,0
2022-04-07T17:26:22.159Z,464a1f44987720174b72bcd792224cf23fb445e2a2fbd9c5123a0a2cbeb7a687,Org1MSP,Func7,"[67"",""100"",""74"",""100""]""",Org1MSP Org2MSP ,VALID, 67 74, 67 74,,UT,181,17718,0
2022-04-07T17:26:22.160Z,b279b89d93d63b4ae6eab8c1778e13132028d92a99f66fdd20fb80de7c57f2bd,Org1MSP,Func7,"[373"",""100"",""488"",""100""]""",Org1MSP Org2MSP ,VALID, 373 488, 373 488,,UT,181,17752,0
2022-04-07T17:26:22.160Z,c0816af28ac6decbb6511d9c0c9c37ede75478c0f6604a3fa97dacfe7c40891d,Org1MSP,Func7,"[434"",""100"",""14"",""100""]""",Org1MSP Org2MSP ,VALID, 14 434, 14 434,,UT,181,17759,0
2022-04-07T17:26:22.161Z,e364fec2a6642356afcde872068af1d6d4f22bf1ba881c5dcc2d6b0cf8d9df13,Org1MSP,Func1,"[1"",""20""]""",Org1MSP Org2MSP ,VALID, 1 20,,,RT,181,17780,0
2022-04-07T17:26:22.162Z,a86ce838c63dccc922137f7b1958d147aa91f3a111d9fac3c001324f61382340,Org1MSP,Func7,"[102"",""100"",""299"",""100""]""",Org1MSP Org2MSP ,VALID, 102 299, 102 299,,UT,181,17749,0
2022-04-07T17:26:22.163Z,eff8b2bf28f3b14fffcb57a51f2447b98b874e6e552837fae90e190bb2c208e7,Org1MSP,Func7,"[22"",""100"",""78"",""100""]""",Org1MSP Org2MSP ,VALID, 22 78, 22 78,,UT,181,17782,0
2022-04-07T17:26:22.164Z,7cf23ee98210afdc31ef5bed40b3f04a6a21c4043cd54c7be5050f66a3281086,Org1MSP,Func4,"[14098"",""1409800"",""10004"",""1000400""]""",Org1MSP Org2MSP ,VALID,, 10004 14098,,WT,181,17737,0
2022-04-07T17:26:22.166Z,7f72f068d76bee71d9768a490faa73f1688e2a6ea56d9e54b8b81d825538670a,Org1MSP,Func4,"[10005"",""1000500"",""10000"",""1000000""]""",Org1MSP Org2MSP ,VALID,, 10000 10005,,WT,181,17739,0
2022-04-07T17:26:22.254Z,0559f1ef976b13209e8818ba5526537d44a4c001850f577d6365e439007b0edd,Org1MSP,Func4,"[10191"",""1019100"",""10025"",""1002500""]""",Org1MSP Org2MSP ,VALID,, 10025 10191,,WT,181,17692,0
2022-04-07T17:26:22.258Z,0e56e304eb0105d278349e759562967d93959d781a1e44e6e0009b1a0ee275c3,Org1MSP,Func4,"[10813"",""1081300"",""10125"",""1012500""]""",Org1MSP Org2MSP ,VALID,, 10125 10813,,WT,181,17695,0
2022-04-07T17:26:22.258Z,158afbe934afe8e94286e67eb3ed47930a74a7bf56928b648448677bb85a6fd5,Org1MSP,Func4,"[10000"",""1000000"",""11914"",""1191400""]""",Org1MSP Org2MSP ,VALID,, 10000 11914,,WT,181,17697,0
2022-04-07T17:26:22.258Z,2b6cb93e33a16c7770a887c59a19d0b82a8809dabb68bf884c409227b206004e,Org1MSP,Func4,"[10048"",""1004800"",""11334"",""1133400""]""",Org1MSP Org2MSP ,VALID,, 10048 11334,,WT,181,17702,0
2022-04-07T17:26:22.261Z,99434211da4e4dd2827591401f6dacb41bb7898f7afff366a16469a9be634ef9,Org1MSP,Func4,"[10001"",""1000100"",""10046"",""1004600""]""",Org1MSP Org2MSP ,VALID,, 10001 10046,,WT,181,17744,0
2022-04-07T17:26:22.263Z,9f765ab03be0e396c2f2030dcdae4d42385c9778556eca8059ce1563635b50e7,Org1MSP,Func4,"[10217"",""1021700"",""10093"",""1009300""]""",Org1MSP Org2MSP ,VALID,, 10093 10217,,WT,181,17747,0
2022-04-07T17:26:22.263Z,c89b507a50dc5b2b908b184cf7422e1e2aa77341233f1216040c7156cae5247f,Org1MSP,Func1,"[124"",""1890""]""",Org1MSP Org2MSP ,VALID, 124 1890,,,RT,181,17764,0
2022-04-07T17:26:22.264Z,6f14171567288bac5aaa5016cdba77cb7b56546f59f9ca3423830d36d8314836,Org1MSP,Func4,"[10062"",""1006200"",""11041"",""1104100""]""",Org1MSP Org2MSP ,VALID,, 10062 11041,,WT,181,17731,0
2022-04-07T17:26:22.355Z,06d3ef52b87e8a06166d25a1ca3350888729f49b5fc91cbc4533eead9cebcdf4,Org1MSP,Func4,"[12322"",""1232200"",""11771"",""1177100""]""",Org1MSP Org2MSP ,VALID,, 11771 12322,,WT,181,17693,0
2022-04-07T17:26:22.358Z,abf6bce906b9991a5c09d61b5022a34734837155893d3ca91482e2ec4562d35a,Org1MSP,Func7,"[300"",""100"",""3007"",""100""]""",Org1MSP Org2MSP ,VALID, 300 3007, 300 3007,,UT,181,17751,0
2022-04-07T17:26:22.359Z,7cea0be272cf9f59bf2ba781ec94e41ea9bed276cfd8c7a920f3ef9ac4e26e87,Org1MSP,Func4,"[10003"",""1000300"",""10010"",""1001000""]""",Org1MSP Org2MSP ,VALID,, 10003 10010,,WT,181,17736,0
2022-04-07T17:26:22.360Z,9ec971fe511903c796197c6890b67f8046127a8ac851209746a5bce653169beb,Org1MSP,Func1,"[12"",""6902""]""",Org1MSP Org2MSP ,VALID, 12 6902,,,RT,181,17746,0
2022-04-07T17:26:22.360Z,d2947f21339e77a3ed3339d84497db4489defbfd03ce8284eccca03588e43378,Org1MSP,Func4,"[10000"",""1000000"",""10272"",""1027200""]""",Org1MSP Org2MSP ,VALID,, 10000 10272,,WT,181,17768,0
2022-04-07T17:26:22.362Z,f69a7cba4faa56f65108a898980e7849a6a99fc4fd542cc51b8b17816bd0d239,Org1MSP,Func1,"[2"",""391""]""",Org1MSP Org2MSP ,VALID, 2 391,,,RT,181,17783,0
2022-04-07T17:26:22.363Z,295513e8ee4cd259f577fc8f2166ecc55f80ae16e8f8bb4812a3e760c5e571d0,Org1MSP,Func4,"[10007"",""1000700"",""10000"",""1000000""]""",Org1MSP Org2MSP ,VALID,, 10000 10007,,WT,181,17701,0
2022-04-07T17:26:22.363Z,daa7c0d99110fc85a09de380bb73a4a8c5b479c2fdd44a0399cb14d07f39fcf9,Org1MSP,Func1,"[1"",""959""]""",Org1MSP Org2MSP ,VALID, 1 959,,,RT,181,17772,0
2022-04-07T17:26:22.455Z,422f0c4e5e6b3a516d3b16397381d16a065ee01c5f9608dbf7acf31df69d38b3,Org1MSP,Func4,"[10106"",""1010600"",""10003"",""1000300""]""",Org1MSP Org2MSP ,VALID,, 10003 10106,,WT,181,17714,0
2022-04-07T17:26:22.458Z,a515024b2b287e074079f20a454bac287adf833358c97eecc291ce744a33d986,Org1MSP,Func4,"[10002"",""1000200"",""17453"",""1745300""]""",Org1MSP Org2MSP ,VALID,, 10002 17453,,WT,181,17748,0
2022-04-07T17:26:22.458Z,d97e4bb844eec4d9500b34bc377e8cbbe0d483eb6813fcba710fa47ee270df95,Org1MSP,Func4,"[10000"",""1000000"",""10086"",""1008600""]""",Org1MSP Org2MSP ,VALID,, 10000 10086,,WT,181,17771,0
2022-04-07T17:26:22.459Z,34c0b8adb3be0aebcbd29b8e35ee7e12ae72c8adb02d739ab6e673450d8cc57b,Org1MSP,Func4,"[10001"",""1000100"",""10271"",""1027100""]""",Org1MSP Org2MSP ,VALID,, 10001 10271,,WT,181,17708,0
2022-04-07T17:26:22.460Z,cbb905b097985643f9e4a21c4d3f6e66f8e137c93338b9f5da12eaa76eb2dd87,Org1MSP,Func4,"[10000"",""1000000"",""10000"",""1000000""]""",Org1MSP Org2MSP ,VALID,, 10000,,WT,181,17766,0
2022-04-07T17:26:22.461Z,2f1794120f2997f600df0f7e70e4b7b5a4dc539fd0d109d8ff35bab02ce634f1,Org1MSP,Func1,"[11"",""1""]""",Org1MSP Org2MSP ,VALID, 1 11,,,RT,181,17705,0
2022-04-07T17:26:22.462Z,3c40e57053d6f716ebbd03401754159d3cb563086a3a4be9c733ee1d9fe37653,Org1MSP,Func4,"[10290"",""1029000"",""16186"",""1618600""]""",Org1MSP Org2MSP ,VALID,, 10290 16186,,WT,181,17713,0
2022-04-07T17:26:22.465Z,97f3ae80e6b8122d965b3c64437dcc06670385c61e567af79818d5d9c1957dd2,Org1MSP,Func4,"[10115"",""1011500"",""10223"",""1022300""]""",Org1MSP Org2MSP ,VALID,, 10115 10223,,WT,181,17743,0
2022-04-07T17:26:22.555Z,dafd972f6e1e9b311126abc49c4075558565323f093732789d32fdbcd645cd19,Org1MSP,Func4,"[13378"",""1337800"",""10005"",""1000500""]""",Org1MSP Org2MSP ,VALID,, 10005 13378,,WT,181,17773,0
2022-04-07T17:26:22.558Z,58194f6b97d022f082849c4e0c3ffa0b7ad5809732e3882f64e5a7ab4fc7c984,Org1MSP,Func4,"[10037"",""1003700"",""10043"",""1004300""]""",Org1MSP Org2MSP ,VALID,, 10037 10043,,WT,181,17724,0
2022-04-07T17:26:22.559Z,37796fb588b8ee51df2dd72bcaa5e91f4392b8fd3eb95f66be9fcc4b5f7fbe4b,Org1MSP,Func4,"[10000"",""1000000"",""10002"",""1000200""]""",Org1MSP Org2MSP ,VALID,, 10000 10002,,WT,181,17711,0
2022-04-07T17:26:22.560Z,2bb6eba5abcc19b0e1057bfe9cd7ab330574608cd7fa4209434f5e692651c934,Org1MSP,Func4,"[10168"",""1016800"",""10033"",""1003300""]""",Org1MSP Org2MSP ,VALID,, 10033 10168,,WT,181,17703,0
2022-04-07T17:26:22.562Z,54abaddbfbab5aaeb0ec8867943de4a187ff5ecea3501a50ba7b2524e06e3091,Org1MSP,Func4,"[15753"",""1575300"",""10110"",""1011000""]""",Org1MSP Org2MSP ,VALID,, 10110 15753,,WT,181,17721,0
2022-04-07T17:26:22.562Z,de2a6b824c775109613dc6720c862ff11110013172106660a44f69a6cb82042a,Org1MSP,Func4,"[10128"",""1012800"",""11163"",""1116300""]""",Org1MSP Org2MSP ,VALID,, 10128 11163,,WT,181,17776,0
2022-04-07T17:26:22.563Z,45e3b88d10aa0b0c431f8637a989e4a8b02449dcc767ca84faa1e9bf98489670,Org1MSP,Func4,"[10100"",""1010000"",""10028"",""1002800""]""",Org1MSP Org2MSP ,VALID,, 10028 10100,,WT,181,17717,0
2022-04-07T17:26:22.565Z,2d20f860d32bf1d426266eefbbc7a05ecf585c845394f6384d7dc2f655e83bac,Org1MSP,Func4,"[11916"",""1191600"",""10171"",""1017100""]""",Org1MSP Org2MSP ,VALID,, 10171 11916,,WT,181,17704,0
2022-04-07T17:26:22.567Z,c0afbf3908c9a6fde15ed954ae06a72a8cb4cdc250132d97f3c7ade0ee721a02,Org1MSP,Func4,"[10005"",""1000500"",""10021"",""1002100""]""",Org1MSP Org2MSP ,VALID,, 10005 10021,,WT,181,17760,0
2022-04-07T17:26:22.655Z,8024811c87264dc6ad11318f5fc14e53b046d7926a10f63b353926280399a4d6,Org1MSP,Func4,"[10173"",""1017300"",""14650"",""1465000""]""",Org1MSP Org2MSP ,VALID,, 10173 14650,,WT,181,17740,0
2022-04-07T17:26:22.659Z,b71e428df782570e852c82c9b51a4b1fb424277cceeddb85f5500390406e2f4a,Org1MSP,Func1,"[2"",""551""]""",Org1MSP Org2MSP ,VALID, 2 551,,,RT,181,17754,0
2022-04-07T17:26:22.659Z,b8cccf9f21ae059d97c4093f57776274ef301690a3d6222aae65b62c1ca5fc31,Org1MSP,Func1,"[1807"",""125""]""",Org1MSP Org2MSP ,VALID, 125 1807,,,RT,181,17755,0
2022-04-07T17:26:22.661Z,248d49b2003aa4c7916a7c888af44ba2cfe739e4090542a24f27080fa93ed64a,Org1MSP,Func4,"[10065"",""1006500"",""10001"",""1000100""]""",Org1MSP Org2MSP ,VALID,, 10001 10065,,WT,181,17700,0
2022-04-07T17:26:22.662Z,5d3438e69dc2645cee74ae9a3a76eca9857aa495b67b470411c8607dc9e408b8,Org1MSP,Func1,"[13"",""1354""]""",Org1MSP Org2MSP ,VALID, 13 1354,,,RT,181,17726,0
2022-04-07T17:26:22.663Z,d6358fa8d4ce443519046defcebed21009c7f1f6cff877e38ecb5d787a88143d,Org1MSP,Func4,"[10095"",""1009500"",""17437"",""1743700""]""",Org1MSP Org2MSP ,VALID,, 10095 17437,,WT,181,17770,0
2022-04-07T17:26:22.664Z,5585cf3e1f68810ec9be80dde0e8848ab1003bbbbc95118164f7b28006a63ed9,Org1MSP,Func1,"[106"",""4""]""",Org1MSP Org2MSP ,VALID, 106 4,,,RT,181,17722,0
2022-04-07T17:26:22.664Z,5ca2a6dd75bf07125e2057ce9bf5af050b8dde7ea1e0b4b513a57782f52a5226,Org1MSP,Func4,"[10002"",""1000200"",""12278"",""1227800""]""",Org1MSP Org2MSP ,VALID,, 10002 12278,,WT,181,17725,0
2022-04-07T17:26:22.669Z,b97aa58fc3e38bc60d66df199e2a0550c9319d603f57e276ae17dfd4eb3eeac6,Org1MSP,Func4,"[10012"",""1001200"",""13640"",""1364000""]""",Org1MSP Org2MSP ,VALID,, 10012 13640,,WT,181,17756,0
2022-04-07T17:26:22.756Z,73edd04a9d95ae2b7b942688867596c80b913e4cf61b03d5aeade4eadc860ec6,Org1MSP,Func7,"[40"",""100"",""204"",""100""]""",Org1MSP Org2MSP ,VALID, 204 40, 204 40,,UT,181,17733,0
2022-04-07T17:26:22.757Z,c9f051fc014dc723c967b0d0956971c037b0c43945063a3151953367f0ee745c,Org1MSP,Func4,"[10199"",""1019900"",""10735"",""1073500""]""",Org1MSP Org2MSP ,VALID,, 10199 10735,,WT,181,17765,0
2022-04-07T17:26:22.759Z,04754630851b04f8de4fb1c653a69b682f2b114da0bfa4e85551801702fe3143,Org1MSP,Func4,"[15010"",""1501000"",""13333"",""1333300""]""",Org1MSP Org2MSP ,VALID,, 13333 15010,,WT,181,17691,0
2022-04-07T17:26:22.759Z,41a09fa61f1fa0a8a8f17d467c2bad7e8a27f54693cf738806e688764490976d,Org1MSP,Func7,"[69"",""100"",""11"",""100""]""",Org1MSP Org2MSP ,VALID, 11 69, 11 69,,UT,181,17785,0
2022-04-07T17:26:22.760Z,d499bfa1a480170aae17a38effd132d6011e80261ca5c634c4a441d474ced406,Org1MSP,Func4,"[14418"",""1441800"",""10000"",""1000000""]""",Org1MSP Org2MSP ,VALID,, 10000 14418,,WT,181,17769,0
2022-04-07T17:26:22.762Z,e12b1468cc77f0b46d862e750fc68a24eb52675ec6b74ebd3d007f2dc5745f71,Org1MSP,Func4,"[11077"",""1107700"",""10105"",""1010500""]""",Org1MSP Org2MSP ,VALID,, 10105 11077,,WT,181,17778,0
2022-04-07T17:26:22.764Z,163d67021b76b7ec325e31067916ff5dcacc2d6f373f277a9f3da83904723f76,Org1MSP,Func4,"[10533"",""1053300"",""10581"",""1058100""]""",Org1MSP Org2MSP ,VALID,, 10533 10581,,WT,181,17698,0
2022-04-07T17:26:22.764Z,b9d62e6e5650a86cbdb6ef5e396b03f86efe0f084f51d1af663a3a7098fa3080,Org1MSP,Func4,"[10000"",""1000000"",""11250"",""1125000""]""",Org1MSP Org2MSP ,VALID,, 10000 11250,,WT,181,17758,0
2022-04-07T17:26:22.768Z,9ae2efc438d1b9e795fae145454e27632c26659418ec9d49dba12fb855441b1a,Org1MSP,Func4,"[10000"",""1000000"",""10011"",""1001100""]""",Org1MSP Org2MSP ,VALID,, 10000 10011,,WT,181,17745,0
2022-04-07T17:26:22.858Z,06a35b985e8efb391c0938b2caf6b79962acfde3d370af9d6d71ab33843009a6,Org1MSP,Func7,"[305"",""100"",""374"",""100""]""",Org1MSP Org2MSP ,VALID, 305 374, 305 374,,UT,182,17790,0
2022-04-07T17:26:22.858Z,f99cacf5c236d72034d392472edfb6f3d08e75015965f5a4dd58f8ca8d45e45d,Org1MSP,Func1,"[187"",""15""]""",Org1MSP Org2MSP ,VALID, 15 187,,,RT,182,17846,0
2022-04-07T17:26:22.859Z,0f1e48c926b589c20372cdbf82ddc5534cfe8f79e281e373698cf2e6c91fcbaf,Org1MSP,Func4,"[10000"",""1000000"",""12177"",""1217700""]""",Org1MSP Org2MSP ,VALID,, 10000 12177,,WT,182,17793,0
2022-04-07T17:26:22.861Z,afc231e5649f5b7ade7649576f14f0367611e9b6fc8e8d99c484677274871ec9,Org1MSP,Func4,"[10298"",""1029800"",""10000"",""1000000""]""",Org1MSP Org2MSP ,VALID,, 10000 10298,,WT,182,17829,0
2022-04-07T17:26:22.863Z,16fa855e7db2b4b03cc1ac620caf1f82580ab07426b5d8806c2a0e72033c2144,Org1MSP,Func4,"[10001"",""1000100"",""14235"",""1423500""]""",Org1MSP Org2MSP ,VALID,, 10001 14235,,WT,182,17794,0
2022-04-07T17:26:22.863Z,398a9c8f871614ab042906b8ced30ed0152f88abe9c33e6fdea73462a0c938c4,Org1MSP,Func4,"[10012"",""1001200"",""10005"",""1000500""]""",Org1MSP Org2MSP ,VALID,, 10005 10012,,WT,182,17802,0
2022-04-07T17:26:22.865Z,9f635eaaa2d9a7651ba6a192bb19d3542828be318b2f86e840144890b8a2169f,Org1MSP,Func4,"[10009"",""1000900"",""10121"",""1012100""]""",Org1MSP Org2MSP ,VALID,, 10009 10121,,WT,182,17824,0
2022-04-07T17:26:22.866Z,7d1a5dcf9f2c2bdd61ed2d3bf76cb21d1c97d974cd7abe53dba3a45ee2d08c34,Org1MSP,Func4,"[10627"",""1062700"",""10045"",""1004500""]""",Org1MSP Org2MSP ,VALID,, 10045 10627,,WT,182,17816,0
2022-04-07T17:26:22.955Z,e0fcf353ffba9b0bcd4d01f24cc4696cc00dc8dd129d072c8dc325d2406466c0,Org1MSP,Func4,"[10002"",""1000200"",""10887"",""1088700""]""",Org1MSP Org2MSP ,VALID,, 10002 10887,,WT,182,17838,0
2022-04-07T17:26:22.957Z,ec08c3d19b33046b27da7c86b5225a1ddd093f4200ce5b0436ff57aa75b2a7fb,Org1MSP,Func4,"[10211"",""1021100"",""10138"",""1013800""]""",Org1MSP Org2MSP ,VALID,, 10138 10211,,WT,182,17842,0
2022-04-07T17:26:22.959Z,937ff05415af06d23b8f246dfdef034aa4cb427fc72702f1d3cb2720a15ff825,Org1MSP,Func7,"[240"",""100"",""80"",""100""]""",Org1MSP Org2MSP ,VALID, 240 80, 240 80,,UT,182,17823,0
2022-04-07T17:26:22.960Z,ac643811c6bfc31ad9daf2d5b1dc1024be0f2649fa49aad94312fad0f949b4ce,Org1MSP,Func4,"[10411"",""1041100"",""10114"",""1011400""]""",Org1MSP Org2MSP ,VALID,, 10114 10411,,WT,182,17827,0
2022-04-07T17:26:22.963Z,827e6efefc754bbb4379351ae37a9be248b64f3e66af25e649a2eaf2cc5ae192,Org1MSP,Func4,"[10000"",""1000000"",""10099"",""1009900""]""",Org1MSP Org2MSP ,VALID,, 10000 10099,,WT,182,17818,0
2022-04-07T17:26:22.964Z,29a10da9cf5c91ae9ba8bc611d1ad96d055a806ff2e24a1104ce629dd5391408,Org1MSP,Func4,"[11205"",""1120500"",""10015"",""1001500""]""",Org1MSP Org2MSP ,VALID,, 10015 11205,,WT,182,17799,0
2022-04-07T17:26:22.964Z,64dc22a9e79b41113bd0c58010875b068fd3c6d2e321e27c1e88ba1eaa07644d,Org1MSP,Func4,"[10010"",""1001000"",""10002"",""1000200""]""",Org1MSP Org2MSP ,VALID,, 10002 10010,,WT,182,17812,0
2022-04-07T17:26:22.965Z,510b606eb2cfc875a49134342f2fa3568f4e089abc71d6008858d58fa4ec1bf2,Org1MSP,Func4,"[10003"",""1000300"",""10050"",""1005000""]""",Org1MSP Org2MSP ,VALID,, 10003 10050,,WT,182,17806,0
2022-04-07T17:26:22.971Z,1758dff9e1289f0c7d8f30e987d01d54f4b4dc8d598b845125e0b725728c5555,Org1MSP,Func7,"[50"",""100"",""3274"",""100""]""",Org1MSP Org2MSP ,VALID, 3274 50, 3274 50,,UT,182,17795,0
2022-04-07T17:26:23.056Z,03f9f62eff8edb37383b21fb45af7352548f9c9158e3f73296b18e1e02ef6ac7,Org1MSP,Func4,"[10000"",""1000000"",""10022"",""1002200""]""",Org1MSP Org2MSP ,VALID,, 10000 10022,,WT,182,17788,0
2022-04-07T17:26:23.057Z,5b8954d0d23580c609bd60f7393d5529dafa319e31e2cb286d5b7584d5758cbe,Org1MSP,Func4,"[10009"",""1000900"",""15875"",""1587500""]""",Org1MSP Org2MSP ,VALID,, 10009 15875,,WT,182,17809,0
2022-04-07T17:26:23.058Z,7044cc01e35ff007fa69e2b200d7112eff96a226bb6388a6ddb085be77194abc,Org1MSP,Func4,"[10000"",""1000000"",""10003"",""1000300""]""",Org1MSP Org2MSP ,VALID,, 10000 10003,,WT,182,17813,0
2022-04-07T17:26:23.059Z,8510c346b17050ca654d83f050faaaf66a7d2638ea68b7927bac5fa9d18c4d6b,Org1MSP,Func4,"[10071"",""1007100"",""10412"",""1041200""]""",Org1MSP Org2MSP ,VALID,, 10071 10412,,WT,182,17819,0
2022-04-07T17:26:23.062Z,fac1aed0b6cde05aca8137cb227e70228fd055b491f66c7bf7dec432a30d62f0,Org1MSP,Func4,"[10286"",""1028600"",""10084"",""1008400""]""",Org1MSP Org2MSP ,VALID,, 10084 10286,,WT,182,17847,0
2022-04-07T17:26:23.063Z,3057b51076a208a401fed91572a7ec767a4c4519a5b875d9a452800edef3ca43,Org1MSP,Func7,"[1640"",""100"",""13"",""100""]""",Org1MSP Org2MSP ,VALID, 13 1640, 13 1640,,UT,182,17800,0
2022-04-07T17:26:23.065Z,71ba30dddef2f8473c94174e5dc05abedddb00fec0ee9681bda567ea05cadb3e,Org1MSP,Func4,"[15434"",""1543400"",""10029"",""1002900""]""",Org1MSP Org2MSP ,VALID,, 10029 15434,,WT,182,17815,0
2022-04-07T17:26:23.065Z,cb830ec953c67b065067ffdb351e549328d952aec324ae550d56d169f936d67b,Org1MSP,Func4,"[10003"",""1000300"",""10459"",""1045900""]""",Org1MSP Org2MSP ,VALID,, 10003 10459,,WT,182,17834,0
2022-04-07T17:26:23.066Z,057717ececca9e64295bde2a6912cb2fcbc8a0e4fd37065c043ed7fcdb01bfab,Org1MSP,Func1,"[45"",""4""]""",Org1MSP Org2MSP ,VALID, 4 45,,,RT,182,17789,0
2022-04-07T17:26:23.069Z,e22b0e746b297da6ac4148e2f099b8bbf875a3b0392f51e51ec39e0bcf47b088,Org1MSP,Func4,"[11151"",""1115100"",""10480"",""1048000""]""",Org1MSP Org2MSP ,VALID,, 10480 11151,,WT,182,17839,0
2022-04-07T17:26:23.156Z,a0b150d324d5a8b3263ab2dc8fdc0efc96754311b2afd9495bd42c95e26ff27f,Org1MSP,Func1,"[1"",""43""]""",Org1MSP Org2MSP ,VALID, 1 43,,,RT,182,17825,0
2022-04-07T17:26:23.157Z,bcee5a2d2c66c6dc49c5b791c8fa1bfdc4b1877caa518ed65511df7939916581,Org1MSP,Func4,"[10488"",""1048800"",""12186"",""1218600""]""",Org1MSP Org2MSP ,VALID,, 10488 12186,,WT,182,17832,0
2022-04-07T17:26:23.158Z,010fa5276e0dcbf10f7a8b3c6099a867b34920807fd3e3db2dae0f1de23ab52d,Org1MSP,Func4,"[10682"",""1068200"",""10115"",""1011500""]""",Org1MSP Org2MSP ,VALID,, 10115 10682,,WT,182,17787,0
2022-04-07T17:26:23.160Z,28d4c5d925d5ff1a6efbbe8e401cf328000ba5285d5ef599353b327ed9afffaa,Org1MSP,Func7,"[717"",""100"",""169"",""100""]""",Org1MSP Org2MSP ,VALID, 169 717, 169 717,,UT,182,17798,0
2022-04-07T17:26:23.160Z,60d09de4323bc4ecdfd656e5d62fefd96001d59a16fb3363e14f20a2dfdf2a58,Org1MSP,Func4,"[10307"",""1030700"",""10006"",""1000600""]""",Org1MSP Org2MSP ,VALID,, 10006 10307,,WT,182,17810,0
2022-04-07T17:26:23.160Z,ff30e8d36be78b37f2886f677ca7e802b5ba91d6b3984e39f1593fc1fc4718ff,Org1MSP,Func4,"[11286"",""1128600"",""10342"",""1034200""]""",Org1MSP Org2MSP ,VALID,, 10342 11286,,WT,182,17848,0
2022-04-07T17:26:23.162Z,8e7e810941b8f048efcd0600ab21e5f275e8347282bc313dd18db3c2a822914a,Org1MSP,Func4,"[10002"",""1000200"",""10245"",""1024500""]""",Org1MSP Org2MSP ,VALID,, 10002 10245,,WT,182,17822,0
2022-04-07T17:26:23.163Z,812ffd74e736a8e1534b186bfcd0712be40c139844c778276ff233abd840285b,Org1MSP,Func4,"[10001"",""1000100"",""10274"",""1027400""]""",Org1MSP Org2MSP ,VALID,, 10001 10274,,WT,182,17817,0
2022-04-07T17:26:23.164Z,87e809e5c1bf929a916f5c8f026fbe5a06bccc7b4b994f9859578c1cea4e581a,Org1MSP,Func4,"[10005"",""1000500"",""10063"",""1006300""]""",Org1MSP Org2MSP ,VALID,, 10005 10063,,WT,182,17821,0
2022-04-07T17:26:23.166Z,b3c6cca22478e13d18441f83e0279e7ff19c0417ba794b5901c91be8f0d2cb61,Org1MSP,Func4,"[12564"",""1256400"",""10068"",""1006800""]""",Org1MSP Org2MSP ,VALID,, 10068 12564,,WT,182,17831,0
2022-04-07T17:26:23.255Z,878a05005dea7f84384a8accd4554c5d3aad837cbe5a0e2507979feca9f1f48f,Org1MSP,Func4,"[10054"",""1005400"",""10001"",""1000100""]""",Org1MSP Org2MSP ,VALID,, 10001 10054,,WT,182,17820,0
2022-04-07T17:26:23.257Z,0f12755bc24beb237eb3a12af9e12bd67c4af556de0eb739f0850ed29e6ce84b,Org1MSP,Func4,"[10108"",""1010800"",""16857"",""1685700""]""",Org1MSP Org2MSP ,VALID,, 10108 16857,,WT,182,17792,0
2022-04-07T17:26:23.257Z,f3fe6c61ea82f032583d4a17a785aa0f310ac00498a4e0202a8a084f875af768,Org1MSP,Func1,"[4"",""3""]""",Org1MSP Org2MSP ,VALID, 3 4,,,RT,182,17845,0
2022-04-07T17:26:23.260Z,f0bc4bab22bd722d198920a71b5d19f00cfa3ee5ad50d5a19d7f29581478ad6f,Org1MSP,Func4,"[10720"",""1072000"",""18444"",""1844400""]""",Org1MSP Org2MSP ,VALID,, 10720 18444,,WT,182,17844,0
2022-04-07T17:26:23.261Z,3fc6cf7ed08ab0078dbe4632beac372a5628c3263440d2fc3326a6f839aca04f,Org1MSP,Func4,"[10021"",""1002100"",""17859"",""1785900""]""",Org1MSP Org2MSP ,VALID,, 10021 17859,,WT,182,17804,0
2022-04-07T17:26:23.261Z,ce01bb20a2939293e2d4d6dacf1961752cff8ce52e3f25e198b3742574b221e4,Org1MSP,Func1,"[148"",""6748""]""",Org1MSP Org2MSP ,VALID, 148 6748,,,RT,182,17835,0
2022-04-07T17:26:23.263Z,b0610472abfcd90b87c190bb1cd4c3ab885913b829bc8da54eed50a3ee5133d4,Org1MSP,Func4,"[14038"",""1403800"",""10001"",""1000100""]""",Org1MSP Org2MSP ,VALID,, 10001 14038,,WT,182,17830,0
2022-04-07T17:26:23.265Z,283f11faf80139cf3033f18466884ab291460a597be0ed5b09fd7259e0b35eeb,Org1MSP,Func4,"[10411"",""1041100"",""10006"",""1000600""]""",Org1MSP Org2MSP ,VALID,, 10006 10411,,WT,182,17797,0
2022-04-07T17:26:23.267Z,ead5e6c3fb362892d50971e7035b2954c0341116a75fc1f9eef69f9722492e5f,Org1MSP,Func4,"[10263"",""1026300"",""10392"",""1039200""]""",Org1MSP Org2MSP ,VALID,, 10263 10392,,WT,182,17840,0
2022-04-07T17:26:23.357Z,642556a0042e3430035b0a6194622d5c77446686d44b721f309887c2e9fee674,Org1MSP,Func1,"[2"",""33""]""",Org1MSP Org2MSP ,VALID, 2 33,,,RT,182,17811,0
2022-04-07T17:26:23.358Z,d21d238e3841fed3c56f1aa0e3864e7a9e8d15ce173f8948211d290ee1337568,Org1MSP,Func4,"[10190"",""1019000"",""10132"",""1013200""]""",Org1MSP Org2MSP ,VALID,, 10132 10190,,WT,182,17837,0
2022-04-07T17:26:23.359Z,53efdcf31ac21d35dda9cf764c872737aa99e3c07107cf386ad90fa2695c9df5,Org1MSP,Func1,"[584"",""3708""]""",Org1MSP Org2MSP ,VALID, 3708 584,,,RT,182,17808,0
2022-04-07T17:26:23.360Z,4cddd3e22600d9fd90875d608d0dc1c576a757ce6c15244544ba504ae6a3d2cd,Org1MSP,Func4,"[10004"",""1000400"",""11130"",""1113000""]""",Org1MSP Org2MSP ,VALID,, 10004 11130,,WT,182,17805,0
2022-04-07T17:26:23.361Z,ec2fadb7ee88cf0a2915ceaa59885143d4923609ea8957c1dcdadd81581eb393,Org1MSP,Func4,"[10011"",""1001100"",""13546"",""1354600""]""",Org1MSP Org2MSP ,VALID,, 10011 13546,,WT,182,17843,0
2022-04-07T17:26:23.362Z,377fad99fee8059e823ca42432f6275767259c1f9ca694753f76a08a311f630c,Org1MSP,Func1,"[36"",""2""]""",Org1MSP Org2MSP ,VALID, 2 36,,,RT,182,17801,0
2022-04-07T17:26:23.363Z,0ec30c33a4c2ed40694bac8f7111d85589dd77bc0811fab58a6f71ff0533c395,Org1MSP,Func4,"[10000"",""1000000"",""10000"",""1000000""]""",Org1MSP Org2MSP ,VALID,, 10000,,WT,182,17791,0
2022-04-07T17:26:23.366Z,000404d8a7436e48bf56e62bd1334f431cc9bfa0fc1843af972c3855fce8b0c8,Org1MSP,Func7,"[28"",""100"",""7341"",""100""]""",Org1MSP Org2MSP ,VALID, 28 7341, 28 7341,,UT,182,17786,0
2022-04-07T17:26:23.366Z,70c4ac8a5c926041550cc7f6fc79da658b6a68cbc9d7be3103af6e15723d4519,Org1MSP,Func1,"[418"",""7""]""",Org1MSP Org2MSP ,VALID, 418 7,,,RT,182,17814,0
2022-04-07T17:26:23.455Z,d1948047caeffab155627032109fcd032d2400540c644092ec453f2d6f1d0da5,Org1MSP,Func4,"[10967"",""1096700"",""17971"",""1797100""]""",Org1MSP Org2MSP ,VALID,, 10967 17971,,WT,182,17836,0
2022-04-07T17:26:23.458Z,1fca3b4d2b6b61746ae0781e5de6976d693522bcbf8f778bf7795eccbce34dc4,Org1MSP,Func4,"[10008"",""1000800"",""10001"",""1000100""]""",Org1MSP Org2MSP ,VALID,, 10001 10008,,WT,182,17796,0
2022-04-07T17:26:23.458Z,eae79f5ff9a946b8f64e55388ab49817e504de955bdf2a259175898c95b8f58b,Org1MSP,Func1,"[5"",""5""]""",Org1MSP Org2MSP ,VALID, 5,,,RT,182,17841,0
2022-04-07T17:26:23.459Z,5369d72f64133793aeb001b18580d45dabe7bcd60557c201d95b7102280c5a8a,Org1MSP,Func4,"[10025"",""1002500"",""10041"",""1004100""]""",Org1MSP Org2MSP ,VALID,, 10025 10041,,WT,182,17807,0
2022-04-07T17:26:23.460Z,c198927a4f1851189767949e4aee89ed44cfa403db47e4ae7ceca86d7589e3f0,Org1MSP,Func4,"[10003"",""1000300"",""10001"",""1000100""]""",Org1MSP Org2MSP ,VALID,, 10001 10003,,WT,182,17833,0
2022-04-07T17:26:23.462Z,3d2163cf633f9f8b65162717e5eed3355aad1c1f1ce38222d4048f78d40b2411,Org1MSP,Func1,"[1"",""882""]""",Org1MSP Org2MSP ,VALID, 1 882,,,RT,182,17803,0
2022-04-07T17:26:23.462Z,a858ea4c5016e3a8fcd8c5c06a557c7f3b50752307d7cd2d83c6a76ccd2b3804,Org1MSP,Func4,"[10021"",""1002100"",""10001"",""1000100""]""",Org1MSP Org2MSP ,VALID,, 10001 10021,,WT,182,17826,0
2022-04-07T17:26:23.464Z,af1b3ec9d8b2e23a080f655253a26e699ad12f2f41eeb71046667a2a7258c72c,Org1MSP,Func1,"[150"",""8""]""",Org1MSP Org2MSP ,VALID, 150 8,,,RT,182,17828,0
2022-04-07T17:26:23.555Z,db255739ebd4cafafc4b9953ea26114d13c3ff6eb12eac47a28f196c732bac9e,Org1MSP,Func4,"[17750"",""1775000"",""10272"",""1027200""]""",Org1MSP Org2MSP ,VALID,, 10272 17750,,WT,183,17967,0
2022-04-07T17:26:23.557Z,b3ae5b79deed83d088545e1a44d2e5eda63fd62de580e6bb72cc091045611e52,Org1MSP,Func1,"[82"",""8""]""",Org1MSP Org2MSP ,ENDORSEMENT_POLICY_FAILURE, 8 82,,,RT,183,17945,0
2022-04-07T17:26:23.558Z,8ffab3ce94936a665a35005b6a9260fa9d483e361baa1c58e089e1c6c8b4a58b,Org1MSP,Func7,"[419"",""100"",""148"",""100""]""",Org1MSP Org2MSP ,ENDORSEMENT_POLICY_FAILURE, 148 419, 148 419,,UT,183,17928,0
2022-04-07T17:26:23.559Z,0d969d539989c8877be3a9067d1bf0f3e777f352ea27b7e305d4d3f9175e2432,Org1MSP,Func1,"[188"",""3""]""",Org1MSP Org2MSP ,ENDORSEMENT_POLICY_FAILURE, 188 3,,,RT,183,17855,0
2022-04-07T17:26:23.562Z,785241abc804c5973d96678058792f8f4bee49ab6f2b9f3f76e85c7659a9714b,Org1MSP,Func1,"[1"",""327""]""",Org1MSP Org2MSP ,ENDORSEMENT_POLICY_FAILURE, 1 327,,,RT,183,17918,0
2022-04-07T17:26:23.562Z,d08798a333ce3b36d3e725ac1180be4fb3777c2ff7cf11188af5dee2486cd7e4,Org1MSP,Func4,"[10368"",""1036800"",""10135"",""1013500""]""",Org1MSP Org2MSP ,VALID,, 10135 10368,,WT,183,17958,0
2022-04-07T17:26:23.562Z,d200f5adc850592dc76743eb4248810c4872d56ae1c3c66e3e853816fe9381c2,Org1MSP,Func4,"[10225"",""1022500"",""10036"",""1003600""]""",Org1MSP Org2MSP ,VALID,, 10036 10225,,WT,183,17960,0
2022-04-07T17:26:23.563Z,6aad2b521561da4700bbd6016d51b06c85b28c0c4c87d438356cec4ffa678651,Org1MSP,Func4,"[10003"",""1000300"",""10074"",""1007400""]""",Org1MSP Org2MSP ,VALID,, 10003 10074,,WT,183,17914,0
2022-04-07T17:26:23.564Z,810f737a07554ebbfd81ce2dd7aa044835ea3c518090ab18d1033ab258d3b491,Org1MSP,Func7,"[8"",""100"",""2779"",""100""]""",Org1MSP Org2MSP ,ENDORSEMENT_POLICY_FAILURE, 2779 8, 2779 8,,UT,183,17980,0
2022-04-07T17:26:23.567Z,41198bdd561c3f13a7444e200ed344fe814353f297204024c8ea4f1aa32947de,Org1MSP,Func7,"[31"",""100"",""62"",""100""]""",Org1MSP Org2MSP ,ENDORSEMENT_POLICY_FAILURE, 31 62, 31 62,,UT,183,17887,0
2022-04-07T17:26:23.655Z,266874836b3ad6288a02d34696184bb757ba2c9edb649106428c9b5595a0fce2,Org1MSP,Func4,"[10003"",""1000300"",""10006"",""1000600""]""",Org1MSP Org2MSP ,VALID,, 10003 10006,,WT,183,17872,0
2022-04-07T17:26:23.657Z,cc294d82073a8aea907d3d9fa54cd39360dd65f1772b7cb413b2237a90ae0d0b,Org1MSP,Func4,"[10061"",""1006100"",""14010"",""1401000""]""",Org1MSP Org2MSP ,VALID,, 10061 14010,,WT,183,17956,0
2022-04-07T17:26:23.659Z,0226db68fd11c64a6b5d6de63da172e8b6d24398a5753cec6e77bcc2bbc635ef,Org1MSP,Func4,"[10161"",""1016100"",""10020"",""1002000""]""",Org1MSP Org2MSP ,VALID,, 10020 10161,,WT,183,17849,0
2022-04-07T17:26:23.660Z,1cb3b93b921528ea2347d1d2a0b41c24758cc797d0ad6f10385554ca0bdedc0c,Org1MSP,Func1,"[208"",""290""]""",Org1MSP Org2MSP ,VALID, 208 290,,,RT,183,17862,0
2022-04-07T17:26:23.660Z,65f2c4d3236d12e78921966e94cbddaf9cb386e9bdf26e42db28029493b6496c,Org1MSP,Func4,"[10135"",""1013500"",""10449"",""1044900""]""",Org1MSP Org2MSP ,VALID,, 10135 10449,,WT,183,17911,0
2022-04-07T17:26:23.661Z,e442aef9aff3cca9570c04d29267215ed6fe9b352b04b382cdda8045fb07c3ce,Org1MSP,Func4,"[10023"",""1002300"",""10001"",""1000100""]""",Org1MSP Org2MSP ,VALID,, 10001 10023,,WT,183,17970,0
2022-04-07T17:26:23.662Z,40a8c213258aa4dcc025ff6db6bdb7876f80142ae6ed24af911a0d82da1f4724,Org1MSP,Func4,"[10019"",""1001900"",""10024"",""1002400""]""",Org1MSP Org2MSP ,VALID,, 10019 10024,,WT,183,17886,0
2022-04-07T17:26:23.664Z,a596c84ae65a86cd78d4a842ba2d2af331db092cea30408891703779dd70e442,Org1MSP,Func4,"[10031"",""1003100"",""11261"",""1126100""]""",Org1MSP Org2MSP ,VALID,, 10031 11261,,WT,183,17937,0
2022-04-07T17:26:23.666Z,94d7f8aa0c9532a427723c14976a613fdbe367e3262ac36910965dba51fd6602,Org1MSP,Func1,"[10"",""120""]""",Org1MSP Org2MSP ,VALID, 10 120,,,RT,183,17931,0
2022-04-07T17:26:23.667Z,b2473d810ac9e5d34f05cbd3b3ed60de51b097e0b335ad64e296b63b42bbe529,Org1MSP,Func4,"[10020"",""1002000"",""10154"",""1015400""]""",Org1MSP Org2MSP ,VALID,, 10020 10154,,WT,183,17944,0
2022-04-07T17:26:23.756Z,0297de7bd11be323150b29df9876ee30f8ed5b67499963549de8e02a76d94659,Org1MSP,Func4,"[10005"",""1000500"",""10250"",""1025000""]""",Org1MSP Org2MSP ,VALID,, 10005 10250,,WT,183,17850,0
2022-04-07T17:26:23.757Z,23fc0d5f1d9248bae0e4fa984e2e6a35315ee26269b55458d0d50761a6cb0fb8,Org1MSP,Func4,"[10034"",""1003400"",""10000"",""1000000""]""",Org1MSP Org2MSP ,VALID,, 10000 10034,,WT,183,17869,0
2022-04-07T17:26:23.757Z,a2460fce1cc0528b7f372ae78e46b3377131976bb3e40f761ea83224f85ae402,Org1MSP,Func4,"[10028"",""1002800"",""10019"",""1001900""]""",Org1MSP Org2MSP ,VALID,, 10019 10028,,WT,183,17936,0
2022-04-07T17:26:23.760Z,0e39731188dc604f724347e31da85ed884c395ac86cbcda374069ac565451dc3,Org1MSP,Func4,"[13228"",""1322800"",""10364"",""1036400""]""",Org1MSP Org2MSP ,VALID,, 10364 13228,,WT,183,17856,0
2022-04-07T17:26:23.762Z,f9516d620941eb3a17ce65f63ab5a661d9091b2bbcccfd70bfd9bc48fb7c37e6,Org1MSP,Func7,"[213"",""100"",""1798"",""100""]""",Org1MSP Org2MSP ,VALID, 1798 213, 1798 213,,UT,183,17972,0
2022-04-07T17:26:23.763Z,4388dae18ec96fae0315e14adab9d44d28875bb7bbf64e0417f5872aaeeab02e,Org1MSP,Func1,"[2669"",""4""]""",Org1MSP Org2MSP ,VALID, 2669 4,,,RT,183,17889,0
2022-04-07T17:26:23.763Z,d22f08a01e7f92cf2053886cb4bd356c1a914fd097970fb4b592b7ecde1d0486,Org1MSP,Func4,"[10000"",""1000000"",""10013"",""1001300""]""",Org1MSP Org2MSP ,VALID,, 10000 10013,,WT,183,17961,0
2022-04-07T17:26:23.764Z,ae766f0421924180b231a3cee069ae3f312dea16a21c57ef0fa1e75106002fbf,Org1MSP,Func1,"[72"",""218""]""",Org1MSP Org2MSP ,VALID, 218 72,,,RT,183,17942,0
2022-04-07T17:26:23.767Z,d2e887313b2d69be239d0e702aaea1d58bc18ff97673e96ddc82e188c7909981,Org1MSP,Func4,"[10000"",""1000000"",""16894"",""1689400""]""",Org1MSP Org2MSP ,VALID,, 10000 16894,,WT,183,17962,0
2022-04-07T17:26:23.855Z,ee2ac0d142972b06255052363f80a71d0696cb2cc2a35803a9b4121d76c08724,Org1MSP,Func7,"[3"",""100"",""60"",""100""]""",Org1MSP Org2MSP ,VALID, 3 60, 3 60,,UT,183,17977,0
2022-04-07T17:26:23.857Z,14503357626697e8b7573498e9c2744a7098fe4578a5c191c4d50eea4401eee8,Org1MSP,Func4,"[10009"",""1000900"",""10411"",""1041100""]""",Org1MSP Org2MSP ,VALID,, 10009 10411,,WT,183,17860,0
2022-04-07T17:26:23.857Z,207c66b6db9ab5d05d68f523f118b0b505964483d89e28a81cfac3b807b43135,Org1MSP,Func1,"[6887"",""1979""]""",Org1MSP Org2MSP ,VALID, 1979 6887,,,RT,183,17864,0
2022-04-07T17:26:23.859Z,13e9c23929952e261eb13513dbe7443401518d505006d727ffcc62268c5a5aba,Org1MSP,Func7,"[357"",""100"",""143"",""100""]""",Org1MSP Org2MSP ,VALID, 143 357, 143 357,,UT,183,17859,0
2022-04-07T17:26:23.860Z,9461be47f8367b63d36d890c27e63471f7b87830b923a5676b477a7ca0408802,Org1MSP,Func4,"[10218"",""1021800"",""10000"",""1000000""]""",Org1MSP Org2MSP ,VALID,, 10000 10218,,WT,183,17929,0
2022-04-07T17:26:23.862Z,4a89a26569bbb49ff0687b34a793d955d9e14ef7fdacc5e85c4d8b4fc95eed03,Org1MSP,Func7,"[38"",""100"",""1385"",""100""]""",Org1MSP Org2MSP ,VALID, 1385 38, 1385 38,,UT,183,17894,0
2022-04-07T17:26:23.863Z,3a83f5bcc7e1a977521bf49bf80661f345e62d1c1c49b801bc278391f753106c,Org1MSP,Func4,"[10018"",""1001800"",""10061"",""1006100""]""",Org1MSP Org2MSP ,VALID,, 10018 10061,,WT,183,17881,0
2022-04-07T17:26:23.863Z,a14b61aada602ffda61e1ac1cac847f963b46e618ea2e63ec7329a2597827d07,Org1MSP,Func4,"[10008"",""1000800"",""10023"",""1002300""]""",Org1MSP Org2MSP ,VALID,, 10008 10023,,WT,183,17935,0
2022-04-07T17:26:23.864Z,a809b7de5a96951e76556a4387b4353563d24cca4a565da640dc5891e16c161c,Org1MSP,Func4,"[10574"",""1057400"",""10012"",""1001200""]""",Org1MSP Org2MSP ,VALID,, 10012 10574,,WT,183,17939,0
2022-04-07T17:26:23.868Z,4e6f1c2a30c6beeace86f5d8233348768df97a9bceeb1a66507097aeb4c13541,Org1MSP,Func4,"[13769"",""1376900"",""10000"",""1000000""]""",Org1MSP Org2MSP ,VALID,, 10000 13769,,WT,183,17897,0
2022-04-07T17:26:23.956Z,95b457c4d1cbeddbad8f1557040f28db83c3af55ad8acee6587ee51cdc10f126,Org1MSP,Func1,"[1604"",""7""]""",Org1MSP Org2MSP ,VALID, 1604 7,,,RT,183,17933,0
2022-04-07T17:26:23.962Z,30c185b854ff15b8dfb4de11459ba2feec8748fdc5414e638c407c5382880aac,Org1MSP,Func1,"[141"",""4""]""",Org1MSP Org2MSP ,VALID, 141 4,,,RT,183,17878,0
2022-04-07T17:26:23.962Z,3e6059858b8510c4b91861850e475e15c6e26048e8eb9664d8dd968adb49f219,Org1MSP,Func1,"[1103"",""251""]""",Org1MSP Org2MSP ,VALID, 1103 251,,,RT,183,17884,0
2022-04-07T17:26:23.962Z,ade9c0f523d84231421c2ce4d33637b130b805c273f4706e11f917f91e2e3bfb,Org1MSP,Func4,"[10007"",""1000700"",""10148"",""1014800""]""",Org1MSP Org2MSP ,VALID,, 10007 10148,,WT,183,17941,0
2022-04-07T17:26:23.963Z,d1535bbf004d086f9259f29085676e59204c3afe2c6ecf072adce133b959cba7,Org1MSP,Func4,"[11204"",""1120400"",""10019"",""1001900""]""",Org1MSP Org2MSP ,VALID,, 10019 11204,,WT,183,17959,0
2022-04-07T17:26:23.964Z,c840db286038f3260acc27e8112aebc038a9181ad6ca7a07bb3575ba596d54a1,Org1MSP,Func4,"[11918"",""1191800"",""10002"",""1000200""]""",Org1MSP Org2MSP ,VALID,, 10002 11918,,WT,183,17955,0
2022-04-07T17:26:23.964Z,fa32ec4d205baa7c3f8147e56fcbfa15465147e8379e7223bede111133acc9ed,Org1MSP,Func4,"[10403"",""1040300"",""12643"",""1264300""]""",Org1MSP Org2MSP ,VALID,, 10403 12643,,WT,183,17973,0
2022-04-07T17:26:23.965Z,2d5b67f4569f0c2a9558534b36c8d6d2b9e595b8b92d2544db0f1452f6534eec,Org1MSP,Func4,"[10496"",""1049600"",""10046"",""1004600""]""",Org1MSP Org2MSP ,VALID,, 10046 10496,,WT,183,17876,0
2022-04-07T17:26:23.974Z,fb9d617629c0b018f7b9b7dedb2b93955919e5593b1f0cdd5b08c164bbd8fefd,Org1MSP,Func1,"[11"",""5""]""",Org1MSP Org2MSP ,VALID, 11 5,,,RT,183,17974,0
2022-04-07T17:26:24.056Z,5046b583ebd3146af90acb03ede2d6bec8b58e4108f55dd4fe2aee733a7ba641,Org1MSP,Func4,"[10013"",""1001300"",""10052"",""1005200""]""",Org1MSP Org2MSP ,VALID,, 10013 10052,,WT,183,17898,0
2022-04-07T17:26:24.062Z,d9a3909a7fe5b612be6ecd32a269fc98b1e349d5fe6ee2f4c2d833ce1fe6cf31,Org1MSP,Func4,"[10000"",""1000000"",""10004"",""1000400""]""",Org1MSP Org2MSP ,VALID,, 10000 10004,,WT,183,17966,0
2022-04-07T17:26:24.063Z,5d05f52e6b6921c3691e811db4b13a9bb73aadd08a7bdca584193ae83a4b867c,Org1MSP,Func4,"[10979"",""1097900"",""11090"",""1109000""]""",Org1MSP Org2MSP ,VALID,, 10979 11090,,WT,183,17904,0
2022-04-07T17:26:24.067Z,d86056aad4f2b56ac485ea4197fbfb1a185122d69faf13e3d9ea8c9f0ea77d0c,Org1MSP,Func1,"[52"",""253""]""",Org1MSP Org2MSP ,ENDORSEMENT_POLICY_FAILURE, 253 52,,,RT,183,17965,0
2022-04-07T17:26:24.067Z,e1316e2493a1972e12de822b805220a74427c4ce85a2db6de5f9a8337c2898ae,Org1MSP,Func4,"[12215"",""1221500"",""10016"",""1001600""]""",Org1MSP Org2MSP ,VALID,, 10016 12215,,WT,183,17969,0
2022-04-07T17:26:24.070Z,8751e8b6cb37616a3f97de096194d2402296473abc49fc706bad4faa44b029bf,Org1MSP,Func7,"[6"",""100"",""29"",""100""]""",Org1MSP Org2MSP ,ENDORSEMENT_POLICY_FAILURE, 29 6, 29 6,,UT,183,17924,0
2022-04-07T17:26:24.072Z,60f562529a2b2fa9e9e0917455b37210a82e11161ea15623b1b1d91558d64c74,Org1MSP,Func4,"[12680"",""1268000"",""10445"",""1044500""]""",Org1MSP Org2MSP ,VALID,, 10445 12680,,WT,183,17908,0
2022-04-07T17:26:24.075Z,22be3973f71440bfb55dffd2cbbe07010876f44d76d148671eca4a5072a602d4,Org1MSP,Func4,"[10740"",""1074000"",""10008"",""1000800""]""",Org1MSP Org2MSP ,VALID,, 10008 10740,,WT,183,17867,0
2022-04-07T17:26:24.075Z,d5ba70f1e3223ac58229828ce6f1f2b4b13bed0a628f96741cf1a42822841835,Org1MSP,Func4,"[10010"",""1001000"",""10040"",""1004000""]""",Org1MSP Org2MSP ,VALID,, 10010 10040,,WT,183,17963,0
2022-04-07T17:26:24.081Z,2403a8300d768539035324442ac1a26a1828002e64b452594700e49c93f15961,Org1MSP,Func4,"[11073"",""1107300"",""10490"",""1049000""]""",Org1MSP Org2MSP ,VALID,, 10490 11073,,WT,183,17870,0
2022-04-07T17:26:24.157Z,368b67fb6fb9a06fb4387c5de0b952105fd11a168b6ff04f1882501d7f46dcc1,Org1MSP,Func4,"[10002"",""1000200"",""10001"",""1000100""]""",Org1MSP Org2MSP ,VALID,, 10001 10002,,WT,183,17880,0
2022-04-07T17:26:24.157Z,f38727520e67b5e8103a1fa56113d5dc7ce19ed1f33e30eaebd98341c9694ce9,Org1MSP,Func7,"[1"",""100"",""2"",""100""]""",Org1MSP Org2MSP ,VALID, 1 2, 1 2,,UT,183,17979,0
2022-04-07T17:26:24.160Z,3b59b6b22acb8bf8d827941c1d800e6eead9e34870341bf7fd74d986d47c96eb,Org1MSP,Func4,"[10374"",""1037400"",""10135"",""1013500""]""",Org1MSP Org2MSP ,VALID,, 10135 10374,,WT,183,17882,0
2022-04-07T17:26:24.160Z,83290d7fe26d8bd8ecbbc78e996914058e5c4e8f02855e6f5b435ff3178fe24d,Org1MSP,Func4,"[10597"",""1059700"",""10000"",""1000000""]""",Org1MSP Org2MSP ,VALID,, 10000 10597,,WT,183,17922,0
2022-04-07T17:26:24.161Z,4d11463adbb836e93dbb69b1d53582621ef4a7aadf0143e5d98f0d6bfb5ba16a,Org1MSP,Func4,"[13416"",""1341600"",""18091"",""1809100""]""",Org1MSP Org2MSP ,VALID,, 13416 18091,,WT,183,17896,0
2022-04-07T17:26:24.161Z,557c814d237fdaf02b4adef38f056eda9a895a79d1cab73edb523ebb1faecb17,Org1MSP,Func7,"[4"",""100"",""65"",""100""]""",Org1MSP Org2MSP ,VALID, 4 65, 4 65,,UT,183,17978,0
2022-04-07T17:26:24.162Z,422aec25f60de27001091c73c395c19a7db9ab877d564560c2946f9f0f8f4688,Org1MSP,Func1,"[2"",""1""]""",Org1MSP Org2MSP ,VALID, 1 2,,,RT,183,17888,0
2022-04-07T17:26:24.163Z,b77f58620f4fb0ba8f997534a8b7235bab5c54910eb78f58a3baf691dbf81795,Org1MSP,Func4,"[10135"",""1013500"",""10183"",""1018300""]""",Org1MSP Org2MSP ,VALID,, 10135 10183,,WT,183,17948,0
2022-04-07T17:26:24.165Z,fe4c24964080f12d42008250bc2787b655e68a9ddc864b8fa8eecc5d40efbac1,Org1MSP,Func7,"[402"",""100"",""3396"",""100""]""",Org1MSP Org2MSP ,VALID, 3396 402, 3396 402,,UT,183,17975,0
2022-04-07T17:26:24.167Z,2183d73d75fa594f1b097917a4770370225dc416a32df380d3e794f4405c9dd8,Org1MSP,Func4,"[10075"",""1007500"",""10001"",""1000100""]""",Org1MSP Org2MSP ,VALID,, 10001 10075,,WT,183,17866,0
2022-04-07T17:26:24.256Z,47764647a4449bb953e39822746a4019895ea89a42708939589d67269f33c273,Org1MSP,Func1,"[1295"",""191""]""",Org1MSP Org2MSP ,VALID, 1295 191,,,RT,183,17891,0
2022-04-07T17:26:24.257Z,6e312b27542624f759169212dd5d0e06f2456c1ddaba37a2db6543ec4ca8af4e,Org1MSP,Func4,"[10001"",""1000100"",""12675"",""1267500""]""",Org1MSP Org2MSP ,VALID,, 10001 12675,,WT,183,17915,0
2022-04-07T17:26:24.259Z,2951d71e41cfe864a45f4de1cee632d5fc8ae55478c0e1b4b145e06418408961,Org1MSP,Func4,"[10003"",""1000300"",""10002"",""1000200""]""",Org1MSP Org2MSP ,VALID,, 10002 10003,,WT,183,17874,0
2022-04-07T17:26:24.259Z,df640fe21fbf2bec3f338cf8773b721fbd54f75533d9d80fd0ad55386e2e31d9,Org1MSP,Func4,"[10005"",""1000500"",""10001"",""1000100""]""",Org1MSP Org2MSP ,VALID,, 10001 10005,,WT,183,17968,0
2022-04-07T17:26:24.260Z,657129c1266174c580f0f951f3deed16f00d29327c495e0e847e085034a84bb8,Org1MSP,Func4,"[10354"",""1035400"",""10001"",""1000100""]""",Org1MSP Org2MSP ,VALID,, 10001 10354,,WT,183,17910,0
2022-04-07T17:26:24.261Z,a5d1eba24074621fa916bc8c7c1d476a5b47747c2d9a634744776bb905423fab,Org1MSP,Func4,"[10046"",""1004600"",""13471"",""1347100""]""",Org1MSP Org2MSP ,VALID,, 10046 13471,,WT,183,17938,0
2022-04-07T17:26:24.263Z,09d56a05f00bef48c7642d072ae3fdd453971df4ef3d50d8db66f20707abf7eb,Org1MSP,Func4,"[12787"",""1278700"",""10003"",""1000300""]""",Org1MSP Org2MSP ,VALID,, 10003 12787,,WT,183,17854,0
2022-04-07T17:26:24.263Z,24297ef61eb3251d4a7850bab23f80ce7d7f1981c7f0f1da469b451ab36bfc71,Org1MSP,Func4,"[10430"",""1043000"",""10669"",""1066900""]""",Org1MSP Org2MSP ,VALID,, 10430 10669,,WT,183,17871,0
2022-04-07T17:26:24.264Z,ce11dfe429b54e085b961667b223b915ba3db32e5920e2a9da0837954982359f,Org1MSP,Func4,"[11293"",""1129300"",""10353"",""1035300""]""",Org1MSP Org2MSP ,VALID,, 10353 11293,,WT,183,17957,0
2022-04-07T17:26:24.268Z,d5cc33ee224b736bb5fb46612b8011f9587d9ddd6f19d762d238c229273aaf90,Org1MSP,Func7,"[606"",""100"",""8019"",""100""]""",Org1MSP Org2MSP ,VALID, 606 8019, 606 8019,,UT,183,17964,0
2022-04-07T17:26:24.357Z,485c88b2ee36996f5a452a8ed08ca64ae350af51caac6c699d7ee8788d13f099,Org1MSP,Func1,"[364"",""1""]""",Org1MSP Org2MSP ,VALID, 1 364,,,RT,183,17892,0
2022-04-07T17:26:24.359Z,49c02e6962bca76a745a1b26e4cc261a4d8b9a406dbe5280a43d725a07faeb1e,Org1MSP,Func4,"[10002"",""1000200"",""10290"",""1029000""]""",Org1MSP Org2MSP ,VALID,, 10002 10290,,WT,183,17893,0
2022-04-07T17:26:24.363Z,c3f5cbaace80e063004ad9e77fac9a6d9bc62e95fbf9f407ff7298eef6471881,Org1MSP,Func4,"[10003"",""1000300"",""10005"",""1000500""]""",Org1MSP Org2MSP ,VALID,, 10003 10005,,WT,183,17951,0
2022-04-07T17:26:24.364Z,882cea4b89b3860fd45f38ef6c0f9232a3b300e34cdbce537f74bcb94863ebe7,Org1MSP,Func4,"[15510"",""1551000"",""10002"",""1000200""]""",Org1MSP Org2MSP ,VALID,, 10002 15510,,WT,183,17926,0
2022-04-07T17:26:24.364Z,bfab312acd1adfac55df848e1c7e484997655c0dc1e2ec9c4aa0f5343ba4f9ab,Org1MSP,Func4,"[17114"",""1711400"",""11398"",""1139800""]""",Org1MSP Org2MSP ,VALID,, 11398 17114,,WT,183,17950,0
2022-04-07T17:26:24.364Z,c7e95bdf85ba217c6f333ec523f2e231ed4a613f8bbd9ec1e1a4b769e0fc0ef2,Org1MSP,Func4,"[10715"",""1071500"",""10002"",""1000200""]""",Org1MSP Org2MSP ,VALID,, 10002 10715,,WT,183,17954,0
2022-04-07T17:26:24.365Z,21028b3a21953a82114427544fdc04eea8eb6a69bd4d150acc99f799d023e542,Org1MSP,Func4,"[12647"",""1264700"",""10000"",""1000000""]""",Org1MSP Org2MSP ,VALID,, 10000 12647,,WT,183,17865,0
2022-04-07T17:26:24.366Z,e675b78118fee43540e781b48b16809e468414386da79a5f7c528f583fc20672,Org1MSP,Func4,"[12616"",""1261600"",""10000"",""1000000""]""",Org1MSP Org2MSP ,VALID,, 10000 12616,,WT,183,17971,0
2022-04-07T17:26:24.369Z,79110a9cf2960c7c200454e33200f061e7dda15f9305142c1dc21c3b100d49f4,Org1MSP,Func4,"[10015"",""1001500"",""10108"",""1010800""]""",Org1MSP Org2MSP ,VALID,, 10015 10108,,WT,183,17919,0
2022-04-07T17:26:24.370Z,6a224572f126ad0ef2a949409524d1d221aa5d85f0372438d7dba695e553ffc8,Org1MSP,Func4,"[10100"",""1010000"",""11037"",""1103700""]""",Org1MSP Org2MSP ,VALID,, 10100 11037,,WT,183,17913,0
2022-04-07T17:26:24.455Z,848dd2f2aab6eea66919abe2990d5ceb190cb6186769af9266f6f0334c59dc5d,Org1MSP,Func4,"[10058"",""1005800"",""10002"",""1000200""]""",Org1MSP Org2MSP ,VALID,, 10002 10058,,WT,183,17923,0
2022-04-07T17:26:24.456Z,814c7824414441fbeb58aa2cb0d5d2bf743933d0c4a68500e36e40465962c9f0,Org1MSP,Func1,"[1"",""76""]""",Org1MSP Org2MSP ,ENDORSEMENT_POLICY_FAILURE, 1 76,,,RT,183,17921,0
2022-04-07T17:26:24.460Z,5f03b1baa4d0cc0261bb5edec8801fd3d18c7a13de2ddf9b8cc387ae081f87a3,Org1MSP,Func4,"[10013"",""1001300"",""10683"",""1068300""]""",Org1MSP Org2MSP ,VALID,, 10013 10683,,WT,183,17907,0
2022-04-07T17:26:24.461Z,947bca4eb1575e77d11e59de1e11f6651f61f9d34808fe822d3dbdf5b7f69999,Org1MSP,Func4,"[10005"",""1000500"",""19359"",""1935900""]""",Org1MSP Org2MSP ,VALID,, 10005 19359,,WT,183,17930,0
2022-04-07T17:26:24.461Z,fff37d7d63896e4e6ab8a68ce8b874dce4bc887820ee4ad758b9b31f9b2eb601,Org1MSP,Func4,"[10191"",""1019100"",""10037"",""1003700""]""",Org1MSP Org2MSP ,VALID,, 10037 10191,,WT,183,17976,0
2022-04-07T17:26:24.462Z,ab1f60628e5aef6a425b9119b45d713f861ab3031fc45feaf8fb2ec1a9a6a7bc,Org1MSP,Func7,"[501"",""100"",""189"",""100""]""",Org1MSP Org2MSP ,ENDORSEMENT_POLICY_FAILURE, 189 501, 189 501,,UT,183,17940,0
2022-04-07T17:26:24.463Z,7805b626f786b9958939629e154400a869212859da61dccfe482188e9cc3a940,Org1MSP,Func4,"[10002"",""1000200"",""18377"",""1837700""]""",Org1MSP Org2MSP ,VALID,, 10002 18377,,WT,183,17917,0
2022-04-07T17:26:24.465Z,53e86d6d996f9f2f07ae49827ec46080c5482be2cd99f1d21844361f8a2c3da6,Org1MSP,Func7,"[36"",""100"",""1903"",""100""]""",Org1MSP Org2MSP ,ENDORSEMENT_POLICY_FAILURE, 1903 36, 1903 36,,UT,183,17900,0
2022-04-07T17:26:24.467Z,5152f436554e3c748a5e08693fd31b84bc6849419de0c967cbc6914dc516c69a,Org1MSP,Func4,"[16616"",""1661600"",""10000"",""1000000""]""",Org1MSP Org2MSP ,VALID,, 10000 16616,,WT,183,17899,0
2022-04-07T17:26:24.554Z,5ed811d99e563c0ef6e8a932babe657b00729535af9326b7b214388962817a02,Org1MSP,Func4,"[10019"",""1001900"",""15723"",""1572300""]""",Org1MSP Org2MSP ,VALID,, 10019 15723,,WT,183,17906,0
2022-04-07T17:26:24.562Z,11cb99209738ce2aa53ab92816476f20e32072ece0d4aa00312e8bfb3c5fe137,Org1MSP,Func4,"[10023"",""1002300"",""10000"",""1000000""]""",Org1MSP Org2MSP ,VALID,, 10000 10023,,WT,183,17857,0
2022-04-07T17:26:24.562Z,3625c32cfeb4dc2bfa5955b5e9528606081883bbf6b7895b8c2bfe6777d74868,Org1MSP,Func4,"[10312"",""1031200"",""10000"",""1000000""]""",Org1MSP Org2MSP ,VALID,, 10000 10312,,WT,183,17879,0
2022-04-07T17:26:24.564Z,23f3e4776a991bd7d906105e8746615b59ab9dd2816fb661be6b2605c36a173c,Org1MSP,Func4,"[10006"",""1000600"",""10235"",""1023500""]""",Org1MSP Org2MSP ,VALID,, 10006 10235,,WT,183,17868,0
2022-04-07T17:26:24.564Z,8803b2a840b1d731cbf4db22d07d71ec200400df5fa4cad43ec39b3f8f30beea,Org1MSP,Func1,"[446"",""32""]""",Org1MSP Org2MSP ,ENDORSEMENT_POLICY_FAILURE, 32 446,,,RT,183,17925,0
2022-04-07T17:26:24.566Z,11e56ed1463d70a8f272dff0d74c324bff448119eb661b88227feaf1fba05538,Org1MSP,Func4,"[10025"",""1002500"",""10011"",""1001100""]""",Org1MSP Org2MSP ,VALID,, 10011 10025,,WT,183,17858,0
2022-04-07T17:26:24.569Z,3ff405aa3028fefa7287abd126169fe08191c83e14a7af26a0a92c692f23672d,Org1MSP,Func4,"[10000"",""1000000"",""10260"",""1026000""]""",Org1MSP Org2MSP ,VALID,, 10000 10260,,WT,183,17885,0
2022-04-07T17:26:24.590Z,9e9b37d4a12c0dece62d53cb691523866e9603930f469dcc9b86d8f17348329b,Org1MSP,Func1,"[3016"",""7137""]""",Org1MSP Org2MSP ,ENDORSEMENT_POLICY_FAILURE, 3016 7137,,,RT,183,17934,0
2022-04-07T17:26:24.600Z,6847851aff32f70ed805cd430e70eee1d3c8564271c4b6a61a2711c66df15884,Org1MSP,Func4,"[10005"",""1000500"",""10093"",""1009300""]""",Org1MSP Org2MSP ,VALID,, 10005 10093,,WT,183,17912,0
2022-04-07T17:26:24.655Z,5407b949ee4a0b876ee34059466a7d2ff1b36d14b0040cb3e28197e7e7695d77,Org1MSP,Func4,"[10008"",""1000800"",""10001"",""1000100""]""",Org1MSP Org2MSP ,VALID,, 10001 10008,,WT,183,17901,0
2022-04-07T17:26:24.657Z,27afd4e555290252ad0697a7382c609008909c71f6d463303379e71730ee36bd,Org1MSP,Func4,"[10001"",""1000100"",""12408"",""1240800""]""",Org1MSP Org2MSP ,VALID,, 10001 12408,,WT,183,17873,0
2022-04-07T17:26:24.659Z,29dd4bc20146f736dea7934ab9f71ca2ad304e0d2126a0df359d99fe1325b449,Org1MSP,Func1,"[946"",""9305""]""",Org1MSP Org2MSP ,VALID, 9305 946,,,RT,183,17875,0
2022-04-07T17:26:24.659Z,aed614e63822c8d761c1b6d0c080d87b0c5242a9631b100927129b6d961b20f2,Org1MSP,Func4,"[10272"",""1027200"",""10070"",""1007000""]""",Org1MSP Org2MSP ,VALID,, 10070 10272,,WT,183,17943,0
2022-04-07T17:26:24.662Z,641c1d75d0aae4aa13cbacbdcade5809a77fc379eeb7b476893051292c6e23f4,Org1MSP,Func4,"[10004"",""1000400"",""13799"",""1379900""]""",Org1MSP Org2MSP ,VALID,, 10004 13799,,WT,183,17909,0
2022-04-07T17:26:24.664Z,055dcdc8381ee9a03163c5296ed3f65fee4596cf619f174d6e37f18ce95216ce,Org1MSP,Func4,"[10195"",""1019500"",""10002"",""1000200""]""",Org1MSP Org2MSP ,VALID,, 10002 10195,,WT,183,17852,0
2022-04-07T17:26:24.664Z,09a2c6b6623b384df601ec884e31f91f4014df43362d0faff514949aac98562f,Org1MSP,Func7,"[3714"",""100"",""25"",""100""]""",Org1MSP Org2MSP ,VALID, 25 3714, 25 3714,,UT,183,17853,0
2022-04-07T17:26:24.666Z,5e87ed882af2869debc88354acc07a48a7923c37bd7746ce8c857fc64ba565af,Org1MSP,Func4,"[10044"",""1004400"",""11092"",""1109200""]""",Org1MSP Org2MSP ,VALID,, 10044 11092,,WT,183,17905,0
2022-04-07T17:26:24.756Z,b822502a0cc13177a610e1c4ff9beb3e2d84a8122a9d62fec5fca45798a1d66a,Org1MSP,Func4,"[10026"",""1002600"",""10022"",""1002200""]""",Org1MSP Org2MSP ,VALID,, 10022 10026,,WT,183,17949,0
2022-04-07T17:26:24.757Z,b425335671542802b10d0ee912894865f6c2eab31a0be8f031e6166e937d78ff,Org1MSP,Func7,"[81"",""100"",""6043"",""100""]""",Org1MSP Org2MSP ,VALID, 6043 81, 6043 81,,UT,183,17946,0
2022-04-07T17:26:24.758Z,754832ef5fa90db0ec24010b79c578d21701a172d3db72559920dd54bf3f5668,Org1MSP,Func1,"[6956"",""155""]""",Org1MSP Org2MSP ,VALID, 155 6956,,,RT,183,17916,0
2022-04-07T17:26:24.760Z,94da555965b6cae58e6a35b7ebf060e14d6532f423811aa5751b74a91bc3bc7a,Org1MSP,Func7,"[1169"",""100"",""6687"",""100""]""",Org1MSP Org2MSP ,VALID, 1169 6687, 1169 6687,,UT,183,17932,0
2022-04-07T17:26:24.760Z,c4b28ad2e399e53d74c28f2c66b00fad10cf486874149f4eb318bec372008b7f,Org1MSP,Func1,"[122"",""713""]""",Org1MSP Org2MSP ,VALID, 122 713,,,RT,183,17953,0
2022-04-07T17:26:24.761Z,551ed1d19d3cff9e2a53129b116d607d6dfb411ba272af965339643b46f03461,Org1MSP,Func4,"[10018"",""1001800"",""10004"",""1000400""]""",Org1MSP Org2MSP ,VALID,, 10004 10018,,WT,183,17902,0
2022-04-07T17:26:24.762Z,046feb548250bac258ea9d490c19c4d0d8e6e0cef9edd6b10adecfcfa7df8522,Org1MSP,Func4,"[10033"",""1003300"",""10145"",""1014500""]""",Org1MSP Org2MSP ,VALID,, 10033 10145,,WT,183,17851,0
2022-04-07T17:26:24.764Z,b72ea291f1c4c6cb990a94038049608f507e25680242454d3361e56b50054213,Org1MSP,Func4,"[10044"",""1004400"",""10137"",""1013700""]""",Org1MSP Org2MSP ,VALID,, 10044 10137,,WT,183,17947,0
2022-04-07T17:26:24.766Z,59dd9872d5cc6f9f7620f269fa538ab12593e5f8a9afa959b14b01bb9a3df1d1,Org1MSP,Func1,"[17"",""2""]""",Org1MSP Org2MSP ,VALID, 17 2,,,RT,183,17903,0
2022-04-07T17:26:24.767Z,c42de28050a08af0d6c4a9d05d3ecb5bd55dc1ef31299f4b57a874d231cdd782,Org1MSP,Func4,"[10234"",""1023400"",""10021"",""1002100""]""",Org1MSP Org2MSP ,VALID,, 10021 10234,,WT,183,17952,0
2022-04-07T17:26:24.855Z,1da2517970590ddd31a34934fb3cb7f3ccc19623581a323262a81f692aa5c7fd,Org1MSP,Func4,"[10311"",""1031100"",""12195"",""1219500""]""",Org1MSP Org2MSP ,VALID,, 10311 12195,,WT,183,17863,0
2022-04-07T17:26:24.857Z,4619c1c10cc56b3fd00f2f0668d0a01c91582d8da425054ebd6c70d2f893115a,Org1MSP,Func4,"[10001"",""1000100"",""10014"",""1001400""]""",Org1MSP Org2MSP ,VALID,, 10001 10014,,WT,183,17890,0
2022-04-07T17:26:24.859Z,199646c3ea9ec94ad1c3a8418d455d3b8eb7b4b69f7748f887394e608e44823a,Org1MSP,Func1,"[2146"",""51""]""",Org1MSP Org2MSP ,VALID, 2146 51,,,RT,183,17861,0
2022-04-07T17:26:24.859Z,8c9d0150770943e7b6479edf2a1355e9d01f4b8820bacbeee355043db2879fae,Org1MSP,Func4,"[14285"",""1428500"",""10130"",""1013000""]""",Org1MSP Org2MSP ,VALID,, 10130 14285,,WT,183,17927,0
2022-04-07T17:26:24.862Z,3c62b2662f48ba9c844ec3f5ca4fbe41da435aadbea49d3a2d3115e7ab5bcba2,Org1MSP,Func4,"[10005"",""1000500"",""10303"",""1030300""]""",Org1MSP Org2MSP ,VALID,, 10005 10303,,WT,183,17883,0
2022-04-07T17:26:24.862Z,4b3e9aa0374a2da38f30f98c39aa02d53803d0e307a9e37b8c286f9357c4ad9b,Org1MSP,Func4,"[10213"",""1021300"",""10388"",""1038800""]""",Org1MSP Org2MSP ,VALID,, 10213 10388,,WT,183,17895,0
2022-04-07T17:26:24.864Z,7e345fe9b087bcbe4d1525970d0769a9f196076c3b84ef30e836464da9176dc8,Org1MSP,Func7,"[104"",""100"",""1046"",""100""]""",Org1MSP Org2MSP ,VALID, 104 1046, 104 1046,,UT,183,17920,0
2022-04-07T17:26:24.867Z,2dca4a5211c25523d5300d3dc9eb77de8c27061cfe8a8e3c48a31892d8358793,Org1MSP,Func7,"[88"",""100"",""4077"",""100""]""",Org1MSP Org2MSP ,VALID, 4077 88, 4077 88,,UT,183,17877,0
2022-04-07T17:26:24.957Z,3be0b87a5fd62c4be6c62b170807f7b8f7b7d560540489e9629c1d940a318943,Org1MSP,Func4,"[10010"",""1001000"",""10000"",""1000000""]""",Org1MSP Org2MSP ,VALID,, 10000 10010,,WT,184,18003,0
2022-04-07T17:26:24.958Z,83559371f207480252c51a47e6b9504b30c89650e13750f0ef8b6655e81e3f67,Org1MSP,Func1,"[1"",""542""]""",Org1MSP Org2MSP ,VALID, 1 542,,,RT,184,18025,0
2022-04-07T17:26:24.959Z,189a1b04d947c85514fa7c386b559704834dabaf1e89ba66684bbb3870049e8d,Org1MSP,Func4,"[10048"",""1004800"",""10003"",""1000300""]""",Org1MSP Org2MSP ,VALID,, 10003 10048,,WT,184,17993,0
2022-04-07T17:26:24.961Z,92bf2241be8a69ef466e22677c3ff8cb231372aa2cebc009c3957d5ae4ea5988,Org1MSP,Func4,"[16951"",""1695100"",""10185"",""1018500""]""",Org1MSP Org2MSP ,VALID,, 10185 16951,,WT,184,18033,0
2022-04-07T17:26:24.962Z,f9dc006254db9e3ffe462edc3b8275737d2760ebc96dea1831c9c4d54e9dda3b,Org1MSP,Func4,"[10011"",""1001100"",""10857"",""1085700""]""",Org1MSP Org2MSP ,VALID,, 10011 10857,,WT,184,18075,0
2022-04-07T17:26:24.967Z,bda45b2e7ba69c2ca0602259505f5756c02c9387d912ca1962c99dfd64c98414,Org1MSP,Func4,"[10220"",""1022000"",""10748"",""1074800""]""",Org1MSP Org2MSP ,VALID,, 10220 10748,,WT,184,18051,0
2022-04-07T17:26:24.967Z,e341542d9a79fe3a73a28d6fcec5ea09617b1af81dfb24e490cc21a1a0caa87e,Org1MSP,Func4,"[11971"",""1197100"",""10031"",""1003100""]""",Org1MSP Org2MSP ,VALID,, 10031 11971,,WT,184,18064,0
2022-04-07T17:26:24.967Z,eb77ade3af6b1cc1a7951a2d9629277bece823f9eff7d66d5e11fbe28240ec62,Org1MSP,Func4,"[10001"",""1000100"",""10082"",""1008200""]""",Org1MSP Org2MSP ,VALID,, 10001 10082,,WT,184,18070,0
2022-04-07T17:26:25.055Z,60e232b9e1826eec6dfe302c60f04e69d776137eddc7840653e585af926a8b65,Org1MSP,Func4,"[16852"",""1685200"",""16273"",""1627300""]""",Org1MSP Org2MSP ,VALID,, 16273 16852,,WT,184,18014,0
2022-04-07T17:26:25.058Z,e4994f2add8c0ccd636a07dc242c60e4b0cf17964f9b949c3d15809c4e9ba7f2,Org1MSP,Func4,"[10414"",""1041400"",""10002"",""1000200""]""",Org1MSP Org2MSP ,VALID,, 10002 10414,,WT,184,18065,0
2022-04-07T17:26:25.059Z,51b043552b3e673b20d50b29e6ad723cc1de721bd20503764eb1e55496d32a48,Org1MSP,Func4,"[10542"",""1054200"",""10001"",""1000100""]""",Org1MSP Org2MSP ,VALID,, 10001 10542,,WT,184,18011,0
2022-04-07T17:26:25.060Z,4455561a8bc04b97d005ae3ffc428c2cf5e2a2942261dfd8895ff3394de56437,Org1MSP,Func7,"[7265"",""100"",""17"",""100""]""",Org1MSP Org2MSP ,VALID, 17 7265, 17 7265,,UT,184,18004,0
2022-04-07T17:26:25.061Z,e08b143fe75a092966498f07fbdd1982559d9cac941c1221c6eefcfa8f97e736,Org1MSP,Func4,"[10776"",""1077600"",""10056"",""1005600""]""",Org1MSP Org2MSP ,VALID,, 10056 10776,,WT,184,18062,0
2022-04-07T17:26:25.062Z,0b5ee26bd943e0ee88758f3594d72117de683b8e402c16cc87873db4c0b4ddac,Org1MSP,Func1,"[616"",""20""]""",Org1MSP Org2MSP ,VALID, 20 616,,,RT,184,17989,0
2022-04-07T17:26:25.062Z,eee8eb1ebce8b03bb835fcae0101c825d437653d15172161cbf0727292d56c11,Org1MSP,Func1,"[729"",""4068""]""",Org1MSP Org2MSP ,VALID, 4068 729,,,RT,184,18071,0
2022-04-07T17:26:25.063Z,14f24c89838365f56ef0098d862ce155a820cb54659759caa852adf69d746283,Org1MSP,Func1,"[227"",""163""]""",Org1MSP Org2MSP ,VALID, 163 227,,,RT,184,17992,0
2022-04-07T17:26:25.064Z,82123205129f66f73a8cbe2c009f3e5ebca7d2952266d2360953b6dcce11b4fd,Org1MSP,Func4,"[10015"",""1001500"",""10002"",""1000200""]""",Org1MSP Org2MSP ,VALID,, 10002 10015,,WT,184,18024,0
2022-04-07T17:26:25.066Z,89b4db7b18b4089175786fa0cb56588072945e4415c61ea2c01565e1d019b790,Org1MSP,Func4,"[14532"",""1453200"",""10141"",""1014100""]""",Org1MSP Org2MSP ,VALID,, 10141 14532,,WT,184,18029,0
2022-04-07T17:26:25.155Z,8e652ce348e5f10ca645b001b1cf6c3f2f60940dd38e29b20d2aca45b9164b15,Org1MSP,Func1,"[183"",""7""]""",Org1MSP Org2MSP ,VALID, 183 7,,,RT,184,18031,0
2022-04-07T17:26:25.158Z,242dadc812f90a30d05767a073bdefdb8176227d00195624f12f0cbfb9707221,Org1MSP,Func1,"[30"",""2""]""",Org1MSP Org2MSP ,VALID, 2 30,,,RT,184,17996,0
2022-04-07T17:26:25.158Z,4f1e4e2a5dcba8274d286defb999f827289015e53240ca4db1d3d27f4f3752b8,Org1MSP,Func4,"[10025"",""1002500"",""10057"",""1005700""]""",Org1MSP Org2MSP ,VALID,, 10025 10057,,WT,184,18010,0
2022-04-07T17:26:25.159Z,8ef52bddcc52dca4b19dc4da54f4745f1187457f409555ca27f7b7042c650ef4,Org1MSP,Func4,"[10440"",""1044000"",""11441"",""1144100""]""",Org1MSP Org2MSP ,VALID,, 10440 11441,,WT,184,18032,0
2022-04-07T17:26:25.160Z,bae2679405d30f5becd93716ccbd1f45e18cb9a48a4e62822814f287895eeac4,Org1MSP,Func4,"[10000"",""1000000"",""10002"",""1000200""]""",Org1MSP Org2MSP ,VALID,, 10000 10002,,WT,184,18049,0
2022-04-07T17:26:25.161Z,35f700e066f2e6ee27cb0f6568ba8058431cd265434be59ce8973f9c96423b51,Org1MSP,Func4,"[11067"",""1106700"",""10077"",""1007700""]""",Org1MSP Org2MSP ,VALID,, 10077 11067,,WT,184,18000,0
2022-04-07T17:26:25.162Z,28af4f8cefaeb4fa3c79dc30502d1a6470da55bb47fdbd81a2e63deb710ca0db,Org1MSP,Func4,"[10834"",""1083400"",""10280"",""1028000""]""",Org1MSP Org2MSP ,VALID,, 10280 10834,,WT,184,17997,0
2022-04-07T17:26:25.163Z,beb098f085ea16d6fed2473561569e23fda0a535b390ab201d1a18584a220b15,Org1MSP,Func4,"[14799"",""1479900"",""10050"",""1005000""]""",Org1MSP Org2MSP ,VALID,, 10050 14799,,WT,184,18053,0
2022-04-07T17:26:25.164Z,a9339481028c364c46cb536dd24ed17ff0f462c0b861559bcb11072a2d7d4caf,Org1MSP,Func4,"[10024"",""1002400"",""10001"",""1000100""]""",Org1MSP Org2MSP ,VALID,, 10001 10024,,WT,184,18039,0
2022-04-07T17:26:25.169Z,e73bc2a9c9aa6e00eb1744eda37390b88bf3fba95c55ab5c42e993da893a3c98,Org1MSP,Func4,"[10349"",""1034900"",""10040"",""1004000""]""",Org1MSP Org2MSP ,VALID,, 10040 10349,,WT,184,18067,0
2022-04-07T17:26:25.256Z,4b790b579bd8ba3c4f8f26c880969d1219b722e286f9ec297859a2123c2b9a10,Org1MSP,Func4,"[11073"",""1107300"",""12231"",""1223100""]""",Org1MSP Org2MSP ,VALID,, 11073 12231,,WT,184,18008,0
2022-04-07T17:26:25.257Z,01aa4eb7e2b6d41a3f7db41fad0ad56d26a781f7f4b0557a7305b9acb5b588ff,Org1MSP,Func4,"[10009"",""1000900"",""10014"",""1001400""]""",Org1MSP Org2MSP ,VALID,, 10009 10014,,WT,184,17982,0
2022-04-07T17:26:25.259Z,49f2a2e84f7467ac20b7a96f585e8de6b493c3a13f5e5457769e0db20112f045,Org1MSP,Func4,"[10006"",""1000600"",""10000"",""1000000""]""",Org1MSP Org2MSP ,VALID,, 10000 10006,,WT,184,18007,0
2022-04-07T17:26:25.259Z,7e684e8a71a0a121410be19ae17ea84690c9d99448f6d5c6d6a5a25b388004f9,Org1MSP,Func4,"[10134"",""1013400"",""10839"",""1083900""]""",Org1MSP Org2MSP ,VALID,, 10134 10839,,WT,184,18022,0
2022-04-07T17:26:25.260Z,d771c1a44097c1ea486132432d2039d4c033f3f0e8fae140fee0d5084e8ddd00,Org1MSP,Func4,"[12944"",""1294400"",""10000"",""1000000""]""",Org1MSP Org2MSP ,VALID,, 10000 12944,,WT,184,18059,0
2022-04-07T17:26:25.262Z,79c02b17616b8e5e89db46aca4efc531b33f21813ccd325b8c6e4460b30d35ed,Org1MSP,Func1,"[3"",""7970""]""",Org1MSP Org2MSP ,VALID, 3 7970,,,RT,184,18018,0
2022-04-07T17:26:25.263Z,a62d410f64586519a7af3d20f771aa9c0b9a9db77539c791a8237b2fcc3e7f69,Org1MSP,Func4,"[19886"",""1988600"",""12747"",""1274700""]""",Org1MSP Org2MSP ,VALID,, 12747 19886,,WT,184,18036,0
2022-04-07T17:26:25.265Z,ac4082c7e33db169eda593c5d826a9ff55d309674e1598ea84cecc7abfb5c739,Org1MSP,Func4,"[10157"",""1015700"",""10006"",""1000600""]""",Org1MSP Org2MSP ,VALID,, 10006 10157,,WT,184,18040,0
2022-04-07T17:26:25.266Z,5484f75d241476992f54b217d1a03c81d3e669f68d5c12c209b09d72cf1907bd,Org1MSP,Func4,"[10000"",""1000000"",""14558"",""1455800""]""",Org1MSP Org2MSP ,VALID,, 10000 14558,,WT,184,18013,0
2022-04-07T17:26:25.355Z,88e42aea1945b7ac013acdcd13d06bb13f7357eb3849278acc4e631fbccfea97,Org1MSP,Func4,"[10001"",""1000100"",""10869"",""1086900""]""",Org1MSP Org2MSP ,VALID,, 10001 10869,,WT,184,18028,0
2022-04-07T17:26:25.357Z,b207e958684d2f5102f39b5f1692dddbc3835d883896dcd1471424bd04963de8,Org1MSP,Func1,"[203"",""35""]""",Org1MSP Org2MSP ,VALID, 203 35,,,RT,184,18045,0
2022-04-07T17:26:25.359Z,18e88aff00d1e37be16cf4210b451490ff768cd65d20a33912a202f1fa1db6ae,Org1MSP,Func4,"[10003"",""1000300"",""11941"",""1194100""]""",Org1MSP Org2MSP ,VALID,, 10003 11941,,WT,184,17994,0
2022-04-07T17:26:25.360Z,d29a967e8c787ef2547d5ae9d02c28728ca6f1886e995c2b2f271b3397ee0ff1,Org1MSP,Func4,"[18369"",""1836900"",""10000"",""1000000""]""",Org1MSP Org2MSP ,VALID,, 10000 18369,,WT,184,18057,0
2022-04-07T17:26:25.361Z,4790ff163ee30a9294618755ebf2049365e6e142b06b19698260a8c2a566e1a3,Org1MSP,Func4,"[10010"",""1001000"",""10008"",""1000800""]""",Org1MSP Org2MSP ,VALID,, 10008 10010,,WT,184,18005,0
2022-04-07T17:26:25.362Z,b2e065f0398b9c184ec3cfeec0956dc89a4f5494851869241827645dac383b1c,Org1MSP,Func1,"[16"",""49""]""",Org1MSP Org2MSP ,VALID, 16 49,,,RT,184,18046,0
2022-04-07T17:26:25.364Z,397d9f2e5ef671ff9c2751de10fb288a2544022867635ae8d271ac837012c1bd,Org1MSP,Func4,"[14071"",""1407100"",""10036"",""1003600""]""",Org1MSP Org2MSP ,VALID,, 10036 14071,,WT,184,18002,0
2022-04-07T17:26:25.364Z,87574971c173d67290bc70782aa20a150bf4221383d4a89af0d0390cbaf41c8f,Org1MSP,Func4,"[10091"",""1009100"",""10102"",""1010200""]""",Org1MSP Org2MSP ,VALID,, 10091 10102,,WT,184,18026,0
2022-04-07T17:26:25.364Z,b687b77c862fb32aa6b7548f44b4587041cdd77f44c76cc4e7dfb46735e42da7,Org1MSP,Func7,"[224"",""100"",""1437"",""100""]""",Org1MSP Org2MSP ,VALID, 1437 224, 1437 224,,UT,184,18047,0
2022-04-07T17:26:25.368Z,750a3bb4d679a933e34fde093a59af07a414f281e225e6eb4cd587c4848dfafd,Org1MSP,Func4,"[10119"",""1011900"",""11765"",""1176500""]""",Org1MSP Org2MSP ,VALID,, 10119 11765,,WT,184,18017,0
2022-04-07T17:26:25.457Z,bdc70b714df457d630a51ba2085bfb36db15f0ab7137c0b0abf54eb98fbb9124,Org1MSP,Func4,"[10003"",""1000300"",""10019"",""1001900""]""",Org1MSP Org2MSP ,VALID,, 10003 10019,,WT,184,18052,0
2022-04-07T17:26:25.461Z,0b4f91f33d3dad1fe4c6dff170d29a98f3677b730cc815857e886508c8c7438f,Org1MSP,Func4,"[10000"",""1000000"",""10005"",""1000500""]""",Org1MSP Org2MSP ,VALID,, 10000 10005,,WT,184,17988,0
2022-04-07T17:26:25.461Z,e07af6c23b930ef204778fd8a82aba0104c873ee939f80149d079d58d9153fb0,Org1MSP,Func4,"[10002"",""1000200"",""10000"",""1000000""]""",Org1MSP Org2MSP ,VALID,, 10000 10002,,WT,184,18061,0
2022-04-07T17:26:25.463Z,a7ba6cf86da71111e48760fbc63128b4447988e650adc9f2de84ef1b46f15cdf,Org1MSP,Func4,"[11669"",""1166900"",""13610"",""1361000""]""",Org1MSP Org2MSP ,VALID,, 11669 13610,,WT,184,18038,0
2022-04-07T17:26:25.463Z,f384ad40e9ccc56ce4e2229eb5d1b60ee3c2509a941dfc07908dd68afc01ca4b,Org1MSP,Func4,"[12239"",""1223900"",""10019"",""1001900""]""",Org1MSP Org2MSP ,VALID,, 10019 12239,,WT,184,18073,0
2022-04-07T17:26:25.466Z,977789cd76cec2ce07f090fb00e512ab2d5b24a83496654c0a231a2a87855f50,Org1MSP,Func4,"[10003"",""1000300"",""12827"",""1282700""]""",Org1MSP Org2MSP ,VALID,, 10003 12827,,WT,184,18034,0
2022-04-07T17:26:25.466Z,adece570e07b06fe08601a0722358fff41b37e9922f4cdb35f997bd0b629bdf8,Org1MSP,Func1,"[139"",""2""]""",Org1MSP Org2MSP ,VALID, 139 2,,,RT,184,18076,0
2022-04-07T17:26:25.467Z,e2638ed88da219337fdd244dbb837950e9548fe7cf937ed17a4a738147956d4f,Org1MSP,Func7,"[31"",""100"",""1672"",""100""]""",Org1MSP Org2MSP ,VALID, 1672 31, 1672 31,,UT,184,18063,0
2022-04-07T17:26:25.469Z,3b34db2a0220904095859ecb6450673d6a865242042717afe4ffc49329239073,Org1MSP,Func1,"[58"",""1""]""",Org1MSP Org2MSP ,VALID, 1 58,,,RT,184,18077,0
2022-04-07T17:26:25.473Z,e9d26cde1df5e720792769038719541099cd0ce1774afefa67c212220d484896,Org1MSP,Func4,"[14893"",""1489300"",""14233"",""1423300""]""",Org1MSP Org2MSP ,VALID,, 14233 14893,,WT,184,18068,0
2022-04-07T17:26:25.555Z,0f82d0c2a6825124c8d56a845e9f50861de26ac00b0dad0005c729f76c14077a,Org1MSP,Func7,"[15"",""100"",""57"",""100""]""",Org1MSP Org2MSP ,VALID, 15 57, 15 57,,UT,184,17991,0
2022-04-07T17:26:25.559Z,0173003937bd65162e7d84e7aa341e9253e14da0ef457ab1adeb5084d57d21d0,Org1MSP,Func4,"[10006"",""1000600"",""18840"",""1884000""]""",Org1MSP Org2MSP ,VALID,, 10006 18840,,WT,184,17981,0
2022-04-07T17:26:25.560Z,87b64f506b304b4c62b1f8ed37fb42731f6c7aaba4a65194b89c0f010ee2bfff,Org1MSP,Func4,"[10038"",""1003800"",""10007"",""1000700""]""",Org1MSP Org2MSP ,VALID,, 10007 10038,,WT,184,18027,0
2022-04-07T17:26:25.560Z,eb74c7dc5dcdca58aaf737c11f4dea3b6f1e9fda9decd6baf7b5165a53212598,Org1MSP,Func4,"[10000"",""1000000"",""10232"",""1023200""]""",Org1MSP Org2MSP ,VALID,, 10000 10232,,WT,184,18069,0
2022-04-07T17:26:25.561Z,c6264f13beaf3e88c0fb589ef8256d5a40e73069562c40ed90ae92cdea6127e1,Org1MSP,Func1,"[193"",""45""]""",Org1MSP Org2MSP ,VALID, 193 45,,,RT,184,18055,0
2022-04-07T17:26:25.562Z,359397dd7fb89dda1290aa0779bcc0af78ecc5bee209d232215978c044228481,Org1MSP,Func4,"[11742"",""1174200"",""10008"",""1000800""]""",Org1MSP Org2MSP ,VALID,, 10008 11742,,WT,184,17999,0
2022-04-07T17:26:25.562Z,499a78493c114889fa119e834aa286f7971eb5b8d592cda37d86f802cae39a78,Org1MSP,Func4,"[10000"",""1000000"",""12622"",""1262200""]""",Org1MSP Org2MSP ,VALID,, 10000 12622,,WT,184,18006,0
2022-04-07T17:26:25.564Z,0879a389f1ab332c773eb3cce04bee44786dd12b76c1bcab5b33366f536bda8b,Org1MSP,Func1,"[241"",""739""]""",Org1MSP Org2MSP ,VALID, 241 739,,,RT,184,17987,0
2022-04-07T17:26:25.565Z,52776f47d7f86f069d2a71abe028c424ef77fffedff7482c5a2d2c38517e09bc,Org1MSP,Func1,"[774"",""946""]""",Org1MSP Org2MSP ,VALID, 774 946,,,RT,184,18012,0
2022-04-07T17:26:25.570Z,7c43a5f8aefe85f31dec5641b33cb327908fe2d3ff6cd19d0941a71b14825b4e,Org1MSP,Func1,"[6956"",""6495""]""",Org1MSP Org2MSP ,VALID, 6495 6956,,,RT,184,18020,0
2022-04-07T17:26:25.655Z,ae0e9fa6102ca67e484d9bdabbea6956a9bdf5f8eb3ae3133e310afc257f2103,Org1MSP,Func4,"[10063"",""1006300"",""10148"",""1014800""]""",Org1MSP Org2MSP ,VALID,, 10063 10148,,WT,184,18041,0
2022-04-07T17:26:25.657Z,07e8f09e57b80c89cdb31ebdb50eebc77af9e030faebcdf9bfd6b4e85dead03e,Org1MSP,Func1,"[5"",""10""]""",Org1MSP Org2MSP ,VALID, 10 5,,,RT,184,17986,0
2022-04-07T17:26:25.658Z,a67af9dafa84fc12a685bd83960bb7809b781b1214d8b6ee0178daf51907c199,Org1MSP,Func4,"[10005"",""1000500"",""10108"",""1010800""]""",Org1MSP Org2MSP ,VALID,, 10005 10108,,WT,184,18037,0
2022-04-07T17:26:25.660Z,7ecc3716b451d360c0713df2818aae4b87cf260d134c154bdcbf96b586493488,Org1MSP,Func7,"[5438"",""100"",""1"",""100""]""",Org1MSP Org2MSP ,VALID, 1 5438, 1 5438,,UT,184,18079,0
2022-04-07T17:26:25.661Z,6f80cfdae6faf6ea3ef18287b55aa29ac562455cc991d681a4f6f9b48ff5123c,Org1MSP,Func7,"[1273"",""100"",""140"",""100""]""",Org1MSP Org2MSP ,VALID, 1273 140, 1273 140,,UT,184,18016,0
2022-04-07T17:26:25.663Z,064aa2d7bb763806fddf7c8a2ac63636df3c4ba5c182840d59f4870b3be65d9c,Org1MSP,Func1,"[5303"",""203""]""",Org1MSP Org2MSP ,VALID, 203 5303,,,RT,184,17985,0
2022-04-07T17:26:25.664Z,7f9074dd43cab4f59b517b3dd808eabd37edfead0249d8d9eb521acf59afca9c,Org1MSP,Func4,"[10087"",""1008700"",""10009"",""1000900""]""",Org1MSP Org2MSP ,VALID,, 10009 10087,,WT,184,18023,0
2022-04-07T17:26:25.665Z,b8a093d3198d79b7f8267c3422275d75e13837510167a4d057a6aeddb6909d64,Org1MSP,Func4,"[10010"",""1001000"",""10004"",""1000400""]""",Org1MSP Org2MSP ,VALID,, 10004 10010,,WT,184,18048,0
2022-04-07T17:26:25.669Z,d7202cfca12d07e0b84f59350ecaf3b63615028cfeb4f59a1526a839ee00be9d,Org1MSP,Func4,"[10097"",""1009700"",""10907"",""1090700""]""",Org1MSP Org2MSP ,VALID,, 10097 10907,,WT,184,18058,0
2022-04-07T17:26:25.673Z,c10757550d44b4237d88000470a5e805fa9fc0619c3e4f9fb20ff5031d4dcd3b,Org1MSP,Func4,"[13660"",""1366000"",""10001"",""1000100""]""",Org1MSP Org2MSP ,VALID,, 10001 13660,,WT,184,18054,0
2022-04-07T17:26:25.755Z,b11b8562bf3237724a8a360a8e5e5b0ce1e99ad46e516da3594e8bb226815fe3,Org1MSP,Func4,"[12089"",""1208900"",""10004"",""1000400""]""",Org1MSP Org2MSP ,VALID,, 10004 12089,,WT,184,18044,0
2022-04-07T17:26:25.757Z,36d0c442f3ee2ec07fd5488c0eb2104500b2fe177061b630ba0b8972a87aab8a,Org1MSP,Func4,"[10005"",""1000500"",""12691"",""1269100""]""",Org1MSP Org2MSP ,VALID,, 10005 12691,,WT,184,18001,0
2022-04-07T17:26:25.759Z,aecd9f57a612c674c7e6299bd6104a2c0ed4d2b1ef2472232147592e0de9ae7a,Org1MSP,Func4,"[10037"",""1003700"",""10110"",""1011000""]""",Org1MSP Org2MSP ,VALID,, 10037 10110,,WT,184,18043,0
2022-04-07T17:26:25.761Z,ae6a509e2574e4ed762abe70f4fcdfcedd6823541838d2067dea59196c60d9e4,Org1MSP,Func4,"[10054"",""1005400"",""10000"",""1000000""]""",Org1MSP Org2MSP ,VALID,, 10000 10054,,WT,184,18042,0
2022-04-07T17:26:25.761Z,f896ad8962d29b84eca6f8cc0a8c522faa864319d094131f5fdca10d567827df,Org1MSP,Func4,"[14840"",""1484000"",""10135"",""1013500""]""",Org1MSP Org2MSP ,VALID,, 10135 14840,,WT,184,18074,0
2022-04-07T17:26:25.761Z,3bf2c6c62ee5dcdb8869454e30a768b3048efb8967601ee06ef2f33367566a6f,Org1MSP,Func7,"[2"",""100"",""1105"",""100""]""",Org1MSP Org2MSP ,VALID, 1105 2, 1105 2,,UT,184,18080,0
2022-04-07T17:26:25.762Z,63d3d28793f115ab1942eca36450612737fa8d683986f837c4a46c10ddbf78eb,Org1MSP,Func4,"[10005"",""1000500"",""16031"",""1603100""]""",Org1MSP Org2MSP ,VALID,, 10005 16031,,WT,184,18015,0
2022-04-07T17:26:25.764Z,2bc0458f32d869d2bbf08e24525b90568d95f9910c7ffeddde2d7aeaae0c381d,Org1MSP,Func4,"[10102"",""1010200"",""10018"",""1001800""]""",Org1MSP Org2MSP ,VALID,, 10018 10102,,WT,184,17998,0
2022-04-07T17:26:25.764Z,e5795ccfe88f4adb90baa90f5140e6e579b4f43d355221180216e73f9e40fbcd,Org1MSP,Func4,"[10000"",""1000000"",""10225"",""1022500""]""",Org1MSP Org2MSP ,VALID,, 10000 10225,,WT,184,18066,0
2022-04-07T17:26:25.769Z,01cfba2be1b69e2075161f66aa0152b05ace316265d2f276613a8aba66641109,Org1MSP,Func4,"[10026"",""1002600"",""10016"",""1001600""]""",Org1MSP Org2MSP ,VALID,, 10016 10026,,WT,184,17983,0
2022-04-07T17:26:25.854Z,bcdcfda5a186c7e5031d970db22d83547af7fd0178c2e76e64f475d3546e8277,Org1MSP,Func4,"[10320"",""1032000"",""17309"",""1730900""]""",Org1MSP Org2MSP ,VALID,, 10320 17309,,WT,184,18050,0
2022-04-07T17:26:25.857Z,7adc14b59e0cc108a0dd45f8c26c51788b65bad3658d93c8017ca2a0553d2b38,Org1MSP,Func4,"[10950"",""1095000"",""11088"",""1108800""]""",Org1MSP Org2MSP ,VALID,, 10950 11088,,WT,184,18019,0
2022-04-07T17:26:25.859Z,7e242f1c9b8a7fb9c613887dff1fcb65f90dd5459235bd1d9588f5a474539b04,Org1MSP,Func4,"[10204"",""1020400"",""10018"",""1001800""]""",Org1MSP Org2MSP ,VALID,, 10018 10204,,WT,184,18021,0
2022-04-07T17:26:25.860Z,1b3502a6b67ba4bf0767c6a59388647c9080994a92c0883aa3ffb7a47dddca4d,Org1MSP,Func4,"[10001"",""1000100"",""10087"",""1008700""]""",Org1MSP Org2MSP ,VALID,, 10001 10087,,WT,184,17995,0
2022-04-07T17:26:25.860Z,ddbe2dcc82df25fcfee8836075747098ffccf32a5b2c4c052180c61bf70bdb8a,Org1MSP,Func4,"[10075"",""1007500"",""10016"",""1001600""]""",Org1MSP Org2MSP ,VALID,, 10016 10075,,WT,184,18060,0
2022-04-07T17:26:25.862Z,4e5c197216604893f7bc73775183e0c27991e8b488542bd1a56a49bb46a90c2e,Org1MSP,Func4,"[10000"",""1000000"",""14392"",""1439200""]""",Org1MSP Org2MSP ,VALID,, 10000 14392,,WT,184,18009,0
2022-04-07T17:26:25.862Z,ced19560a633ea724f3370cec636463176f2e9acf1c30155248e12e87e05e6cf,Org1MSP,Func4,"[12696"",""1269600"",""10000"",""1000000""]""",Org1MSP Org2MSP ,VALID,, 10000 12696,,WT,184,18056,0
2022-04-07T17:26:25.864Z,8b376427416bf573f122de64ae6b22bf2cd6d992884988f1910a2c67760a5653,Org1MSP,Func4,"[10233"",""1023300"",""10028"",""1002800""]""",Org1MSP Org2MSP ,VALID,, 10028 10233,,WT,184,18030,0
2022-04-07T17:26:25.867Z,0c0e2326ab5cbea0ae0bb936a0d2a9925b96c29210afc4e4a920397726e13f0a,Org1MSP,Func1,"[346"",""7""]""",Org1MSP Org2MSP ,VALID, 346 7,,,RT,184,17990,0
2022-04-07T17:26:25.868Z,0462ca5f7d3055b94c4650be295fd9e95a06139c1fd539210d1298fb15afdcf4,Org1MSP,Func4,"[10089"",""1008900"",""10000"",""1000000""]""",Org1MSP Org2MSP ,VALID,, 10000 10089,,WT,184,17984,0
2022-04-07T17:26:25.957Z,5e12b651230296214da7d54f6aaa0ade0f06f24efa3a5edcf5d69805a3b04d53,Org1MSP,Func1,"[3823"",""2""]""",Org1MSP Org2MSP ,VALID, 2 3823,,,RT,184,18078,0
2022-04-07T17:26:25.958Z,6fafb49b1c40f7941893d3dcfba060e773c12002571d94525ec7b1f2032a3d49,Org1MSP,Func4,"[10037"",""1003700"",""10631"",""1063100""]""",Org1MSP Org2MSP ,VALID,, 10037 10631,,WT,185,18113,0
2022-04-07T17:26:25.958Z,729e3fb20aca3b8617aa15c40dc34ecd836e45386ea83a6b3f69dadc45bb43cf,Org1MSP,Func4,"[10001"",""1000100"",""10044"",""1004400""]""",Org1MSP Org2MSP ,VALID,, 10001 10044,,WT,185,18115,0
2022-04-07T17:26:25.960Z,9e4e6845faf9354159c2cd5215416de215a99ef86c79791ad8c534509bb95f56,Org1MSP,Func4,"[10231"",""1023100"",""10980"",""1098000""]""",Org1MSP Org2MSP ,VALID,, 10231 10980,,WT,184,18035,0
2022-04-07T17:26:25.960Z,efb235c468419e864b4eadcfae7c0450af145dd8eb80bdd42b7c33a4025addef,Org1MSP,Func4,"[10001"",""1000100"",""10000"",""1000000""]""",Org1MSP Org2MSP ,VALID,, 10000 10001,,WT,184,18072,0
2022-04-07T17:26:25.960Z,927b17242e8a99ec58eac43d99abfd7d182f4ce3cea0a077125f597ab54dbe95,Org1MSP,Func4,"[10085"",""1008500"",""10120"",""1012000""]""",Org1MSP Org2MSP ,VALID,, 10085 10120,,WT,185,18134,0
2022-04-07T17:26:25.962Z,2649ece9e878277c86d1a890ed55e0fafa36c68703ef0facfc39c007797ccf2d,Org1MSP,Func4,"[19658"",""1965800"",""11026"",""1102600""]""",Org1MSP Org2MSP ,VALID,, 11026 19658,,WT,185,18093,0
2022-04-07T17:26:25.963Z,e9942580e28e81a8344d62eab2586a5e107fc4d545dbfe63d3372d64d5e50f0f,Org1MSP,Func7,"[3002"",""100"",""20"",""100""]""",Org1MSP Org2MSP ,VALID, 20 3002, 20 3002,,UT,185,18167,0
2022-04-07T17:26:25.967Z,76f168a3cc1241078ab29cc548b56a22474e75ebb6acb056e5a2423da62aef0e,Org1MSP,Func4,"[10026"",""1002600"",""10060"",""1006000""]""",Org1MSP Org2MSP ,VALID,, 10026 10060,,WT,185,18117,0
2022-04-07T17:26:25.968Z,26ba79dcf4ad347e55218bf87cae44bd032077ca05a314398278d616de6f29a9,Org1MSP,Func4,"[10001"",""1000100"",""15847"",""1584700""]""",Org1MSP Org2MSP ,VALID,, 10001 15847,,WT,185,18094,0
2022-04-07T17:26:26.055Z,9c5796df390e6d39a0386fd43b969f8d118ae757160bc5cac4e47c0ee1ca9120,Org1MSP,Func7,"[1629"",""100"",""239"",""100""]""",Org1MSP Org2MSP ,VALID, 1629 239, 1629 239,,UT,185,18137,0
2022-04-07T17:26:26.059Z,7a41fdb6def1bcda391cd8f11918cac721caed4f5732c8cb3f5f7d63b13e3284,Org1MSP,Func4,"[12654"",""1265400"",""10067"",""1006700""]""",Org1MSP Org2MSP ,VALID,, 10067 12654,,WT,185,18121,0
2022-04-07T17:26:26.059Z,872dfdf35ba17757f881ad408a2349dd06c75d8c2b621e0e53da96691e4ca467,Org1MSP,Func4,"[10002"",""1000200"",""10033"",""1003300""]""",Org1MSP Org2MSP ,VALID,, 10002 10033,,WT,185,18125,0
2022-04-07T17:26:26.059Z,87ec81212311cd6256810e7ab51fb79628a6f71f6985dab4fc936ecad561e279,Org1MSP,Func1,"[9297"",""1""]""",Org1MSP Org2MSP ,VALID, 1 9297,,,RT,185,18127,0
2022-04-07T17:26:26.060Z,07dfdafc6a3fb8117ae0396d9c4e98459b3ba064550bd8d184a3c3cfbf88cbe4,Org1MSP,Func4,"[10037"",""1003700"",""10004"",""1000400""]""",Org1MSP Org2MSP ,VALID,, 10004 10037,,WT,185,18084,0
2022-04-07T17:26:26.061Z,89fff61c9cfacca39ac3e1182a45360fcd214042aca2175b17c7b081771826f8,Org1MSP,Func1,"[22"",""12""]""",Org1MSP Org2MSP ,VALID, 12 22,,,RT,185,18131,0
2022-04-07T17:26:26.063Z,58821309f8becff7c48ad55cb38bfe24ece4aa26af7638a2e1a9531778c0a09b,Org1MSP,Func1,"[1"",""145""]""",Org1MSP Org2MSP ,VALID, 1 145,,,RT,185,18107,0
2022-04-07T17:26:26.063Z,966e81136773604c1b30ad4d7d018d73528730f7c1e62c55e6f24dbbebff7d8a,Org1MSP,Func4,"[10039"",""1003900"",""10095"",""1009500""]""",Org1MSP Org2MSP ,VALID,, 10039 10095,,WT,185,18135,0
2022-04-07T17:26:26.065Z,8b19da5ebccf84b2655c3fee276e2238e1130936eef1d31bdf58ba335039a4ab,Org1MSP,Func4,"[10030"",""1003000"",""10094"",""1009400""]""",Org1MSP Org2MSP ,VALID,, 10030 10094,,WT,185,18132,0
2022-04-07T17:26:26.069Z,be136b3ad0d0dda8fad95729a43c160e964c8e778be59182f19fb341dc23e4ae,Org1MSP,Func4,"[11777"",""1177700"",""10292"",""1029200""]""",Org1MSP Org2MSP ,VALID,, 10292 11777,,WT,185,18152,0
2022-04-07T17:26:26.155Z,34469d46ee10674c0ecb9fe17b9811299970d53497099a51d569836d2f7bea20,Org1MSP,Func1,"[6090"",""379""]""",Org1MSP Org2MSP ,VALID, 379 6090,,,RT,185,18100,0
2022-04-07T17:26:26.157Z,c9e89d5dcb7c4733f41624978110de9227b6b0f4eb0b4cdddcdf8b477c87bf66,Org1MSP,Func4,"[14989"",""1498900"",""10020"",""1002000""]""",Org1MSP Org2MSP ,VALID,, 10020 14989,,WT,185,18155,0
2022-04-07T17:26:26.158Z,77af940b0ae72d597e43c1a50c18917dfb75dfd653c322b5768027cb54087bb4,Org1MSP,Func4,"[10002"",""1000200"",""12133"",""1213300""]""",Org1MSP Org2MSP ,VALID,, 10002 12133,,WT,185,18118,0
2022-04-07T17:26:26.159Z,7e15776d3491c9ee7748cf16f6da0d7cfded32c39351086a8ad20c1fb5b1ebfd,Org1MSP,Func4,"[10031"",""1003100"",""11136"",""1113600""]""",Org1MSP Org2MSP ,VALID,, 10031 11136,,WT,185,18122,0
2022-04-07T17:26:26.161Z,9fccafaf74a1db32452e2dcdaddc067f7310f3a2f1140b37baa0fd13b0b1ec62,Org1MSP,Func7,"[214"",""100"",""181"",""100""]""",Org1MSP Org2MSP ,VALID, 181 214, 181 214,,UT,185,18140,0
2022-04-07T17:26:26.162Z,0926cddc5837c6130d787e017e7d7cb84dfae3db26377ad93f170bcaf4b5275a,Org1MSP,Func1,"[14"",""107""]""",Org1MSP Org2MSP ,VALID, 107 14,,,RT,185,18085,0
2022-04-07T17:26:26.162Z,8a7490a0b56b579becca8f4d91d75f723de0f807a0abf41796a4e0d1065e05bb,Org1MSP,Func7,"[74"",""100"",""12"",""100""]""",Org1MSP Org2MSP ,VALID, 12 74, 12 74,,UT,185,18182,0
2022-04-07T17:26:26.164Z,fb1ecfc9d7a32903b7ae44526844bc7aa399330ca0053d60490fb306f6883fb4,Org1MSP,Func4,"[10132"",""1013200"",""10021"",""1002100""]""",Org1MSP Org2MSP ,VALID,, 10021 10132,,WT,185,18177,0
2022-04-07T17:26:26.167Z,fd7d38dde1af730c48c47aea2b56a41fc74e8aa0758b44d461fa6d0a4b5f9382,Org1MSP,Func4,"[10001"",""1000100"",""13455"",""1345500""]""",Org1MSP Org2MSP ,VALID,, 10001 13455,,WT,185,18179,0
2022-04-07T17:26:26.255Z,1e7350f43e643d7220b7bf9c854492fe6e40f2761c69ab63226accf81f702d01,Org1MSP,Func4,"[10309"",""1030900"",""10000"",""1000000""]""",Org1MSP Org2MSP ,VALID,, 10000 10309,,WT,185,18089,0
2022-04-07T17:26:26.257Z,796f85d32320b4dbde405ae382e9c7fd57de7c89bc533b54275c94f7d4f79475,Org1MSP,Func7,"[208"",""100"",""208"",""100""]""",Org1MSP Org2MSP ,VALID, 208, 208,,UT,185,18119,0
2022-04-07T17:26:26.259Z,aedd17743008aa4484ee19e10dcd9ca6e06ca870e84d227574f6539baad358fb,Org1MSP,Func4,"[10033"",""1003300"",""10016"",""1001600""]""",Org1MSP Org2MSP ,VALID,, 10016 10033,,WT,185,18145,0
2022-04-07T17:26:26.259Z,dec98b14edd565a6284763cf9b8a43ba08553c7293ce0c55f9e835eefc810b88,Org1MSP,Func7,"[1507"",""100"",""254"",""100""]""",Org1MSP Org2MSP ,VALID, 1507 254, 1507 254,,UT,185,18161,0
2022-04-07T17:26:26.262Z,28d705d343ee53853e605a7842d3ce97f64e009f57f2bb586e914307b7d626a3,Org1MSP,Func4,"[10115"",""1011500"",""10042"",""1004200""]""",Org1MSP Org2MSP ,VALID,, 10042 10115,,WT,185,18097,0
2022-04-07T17:26:26.262Z,e35c591c83234a3d324ca2526f185c41d643c85483ecd6dfbe70a720df9702bb,Org1MSP,Func4,"[10004"",""1000400"",""10000"",""1000000""]""",Org1MSP Org2MSP ,VALID,, 10000 10004,,WT,185,18163,0
2022-04-07T17:26:26.263Z,e1b74db38386389a4a18a62148214f455fda00310f6a685518e1d43cdd951066,Org1MSP,Func4,"[10004"",""1000400"",""11630"",""1163000""]""",Org1MSP Org2MSP ,VALID,, 10004 11630,,WT,185,18162,0
2022-04-07T17:26:26.264Z,1a0e89b359a62f94d015119ab4eeb1a2e072d0f021a3c1da8d279af70a236f63,Org1MSP,Func4,"[10002"",""1000200"",""10213"",""1021300""]""",Org1MSP Org2MSP ,VALID,, 10002 10213,,WT,185,18087,0
2022-04-07T17:26:26.266Z,0484a2079a51d27d3d420f040faadbc078d0b276afc1249c8abd66184379269c,Org1MSP,Func4,"[10028"",""1002800"",""17610"",""1761000""]""",Org1MSP Org2MSP ,VALID,, 10028 17610,,WT,185,18082,0
2022-04-07T17:26:26.270Z,bd22064fceda2b787f06a3740bc383253ec8063a145b88bc76ffd01cea6a30bd,Org1MSP,Func1,"[27"",""1""]""",Org1MSP Org2MSP ,VALID, 1 27,,,RT,185,18150,0
2022-04-07T17:26:26.355Z,8f89068e6bcf5683dc05b030d4349bdd5f59c84a92e26b74e357ba50aa9579de,Org1MSP,Func4,"[10002"",""1000200"",""10458"",""1045800""]""",Org1MSP Org2MSP ,VALID,, 10002 10458,,WT,185,18133,0
2022-04-07T17:26:26.357Z,b86b4f8f3f2be475ea2fa10f9bdc0f7889458873bfa380311cfefa50249eb168,Org1MSP,Func4,"[10020"",""1002000"",""10082"",""1008200""]""",Org1MSP Org2MSP ,VALID,, 10020 10082,,WT,185,18147,0
2022-04-07T17:26:26.359Z,36ae0cf01670c40a7abaa5d0b78ce70791a6a7c477e859d10ce98df50c8115f4,Org1MSP,Func1,"[3"",""17""]""",Org1MSP Org2MSP ,VALID, 17 3,,,RT,185,18101,0
2022-04-07T17:26:26.360Z,e68b5aa3e251b3789b07e55e7e39cccdc8ad748b785e07103567baf313ad5bc0,Org1MSP,Func4,"[10000"",""1000000"",""10015"",""1001500""]""",Org1MSP Org2MSP ,VALID,, 10000 10015,,WT,185,18166,0
2022-04-07T17:26:26.362Z,89d280a20f97cf084148fe1a1e5e9de7162b6b1e638cdd9eba399e642618df26,Org1MSP,Func4,"[11624"",""1162400"",""10025"",""1002500""]""",Org1MSP Org2MSP ,VALID,, 10025 11624,,WT,185,18129,0
2022-04-07T17:26:26.362Z,f5c6359cdee2dfc2fe89419abeafd7ebdbcfeae22e670d5c13277f706548f58f,Org1MSP,Func4,"[10003"",""1000300"",""10005"",""1000500""]""",Org1MSP Org2MSP ,VALID,, 10003 10005,,WT,185,18174,0
2022-04-07T17:26:26.363Z,523ecad0d0be0d47e23e74dea6c6f10202617f08ed164cd2c84d24251bbfff1b,Org1MSP,Func1,"[664"",""1446""]""",Org1MSP Org2MSP ,VALID, 1446 664,,,RT,185,18105,0
2022-04-07T17:26:26.363Z,6fba2cdb942a812d4b3b9d4a7b6b09a35ab61e7ab1caadf6462894325fbe49b8,Org1MSP,Func4,"[10563"",""1056300"",""15578"",""1557800""]""",Org1MSP Org2MSP ,VALID,, 10563 15578,,WT,185,18114,0
2022-04-07T17:26:26.365Z,9faa2c8c36e9b2d586a0b724aefda4bf17f62bface184b365ebb208af0fdbf11,Org1MSP,Func4,"[13138"",""1313800"",""10005"",""1000500""]""",Org1MSP Org2MSP ,VALID,, 10005 13138,,WT,185,18139,0
2022-04-07T17:26:26.366Z,4005b635b5ddc4a65312d10c559189674f8ad79df844b89ea3e91a6d77d5c2fc,Org1MSP,Func1,"[530"",""3""]""",Org1MSP Org2MSP ,VALID, 3 530,,,RT,185,18102,0
2022-04-07T17:26:26.455Z,89d41416ace5934b0c7cbf819430d813f87f3a812e785ac164460e705b7826de,Org1MSP,Func4,"[12391"",""1239100"",""10605"",""1060500""]""",Org1MSP Org2MSP ,VALID,, 10605 12391,,WT,185,18130,0
2022-04-07T17:26:26.457Z,671f6a34ad517f191f505e585b681924981ee76fa86aa904ec4bc521d415714f,Org1MSP,Func4,"[10007"",""1000700"",""10386"",""1038600""]""",Org1MSP Org2MSP ,VALID,, 10007 10386,,WT,185,18110,0
2022-04-07T17:26:26.458Z,f1258c7d1dd05809d445c852c6d56676de66e48b2957a52a72ae6fcf675c3836,Org1MSP,Func4,"[10482"",""1048200"",""10003"",""1000300""]""",Org1MSP Org2MSP ,VALID,, 10003 10482,,WT,185,18170,0
2022-04-07T17:26:26.460Z,689e74ef5366a472fa8d254b01a682e88e46cf83a82ef6c68455658d6c4bbd0d,Org1MSP,Func7,"[149"",""100"",""3929"",""100""]""",Org1MSP Org2MSP ,VALID, 149 3929, 149 3929,,UT,185,18111,0
2022-04-07T17:26:26.460Z,efd221ea493b2c4bee3ce9d2ed61692add69c9dc08c5eba35ba4169602829c8c,Org1MSP,Func4,"[10004"",""1000400"",""10171"",""1017100""]""",Org1MSP Org2MSP ,VALID,, 10004 10171,,WT,185,18169,0
2022-04-07T17:26:26.461Z,3082a2fc7271a21bbbce756adcf983ec88d4651a7442f7aeb8e953d17811131d,Org1MSP,Func4,"[10001"",""1000100"",""10000"",""1000000""]""",Org1MSP Org2MSP ,VALID,, 10000 10001,,WT,185,18099,0
2022-04-07T17:26:26.462Z,c85556b8028a27d42237a34ce370dc098de77bf2c96b21cffc2446bc3b18bfaf,Org1MSP,Func4,"[10229"",""1022900"",""16776"",""1677600""]""",Org1MSP Org2MSP ,VALID,, 10229 16776,,WT,185,18154,0
2022-04-07T17:26:26.463Z,8769a7adeb44119f2d9f6eb7a513d427cc599027b10019c77858f0e1e448a543,Org1MSP,Func7,"[2"",""100"",""205"",""100""]""",Org1MSP Org2MSP ,VALID, 2 205, 2 205,,UT,185,18126,0
2022-04-07T17:26:26.466Z,d5680a8ef6545090e20be893016e11fb884f4f9b1102c4a32d4ca0ac1f2e1b1d,Org1MSP,Func4,"[16662"",""1666200"",""17024"",""1702400""]""",Org1MSP Org2MSP ,VALID,, 16662 17024,,WT,185,18158,0
2022-04-07T17:26:26.466Z,f4c2146ec4d89cdc94e4fad47aa9e4eec0b6f668b925af563c98b9306f470856,Org1MSP,Func4,"[10005"",""1000500"",""10001"",""1000100""]""",Org1MSP Org2MSP ,VALID,, 10001 10005,,WT,185,18173,0
2022-04-07T17:26:26.555Z,b4ad282cfc42c1221aafee855e8a1fd3e8f757a66ef22b5aa48b9ec57b98bc37,Org1MSP,Func4,"[10679"",""1067900"",""14255"",""1425500""]""",Org1MSP Org2MSP ,VALID,, 10679 14255,,WT,185,18146,0
2022-04-07T17:26:26.560Z,b99a25eae2a3344431cd0ed98445078f158cfc0defddd94da821c56311e53257,Org1MSP,Func4,"[10019"",""1001900"",""14743"",""1474300""]""",Org1MSP Org2MSP ,VALID,, 10019 14743,,WT,185,18148,0
2022-04-07T17:26:26.560Z,da566c5b2e77af50f0ecb34f4f0d416178dbd8d7fb24e768b5f3be3d7ce80edf,Org1MSP,Func1,"[5604"",""9""]""",Org1MSP Org2MSP ,VALID, 5604 9,,,RT,185,18159,0
2022-04-07T17:26:26.561Z,fc07abbfcee30b24197e20db87cd5ac9bd826d1eb38c147a0b83f613d1e1348a,Org1MSP,Func4,"[12549"",""1254900"",""10003"",""1000300""]""",Org1MSP Org2MSP ,VALID,, 10003 12549,,WT,185,18178,0
2022-04-07T17:26:26.561Z,b19e1fec249c869dfe6bcc000a8a015c1a79c3091637aa051e42674866a9c165,Org1MSP,Func7,"[86"",""100"",""14"",""100""]""",Org1MSP Org2MSP ,VALID, 14 86, 14 86,,UT,185,18181,0
2022-04-07T17:26:26.562Z,2406797745e35e758afd369fad2ef770b5555cea5208224b6bf52d5b615685a8,Org1MSP,Func4,"[10011"",""1001100"",""10003"",""1000300""]""",Org1MSP Org2MSP ,VALID,, 10003 10011,,WT,185,18092,0
2022-04-07T17:26:26.564Z,0357580152e93370b28c706261af57edeef5d153b5c9c1c4cf6ba38facbe44d2,Org1MSP,Func4,"[12514"",""1251400"",""10002"",""1000200""]""",Org1MSP Org2MSP ,VALID,, 10002 12514,,WT,185,18081,0
2022-04-07T17:26:26.564Z,298f7f8fd87ccd1026d319bf97d58c3a9d7c7c6fbcc38992c9d9c937d4a7f3cc,Org1MSP,Func4,"[11007"",""1100700"",""10280"",""1028000""]""",Org1MSP Org2MSP ,VALID,, 10280 11007,,WT,185,18098,0
2022-04-07T17:26:26.566Z,ccffe7cd8163afc5e9af2e05b67a3628a6657a27054d7007907e2e9ac0ddd982,Org1MSP,Func4,"[12093"",""1209300"",""10011"",""1001100""]""",Org1MSP Org2MSP ,VALID,, 10011 12093,,WT,185,18156,0
2022-04-07T17:26:26.567Z,79edce55fbc6cf49127c068e98c9fe9e1c1afddd27f4d35337d6297e85bca2cf,Org1MSP,Func1,"[30"",""336""]""",Org1MSP Org2MSP ,VALID, 30 336,,,RT,185,18120,0
2022-04-07T17:26:26.657Z,a68ca2899c844bedcd8d492667d00fa1546dc66336d3fc57041b0ff09c0aa923,Org1MSP,Func4,"[10471"",""1047100"",""10002"",""1000200""]""",Org1MSP Org2MSP ,VALID,, 10002 10471,,WT,185,18143,0
2022-04-07T17:26:26.658Z,bd2491313145be192f151818346dc49daecee65e710bab6474cbb25a38064a12,Org1MSP,Func7,"[105"",""100"",""99"",""100""]""",Org1MSP Org2MSP ,VALID, 105 99, 105 99,,UT,185,18151,0
2022-04-07T17:26:26.658Z,fa53b1205cb2b4655fa5b833462aa90f2699f519d35e1609b3dda8a2fb741c6b,Org1MSP,Func1,"[6"",""851""]""",Org1MSP Org2MSP ,VALID, 6 851,,,RT,185,18175,0
2022-04-07T17:26:26.659Z,a3e36bb8193beb0d169238633fec332a55355874fc8e8cd80a3aa277488e4471,Org1MSP,Func7,"[4131"",""100"",""3753"",""100""]""",Org1MSP Org2MSP ,VALID, 3753 4131, 3753 4131,,UT,185,18142,0
2022-04-07T17:26:26.661Z,220d65a57fc016baec074a1313023f23955f96e43c3c5017d04be7082a680433,Org1MSP,Func4,"[15424"",""1542400"",""10029"",""1002900""]""",Org1MSP Org2MSP ,VALID,, 10029 15424,,WT,185,18091,0
2022-04-07T17:26:26.661Z,f461a6092f83e9403ac64c8fafcb789a890a6a9e0792b1831eb8daf05875b1f1,Org1MSP,Func4,"[10000"",""1000000"",""10009"",""1000900""]""",Org1MSP Org2MSP ,VALID,, 10000 10009,,WT,185,18172,0
2022-04-07T17:26:26.664Z,a072a797da74ea82a4a6d5fb11b976d40b87dbbebf968190b58b70f78bc21eb9,Org1MSP,Func4,"[10563"",""1056300"",""12551"",""1255100""]""",Org1MSP Org2MSP ,VALID,, 10563 12551,,WT,185,18141,0
2022-04-07T17:26:26.664Z,ea47f0e644a9fd0af097b9ff1b422e08e31203d89a8abacc04d5d48ddd0a9921,Org1MSP,Func4,"[10061"",""1006100"",""10000"",""1000000""]""",Org1MSP Org2MSP ,VALID,, 10000 10061,,WT,185,18168,0
2022-04-07T17:26:26.664Z,feca89263c8ad187b6fcba9a53990297f210583a7388f5328adc1606fadd2211,Org1MSP,Func4,"[10000"",""1000000"",""17988"",""1798800""]""",Org1MSP Org2MSP ,VALID,, 10000 17988,,WT,185,18180,0
2022-04-07T17:26:26.667Z,287b661f7f3e4b28c0caaf67cc42f05fa72e221be0218bb2ca9493cfe89935b3,Org1MSP,Func7,"[87"",""100"",""408"",""100""]""",Org1MSP Org2MSP ,VALID, 408 87, 408 87,,UT,185,18096,0
2022-04-07T17:26:26.757Z,b9a684677184444640143d890121d1f7170c96280b8f1269b2569c891e286530,Org1MSP,Func4,"[10112"",""1011200"",""15668"",""1566800""]""",Org1MSP Org2MSP ,VALID,, 10112 15668,,WT,185,18149,0
2022-04-07T17:26:26.760Z,6392611c93a4d8839e6217b541c5dbea6e8d78c7bf036b8d9bf5b7c6cebe4dcc,Org1MSP,Func4,"[10004"",""1000400"",""10287"",""1028700""]""",Org1MSP Org2MSP ,VALID,, 10004 10287,,WT,185,18109,0
2022-04-07T17:26:26.760Z,c437edfe708ac3e94ac399e1be89688004852dfba7a9a53536eb93b7d314508f,Org1MSP,Func4,"[10023"",""1002300"",""10760"",""1076000""]""",Org1MSP Org2MSP ,VALID,, 10023 10760,,WT,185,18153,0
2022-04-07T17:26:26.761Z,72fd93ba475ee201af1a43146ee76bcc9c70c0f67dffe17cc2b2fca2787184e1,Org1MSP,Func1,"[5313"",""162""]""",Org1MSP Org2MSP ,VALID, 162 5313,,,RT,185,18116,0
2022-04-07T17:26:26.762Z,fad68ff01055e83b07b544f4f31c23ef2de2c1d08a4371679a2e707bb6e5a0c1,Org1MSP,Func1,"[3485"",""83""]""",Org1MSP Org2MSP ,VALID, 3485 83,,,RT,185,18176,0
2022-04-07T17:26:26.762Z,a752c947aaf0ce68e9e0641c35c9e44bc18cfae62da7255beafb76c069a6ff4a,Org1MSP,Func7,"[870"",""100"",""1"",""100""]""",Org1MSP Org2MSP ,VALID, 1 870, 1 870,,UT,185,18185,0
2022-04-07T17:26:26.763Z,4c2a923894c8c41c35b83a83ae27fa4f293a9b880492da1caa2e2b1d2110dc05,Org1MSP,Func4,"[10038"",""1003800"",""10218"",""1021800""]""",Org1MSP Org2MSP ,VALID,, 10038 10218,,WT,185,18104,0
2022-04-07T17:26:26.765Z,f3f1149219d071f48d69ff3c478dc5421c88b943afaf42d96168fc177cc9b17d,Org1MSP,Func4,"[10010"",""1001000"",""10543"",""1054300""]""",Org1MSP Org2MSP ,VALID,, 10010 10543,,WT,185,18171,0
2022-04-07T17:26:26.772Z,5ea57c186b2504a56f158af98c5141e88c9f32b7fd535cfebc8154c4b173495b,Org1MSP,Func4,"[15716"",""1571600"",""10007"",""1000700""]""",Org1MSP Org2MSP ,VALID,, 10007 15716,,WT,185,18108,0
2022-04-07T17:26:26.856Z,e5859c647fffa2349b87fef01f3db808821adc017c03f36ef993d6747edbe5f2,Org1MSP,Func1,"[139"",""7929""]""",Org1MSP Org2MSP ,VALID, 139 7929,,,RT,185,18165,0
2022-04-07T17:26:26.857Z,ce567fb89561008a76e49dd682013c08983bf51d52d48ab2db57f96c6fd6a42c,Org1MSP,Func4,"[18570"",""1857000"",""10144"",""1014400""]""",Org1MSP Org2MSP ,VALID,, 10144 18570,,WT,185,18157,0
2022-04-07T17:26:26.860Z,40bd0564fb2f16af24cb176ddbb7ebca5acd9107a2a812fe2f863003e6ee6351,Org1MSP,Func4,"[10010"",""1001000"",""10614"",""1061400""]""",Org1MSP Org2MSP ,VALID,, 10010 10614,,WT,185,18103,0
2022-04-07T17:26:26.860Z,9671ef65166f2d0d93c390ef82c0ff2b3667f4b706ee808eaff7ff821c5f298f,Org1MSP,Func4,"[10002"",""1000200"",""10006"",""1000600""]""",Org1MSP Org2MSP ,VALID,, 10002 10006,,WT,185,18136,0
2022-04-07T17:26:26.860Z,dc1345410885d0c79c4efe6f6f805dc3bd6d40c1be9dba03bfe6da7b75ef7f4d,Org1MSP,Func4,"[10021"",""1002100"",""10014"",""1001400""]""",Org1MSP Org2MSP ,VALID,, 10014 10021,,WT,185,18160,0
2022-04-07T17:26:26.862Z,070356b9ba789bb16c1cd2c7b225a6d48754327c94f792cb12712078ce34e24a,Org1MSP,Func4,"[10137"",""1013700"",""10080"",""1008000""]""",Org1MSP Org2MSP ,VALID,, 10080 10137,,WT,185,18083,0
2022-04-07T17:26:26.862Z,67d53cc4eb50f5a88a29c991b1d9ec26987b3e51c27c431611a13ad0fce197e2,Org1MSP,Func1,"[135"",""1""]""",Org1MSP Org2MSP ,VALID, 1 135,,,RT,185,18183,0
2022-04-07T17:26:26.863Z,88ec74c006339256f2b5564104c7d4c66d363945b47319f202e3a7d30eb00abb,Org1MSP,Func1,"[6828"",""1572""]""",Org1MSP Org2MSP ,VALID, 1572 6828,,,RT,185,18128,0
2022-04-07T17:26:26.864Z,80066670fdcee8e109732c2982c006542bf24ef951196c5d67defab614277e89,Org1MSP,Func4,"[10002"",""1000200"",""11970"",""1197000""]""",Org1MSP Org2MSP ,VALID,, 10002 11970,,WT,185,18123,0
2022-04-07T17:26:26.868Z,2847098bbfe18adf71f0051633d8dcb7eda88c6b89558318ebbf1f526964edfc,Org1MSP,Func4,"[10027"",""1002700"",""11544"",""1154400""]""",Org1MSP Org2MSP ,VALID,, 10027 11544,,WT,185,18095,0
2022-04-07T17:26:26.956Z,e4e8cd3f221fe9494d89c7270510e328f68af7f66a9e364481c0f6b19c574792,Org1MSP,Func4,"[10062"",""1006200"",""10339"",""1033900""]""",Org1MSP Org2MSP ,VALID,, 10062 10339,,WT,185,18164,0
2022-04-07T17:26:26.957Z,1b10a40099cb498e8dd2650cfd8cb95be924661349ff7b82446f5055a7a943b1,Org1MSP,Func4,"[10052"",""1005200"",""10004"",""1000400""]""",Org1MSP Org2MSP ,VALID,, 10004 10052,,WT,185,18088,0
2022-04-07T17:26:26.958Z,69f2f4c6eede87ddf2308b00a2643c868ac640b2bebaef98ff1fd4a2ed9f2ff1,Org1MSP,Func1,"[6975"",""140""]""",Org1MSP Org2MSP ,VALID, 140 6975,,,RT,185,18112,0
2022-04-07T17:26:26.959Z,147d8c86931f0645d650808db7da5ccbdfa5e71f3251133b78df0b4cdee6042f,Org1MSP,Func7,"[2854"",""100"",""8654"",""100""]""",Org1MSP Org2MSP ,VALID, 2854 8654, 2854 8654,,UT,185,18086,0
2022-04-07T17:26:26.960Z,85f884127f9879866df4d4356e1e7ba0a1aaac5a888c6ad1d5358fae23a12267,Org1MSP,Func4,"[13595"",""1359500"",""10080"",""1008000""]""",Org1MSP Org2MSP ,VALID,, 10080 13595,,WT,185,18124,0
2022-04-07T17:26:26.962Z,18013a52f39f8c0088a43ba774f513d7005f58fd6c5a3a5439b28babe2dfedf0,Org1MSP,Func1,"[1"",""666""]""",Org1MSP Org2MSP ,VALID, 1 666,,,RT,185,18184,0
2022-04-07T17:26:26.963Z,9cd602ea5ea14da8472f7ea7e269e4fd3a37e5f681b665673a52b2ef450f089c,Org1MSP,Func4,"[10004"",""1000400"",""16070"",""1607000""]""",Org1MSP Org2MSP ,VALID,, 10004 16070,,WT,185,18138,0
2022-04-07T17:26:26.963Z,acf74756799679aea1b75291090d1038f5f799f412d8f835cb186a5585b8e0da,Org1MSP,Func7,"[42"",""100"",""130"",""100""]""",Org1MSP Org2MSP ,VALID, 130 42, 130 42,,UT,185,18144,0
2022-04-07T17:26:26.964Z,1fa30c0876c2ccf400883b916cf4af09e13a84a7966f3454a5a9cc3750f28efd,Org1MSP,Func4,"[10740"",""1074000"",""10064"",""1006400""]""",Org1MSP Org2MSP ,VALID,, 10064 10740,,WT,185,18090,0
2022-04-07T17:26:26.967Z,54bb10c47b9196206b5a813145b266d387d1dad51c1ad7e2cf80e9df74584190,Org1MSP,Func4,"[10062"",""1006200"",""10006"",""1000600""]""",Org1MSP Org2MSP ,VALID,, 10006 10062,,WT,185,18106,0
2022-04-07T17:26:27.056Z,be4ae2795f49000fc12ecc5982444198b347d81ad26023173b6257c8040d6ea5,Org1MSP,Func7,"[4935"",""100"",""402"",""100""]""",Org1MSP Org2MSP ,VALID, 402 4935, 402 4935,,UT,186,18245,0
2022-04-07T17:26:27.058Z,855774acca604c74590e2cd9150bb02040af6ad5bc87fbf7bc89e681b0903db3,Org1MSP,Func1,"[8"",""3""]""",Org1MSP Org2MSP ,VALID, 3 8,,,RT,186,18222,0
2022-04-07T17:26:27.059Z,577d26fb6b0f767b557d3bf9e8485a2c852c7dc8b33dfa3485181225bbad4be8,Org1MSP,Func4,"[10010"",""1001000"",""10005"",""1000500""]""",Org1MSP Org2MSP ,VALID,, 10005 10010,,WT,186,18208,0
2022-04-07T17:26:27.060Z,6afc94d9c853f22f542ccf84d7465f7554344e11b3f3bcbf8170af6357e71f8a,Org1MSP,Func1,"[467"",""4305""]""",Org1MSP Org2MSP ,VALID, 4305 467,,,RT,186,18214,0
2022-04-07T17:26:27.060Z,f9a2422237e7b9bd1bf04658d2565bb9e31317919cc3150f41beef6b119aee1f,Org1MSP,Func4,"[17198"",""1719800"",""17007"",""1700700""]""",Org1MSP Org2MSP ,VALID,, 17007 17198,,WT,186,18270,0
2022-04-07T17:26:27.061Z,e1e9c758d44a798de06e065dde553e600cc3226ce0844e5bfe86c30b5a6b5801,Org1MSP,Func4,"[10081"",""1008100"",""14338"",""1433800""]""",Org1MSP Org2MSP ,VALID,, 10081 14338,,WT,186,18263,0
2022-04-07T17:26:27.063Z,5b152d5a5c1d7a11a096821a3aefbec568de357ab520c0e33d7ed09e594a298c,Org1MSP,Func4,"[11227"",""1122700"",""10031"",""1003100""]""",Org1MSP Org2MSP ,VALID,, 10031 11227,,WT,186,18209,0
2022-04-07T17:26:27.064Z,34187a1301fa7e97f13ca055d61e79df1d614d34bea2d1ef2773be94e6873213,Org1MSP,Func4,"[10001"",""1000100"",""10291"",""1029100""]""",Org1MSP Org2MSP ,VALID,, 10001 10291,,WT,186,18200,0
2022-04-07T17:26:27.066Z,182dd129d2e72ccf2abb31879b33ed9e14f76112d7a2fab23b7c4404a58832a6,Org1MSP,Func4,"[10175"",""1017500"",""10001"",""1000100""]""",Org1MSP Org2MSP ,VALID,, 10001 10175,,WT,186,18190,0
2022-04-07T17:26:27.155Z,dcee8d77fbd13c6ef27db471d3dcf454dd5f06e95671be328a52a35e061ea29f,Org1MSP,Func1,"[1"",""5241""]""",Org1MSP Org2MSP ,VALID, 1 5241,,,RT,186,18260,0
2022-04-07T17:26:27.156Z,40f991b4560c9ef070f788c55a4ef1c21eecc1e2a83a1a8278ace2885e3193a8,Org1MSP,Func4,"[10944"",""1094400"",""10056"",""1005600""]""",Org1MSP Org2MSP ,VALID,, 10056 10944,,WT,186,18204,0
2022-04-07T17:26:27.159Z,c3b4cf331dd1cb81362618a2598276076f04230149ba6763a88eff0dc21c27de,Org1MSP,Func4,"[10233"",""1023300"",""12812"",""1281200""]""",Org1MSP Org2MSP ,VALID,, 10233 12812,,WT,186,18246,0
2022-04-07T17:26:27.160Z,0eaddf11802c6abc4257dbe674ec214a92847224dccf8dd608b6d58c04af7be8,Org1MSP,Func4,"[10379"",""1037900"",""11455"",""1145500""]""",Org1MSP Org2MSP ,VALID,, 10379 11455,,WT,186,18187,0
2022-04-07T17:26:27.162Z,37d392cc2072cdeef669988ca0d520617e954aa943a554ef3fc6004e0ee4adbe,Org1MSP,Func7,"[6980"",""100"",""8259"",""100""]""",Org1MSP Org2MSP ,VALID, 6980 8259, 6980 8259,,UT,186,18202,0
2022-04-07T17:26:27.162Z,a3a7e1ac002ef7ad5b165e6885fe2119498c769ba3f9e316329de8516b4f0605,Org1MSP,Func1,"[36"",""13""]""",Org1MSP Org2MSP ,VALID, 13 36,,,RT,186,18236,0
2022-04-07T17:26:27.163Z,cf445d60d37fcbcef47185e615c7e97f6015cf0cdc3327d6c8f3f6d58b6e3ad1,Org1MSP,Func4,"[10000"",""1000000"",""11919"",""1191900""]""",Org1MSP Org2MSP ,VALID,, 10000 11919,,WT,186,18255,0
2022-04-07T17:26:27.164Z,0d18c6f5f8b4c23482a5e3aa787c744ded38d8b240a2198f1cdbfc13ec6a0b0f,Org1MSP,Func7,"[7903"",""100"",""1855"",""100""]""",Org1MSP Org2MSP ,VALID, 1855 7903, 1855 7903,,UT,186,18186,0
2022-04-07T17:26:27.168Z,c82cdafa882acb165168f8e0875b9064429552344a9bea0db6188c4833e495d0,Org1MSP,Func4,"[10529"",""1052900"",""10432"",""1043200""]""",Org1MSP Org2MSP ,VALID,, 10432 10529,,WT,186,18250,0
2022-04-07T17:26:27.255Z,9fa54d73ab01b414a843eb586a6afa0070452b263228bb8981577644b9c5f13b,Org1MSP,Func4,"[10008"",""1000800"",""10010"",""1001000""]""",Org1MSP Org2MSP ,VALID,, 10008 10010,,WT,186,18235,0
2022-04-07T17:26:27.258Z,319de52139602cbe41b2ed9afaaf6736a2b3d6ef64ec28212cefe9d76cd61b5a,Org1MSP,Func4,"[10265"",""1026500"",""11289"",""1128900""]""",Org1MSP Org2MSP ,VALID,, 10265 11289,,WT,186,18198,0
2022-04-07T17:26:27.258Z,77c419cdc6f265e6ef720fffeb7ba884a00c642f697f5d3313ceb3b13cd0098c,Org1MSP,Func4,"[10004"",""1000400"",""10003"",""1000300""]""",Org1MSP Org2MSP ,VALID,, 10003 10004,,WT,186,18218,0
2022-04-07T17:26:27.258Z,cea573baebcb4914c46605804c887bbcd0577982e0a8147a093bee29c99f6501,Org1MSP,Func4,"[10037"",""1003700"",""10003"",""1000300""]""",Org1MSP Org2MSP ,VALID,, 10003 10037,,WT,186,18254,0
2022-04-07T17:26:27.261Z,bafbbd6837d14ebbf37030f0df1677c667f606ce6e51df286dd8735a1b551fef,Org1MSP,Func1,"[2447"",""1""]""",Org1MSP Org2MSP ,VALID, 1 2447,,,RT,186,18244,0
2022-04-07T17:26:27.261Z,e626008ad2bb5917405fee6728ef5a3c53bfae0ad46cebfd19adf2ca6175831d,Org1MSP,Func4,"[10000"",""1000000"",""10602"",""1060200""]""",Org1MSP Org2MSP ,VALID,, 10000 10602,,WT,186,18264,0
2022-04-07T17:26:27.262Z,fc158d60d37eff9fa3f1dfc097584876657ad6fe4c4807fbe1815e2048151a8d,Org1MSP,Func4,"[10001"",""1000100"",""10003"",""1000300""]""",Org1MSP Org2MSP ,VALID,, 10001 10003,,WT,186,18272,0
2022-04-07T17:26:27.263Z,984a7cd692c6b7b0b77fd598d82b1726525b8523b11e649cf8746f818e4ffb68,Org1MSP,Func4,"[10175"",""1017500"",""16433"",""1643300""]""",Org1MSP Org2MSP ,VALID,, 10175 16433,,WT,186,18228,0
2022-04-07T17:26:27.265Z,c923c30961d40c5d5546028c06c2334f1806b9ad00302e049ab26e57a6c29a1d,Org1MSP,Func1,"[3369"",""446""]""",Org1MSP Org2MSP ,VALID, 3369 446,,,RT,186,18251,0
2022-04-07T17:26:27.266Z,1cda85d18e8e8ee8376253b56407e854c6ae0261339b63a44a98fbd36a5ceeb7,Org1MSP,Func7,"[4"",""100"",""4"",""100""]""",Org1MSP Org2MSP ,VALID, 4, 4,,UT,186,18276,0
2022-04-07T17:26:27.355Z,e1ca30d9362f99a60f7fb0722640e055714283a358c40390ac757a27f2c61191,Org1MSP,Func7,"[495"",""100"",""953"",""100""]""",Org1MSP Org2MSP ,VALID, 495 953, 495 953,,UT,186,18262,0
2022-04-07T17:26:27.357Z,74d7472d3c7957b49111c70bb6c4ac6f435115d06bf44d35a35624e7f3388219,Org1MSP,Func4,"[11047"",""1104700"",""10017"",""1001700""]""",Org1MSP Org2MSP ,VALID,, 10017 11047,,WT,186,18217,0
2022-04-07T17:26:27.357Z,fdde3fb3bad9d4f11ba1f3f2986dc391d9381eded882079a95cd09c65df207e1,Org1MSP,Func4,"[17792"",""1779200"",""14512"",""1451200""]""",Org1MSP Org2MSP ,VALID,, 14512 17792,,WT,186,18274,0
2022-04-07T17:26:27.360Z,17e4ca9afc8f3faf317fa002c178df5fc141e9df043a0e989c0fc0129feba404,Org1MSP,Func1,"[1"",""18""]""",Org1MSP Org2MSP ,VALID, 1 18,,,RT,186,18189,0
2022-04-07T17:26:27.361Z,fd87857d5f90ff21550f91761c751de37761f5a5c1ca3bbc575175f27c7e2156,Org1MSP,Func4,"[10010"",""1001000"",""10076"",""1007600""]""",Org1MSP Org2MSP ,VALID,, 10010 10076,,WT,186,18273,0
2022-04-07T17:26:27.363Z,195aeef5c4a77d5acde36d84d874e0038d6a41ec9dfd8cc985836706df4fa403,Org1MSP,Func1,"[8"",""48""]""",Org1MSP Org2MSP ,VALID, 48 8,,,RT,186,18191,0
2022-04-07T17:26:27.363Z,ab0b75639ab629c376d8b76bc52c4e4bae959b48abc831be5a317bf7bfa3ae6f,Org1MSP,Func4,"[10320"",""1032000"",""10141"",""1014100""]""",Org1MSP Org2MSP ,VALID,, 10141 10320,,WT,186,18237,0
2022-04-07T17:26:27.366Z,9c43a187cf19a83157a0c98e45415f44e34a1aac7fa17f798ef6cdf1e040cab0,Org1MSP,Func4,"[10401"",""1040100"",""10161"",""1016100""]""",Org1MSP Org2MSP ,VALID,, 10161 10401,,WT,186,18232,0
2022-04-07T17:26:27.367Z,cf57df3b2c2597e0cce06ad6883b1baa0b7527444d529382385937958962ba3b,Org1MSP,Func4,"[10008"",""1000800"",""10006"",""1000600""]""",Org1MSP Org2MSP ,VALID,, 10006 10008,,WT,186,18256,0
2022-04-07T17:26:27.454Z,3051f5d2f4fc7d00d7b8e4f3db2fc5a533110d6ee88239ac97e33ddc9704cc6c,Org1MSP,Func4,"[13505"",""1350500"",""12149"",""1214900""]""",Org1MSP Org2MSP ,VALID,, 12149 13505,,WT,186,18197,0
2022-04-07T17:26:27.459Z,8b2387b44b45959e3a1f01352151186c91664660d932eec4864e6162ddaffe52,Org1MSP,Func4,"[10050"",""1005000"",""10012"",""1001200""]""",Org1MSP Org2MSP ,VALID,, 10012 10050,,WT,186,18225,0
2022-04-07T17:26:27.459Z,d39437bc458a932e98c4ef929361c6e3060e38671911cf3323d61b44531a6dea,Org1MSP,Func1,"[1670"",""2""]""",Org1MSP Org2MSP ,VALID, 1670 2,,,RT,186,18258,0
2022-04-07T17:26:27.459Z,88bed201df9eb43e9fb20752219d90a0678b10806ecf48963be2c91f2187a3a5,Org1MSP,Func7,"[1"",""100"",""1"",""100""]""",Org1MSP Org2MSP ,VALID, 1, 1,,UT,186,18282,0
2022-04-07T17:26:27.460Z,c4f2d21ad140a1514cd9fd0ed86884dba4b133134d5a97bee486c4711c4d51d4,Org1MSP,Func4,"[12729"",""1272900"",""10000"",""1000000""]""",Org1MSP Org2MSP ,VALID,, 10000 12729,,WT,186,18247,0
2022-04-07T17:26:27.461Z,caa362befe14f9cbc0de1783f46803399e30e563e2319988ab6e476b84f9c7e7,Org1MSP,Func4,"[11895"",""1189500"",""10018"",""1001800""]""",Org1MSP Org2MSP ,VALID,, 10018 11895,,WT,186,18252,0
2022-04-07T17:26:27.463Z,221ffeebf97a9c85f6ccd4fc4587a81df4cdfcf7a26797e2d26ad5310eb91a65,Org1MSP,Func4,"[10031"",""1003100"",""10001"",""1000100""]""",Org1MSP Org2MSP ,VALID,, 10001 10031,,WT,186,18194,0
2022-04-07T17:26:27.463Z,b2622e817ebd9153d5828d6d8bbac6698bfd17fac4dd04c2f08b4f7d83209466,Org1MSP,Func4,"[10003"",""1000300"",""10128"",""1012800""]""",Org1MSP Org2MSP ,VALID,, 10003 10128,,WT,186,18240,0
2022-04-07T17:26:27.464Z,9a972169cdd1a333372c18c38223db846c54236f6143a551523faa60e74877d5,Org1MSP,Func7,"[197"",""100"",""11"",""100""]""",Org1MSP Org2MSP ,VALID, 11 197, 11 197,,UT,186,18229,0
2022-04-07T17:26:27.466Z,6d14976313294e519a7aa3de7595ad9eca89096459794c5cfcae8bb6d7e2dc4f,Org1MSP,Func7,"[5"",""100"",""1975"",""100""]""",Org1MSP Org2MSP ,VALID, 1975 5, 1975 5,,UT,186,18215,0
2022-04-07T17:26:27.554Z,ba0f239a992e06c39c4131df6e214832d0541f219825476f1cccc81657c45a0f,Org1MSP,Func4,"[10195"",""1019500"",""15286"",""1528600""]""",Org1MSP Org2MSP ,VALID,, 10195 15286,,WT,186,18243,0
2022-04-07T17:26:27.557Z,7d4a1a4232ce03903e83aae3c6d825ca23be73711f4d9b666b3ddd85485367ea,Org1MSP,Func1,"[198"",""67""]""",Org1MSP Org2MSP ,VALID, 198 67,,,RT,186,18219,0
2022-04-07T17:26:27.558Z,fed025378b0fa62cddc2926cc29d5d94b246ed41048e04511b692cc12079b284,Org1MSP,Func4,"[10018"",""1001800"",""11845"",""1184500""]""",Org1MSP Org2MSP ,VALID,, 10018 11845,,WT,186,18275,0
2022-04-07T17:26:27.559Z,43c4a72ffcad7d46f9afdc9a5bc57f5200933aa5d519ffce14b6b0aa18d951f1,Org1MSP,Func1,"[5354"",""179""]""",Org1MSP Org2MSP ,VALID, 179 5354,,,RT,186,18205,0
2022-04-07T17:26:27.560Z,b44394d0f3f5a2691b9c48c275c795d6c5cc99018d7d3f096f7ec12c58b8bdb3,Org1MSP,Func4,"[10002"",""1000200"",""10342"",""1034200""]""",Org1MSP Org2MSP ,VALID,, 10002 10342,,WT,186,18241,0
2022-04-07T17:26:27.562Z,9ebc7c6df983d5182a5cf8e9dd451afebef8b5a869e07a52409c8e11fc4ebaaf,Org1MSP,Func4,"[10194"",""1019400"",""10086"",""1008600""]""",Org1MSP Org2MSP ,VALID,, 10086 10194,,WT,186,18234,0
2022-04-07T17:26:27.563Z,67acce8ec6d5d2a4d880ee881b6ce1723aefd542e1c3c93f90b0d21f009fdd47,Org1MSP,Func1,"[1"",""50""]""",Org1MSP Org2MSP ,VALID, 1 50,,,RT,186,18279,0
2022-04-07T17:26:27.565Z,b03836871aa5665fbc14baafefeb485cebafbb1c08e0248501afa77c81e8c6de,Org1MSP,Func7,"[30"",""100"",""110"",""100""]""",Org1MSP Org2MSP ,VALID, 110 30, 110 30,,UT,186,18281,0
2022-04-07T17:26:27.655Z,c57cfc14c372438b82a667adeb138606f9f5498e18e8a60d85becda6a461bdce,Org1MSP,Func7,"[6820"",""100"",""15"",""100""]""",Org1MSP Org2MSP ,VALID, 15 6820, 15 6820,,UT,186,18248,0
2022-04-07T17:26:27.657Z,1e4d12706a248392d5c1fb88995b2f0e76205825f0a16838ecaf19d3f64496d3,Org1MSP,Func7,"[6665"",""100"",""6679"",""100""]""",Org1MSP Org2MSP ,VALID, 6665 6679, 6665 6679,,UT,186,18193,0
2022-04-07T17:26:27.658Z,abde5b88b8c4dc061003ec7a66b22e70e214b0817d78f2498daeadd09611970e,Org1MSP,Func1,"[2692"",""2""]""",Org1MSP Org2MSP ,VALID, 2 2692,,,RT,186,18238,0
2022-04-07T17:26:27.658Z,19bf77197dc5c8723bb99bd4371469c780eadf5b9f6a7803053b3b55c1495bd4,Org1MSP,Func7,"[3449"",""100"",""8"",""100""]""",Org1MSP Org2MSP ,VALID, 3449 8, 3449 8,,UT,186,18277,0
2022-04-07T17:26:27.660Z,e876226be2b2c73bf57873cf12bcb0af582cb96de495b984abc6977e506309cf,Org1MSP,Func7,"[3409"",""100"",""242"",""100""]""",Org1MSP Org2MSP ,VALID, 242 3409, 242 3409,,UT,186,18265,0
2022-04-07T17:26:27.662Z,0ecf2cce6325b344cb6e07fb6385c8564ebc8aca580cb5d4068634df46461c3b,Org1MSP,Func1,"[4"",""2838""]""",Org1MSP Org2MSP ,VALID, 2838 4,,,RT,186,18188,0
2022-04-07T17:26:27.663Z,64bada35df2bfb8578a375aaf33dbaa1a7c147de84a3f4d70c335822cb4a9413,Org1MSP,Func1,"[2501"",""614""]""",Org1MSP Org2MSP ,VALID, 2501 614,,,RT,186,18213,0
2022-04-07T17:26:27.663Z,9d75de12b444c9696ff7bdf4613917c884659600e9330842f415c6321a327be8,Org1MSP,Func7,"[2717"",""100"",""47"",""100""]""",Org1MSP Org2MSP ,VALID, 2717 47, 2717 47,,UT,186,18233,0
2022-04-07T17:26:27.664Z,a2818e02f23035c957c663e35569863b1250c0020286b2989f49a557213aef04,Org1MSP,Func1,"[1"",""1""]""",Org1MSP Org2MSP ,VALID, 1,,,RT,186,18280,0
2022-04-07T17:26:27.667Z,cdf15b2d8b8acbd925b8fbe3b67c03f31f45717f98795811fab692b41926bbdb,Org1MSP,Func1,"[323"",""83""]""",Org1MSP Org2MSP ,VALID, 323 83,,,RT,186,18253,0
2022-04-07T17:26:27.754Z,f24808cb7a265f5e2b95fdec3555ec963074382f1f6f642694be3c2d522d1c2f,Org1MSP,Func4,"[10102"",""1010200"",""11702"",""1170200""]""",Org1MSP Org2MSP ,VALID,, 10102 11702,,WT,186,18268,0
2022-04-07T17:26:27.757Z,f1192e09165f4e0094fc23b68ef66f61f3e3765dab0a3ce6e4fe186cee44028e,Org1MSP,Func4,"[10000"",""1000000"",""10030"",""1003000""]""",Org1MSP Org2MSP ,VALID,, 10000 10030,,WT,186,18267,0
2022-04-07T17:26:27.758Z,70c3048ebeb247d12c0757618b7c6bb4d0866401a68aea43ecf859bb76bd98e9,Org1MSP,Func4,"[10002"",""1000200"",""15067"",""1506700""]""",Org1MSP Org2MSP ,VALID,, 10002 15067,,WT,186,18216,0
2022-04-07T17:26:27.758Z,8d321a629cb1b50ac77f14d25fc7809251055f75446d7e76cd42a25d953e8157,Org1MSP,Func1,"[1857"",""3621""]""",Org1MSP Org2MSP ,VALID, 1857 3621,,,RT,186,18226,0
2022-04-07T17:26:27.760Z,612b7e679aace7c2341769a590d77226e5b60f189efe4a658feaaf6173390f7e,Org1MSP,Func4,"[11840"",""1184000"",""13306"",""1330600""]""",Org1MSP Org2MSP ,VALID,, 11840 13306,,WT,186,18210,0
2022-04-07T17:26:27.762Z,8498d5299c1537d5823087e0eed860591f0115c38bf154feb0f0d346b172cebf,Org1MSP,Func4,"[12678"",""1267800"",""10066"",""1006600""]""",Org1MSP Org2MSP ,VALID,, 10066 12678,,WT,186,18220,0
2022-04-07T17:26:27.763Z,2d72efe173672fe61a929674a4a9b15cf6c6d7f645091e9ca4f72d7a841773ce,Org1MSP,Func4,"[10003"",""1000300"",""10180"",""1018000""]""",Org1MSP Org2MSP ,VALID,, 10003 10180,,WT,186,18196,0
2022-04-07T17:26:27.763Z,ddc26c65503209e6e803c63f26fcd84b43f4a8e66704f15d5da10eb7a461d0da,Org1MSP,Func4,"[10087"",""1008700"",""19789"",""1978900""]""",Org1MSP Org2MSP ,VALID,, 10087 19789,,WT,186,18261,0
2022-04-07T17:26:27.765Z,89ff19485f0bd6feac8f9cfa555069742eb5e5e384e4d2b6ef6d34eeb3d3e884,Org1MSP,Func4,"[10096"",""1009600"",""10106"",""1010600""]""",Org1MSP Org2MSP ,VALID,, 10096 10106,,WT,186,18223,0
2022-04-07T17:26:27.766Z,c5ad1720da6af8a5b30e695d255e5e9657ac915f928c79e96c4731612e0278b7,Org1MSP,Func4,"[16368"",""1636800"",""10000"",""1000000""]""",Org1MSP Org2MSP ,VALID,, 10000 16368,,WT,186,18249,0
2022-04-07T17:26:27.862Z,64911b4909ec900a2d99fb26b4f6168ed230bdc01fd2071d11ec5e8c57efd841,Org1MSP,Func7,"[282"",""100"",""7285"",""100""]""",Org1MSP Org2MSP ,VALID, 282 7285, 282 7285,,UT,186,18212,0
2022-04-07T17:26:27.864Z,f3068f09b014b55ed98ef1425abcfd020434c00bc7351485b6253943b1cb9d22,Org1MSP,Func4,"[10000"",""1000000"",""10001"",""1000100""]""",Org1MSP Org2MSP ,VALID,, 10000 10001,,WT,186,18269,0
2022-04-07T17:26:27.865Z,633b9d25b32616a19ecd22310d7749b7694a5b3011a2870e861a81eb8662db21,Org1MSP,Func4,"[10005"",""1000500"",""10763"",""1076300""]""",Org1MSP Org2MSP ,VALID,, 10005 10763,,WT,186,18211,0
2022-04-07T17:26:27.866Z,ed5abd6e6fe1a3059b0bc82ed83227599a695766e887028045ae74c3c9a19a32,Org1MSP,Func4,"[15627"",""1562700"",""18178"",""1817800""]""",Org1MSP Org2MSP ,VALID,, 15627 18178,,WT,186,18266,0
2022-04-07T17:26:27.867Z,acb26c5a998c7ae2c061c3f0e5e81c03f7c27282ae6953dd60456ed1b6d9430f,Org1MSP,Func4,"[10248"",""1024800"",""10834"",""1083400""]""",Org1MSP Org2MSP ,VALID,, 10248 10834,,WT,186,18239,0
2022-04-07T17:26:27.868Z,9c22a500fcee85d1319c77ca8d978b2419be404e442f14165304a9a30b29e68d,Org1MSP,Func4,"[10277"",""1027700"",""10194"",""1019400""]""",Org1MSP Org2MSP ,VALID,, 10194 10277,,WT,186,18231,0
2022-04-07T17:26:27.868Z,d275786e7e51fec72163d4dbc6f70162828cf466590223759e6248a7746d5da9,Org1MSP,Func4,"[19101"",""1910100"",""19549"",""1954900""]""",Org1MSP Org2MSP ,VALID,, 19101 19549,,WT,186,18257,0
2022-04-07T17:26:27.869Z,278d39f3da38bb61f578f6d20217e65390470acb13a726efb4644d4fff42b0e1,Org1MSP,Func7,"[100"",""100"",""1084"",""100""]""",Org1MSP Org2MSP ,VALID, 100 1084, 100 1084,,UT,186,18195,0
2022-04-07T17:26:27.869Z,b91b9f01dd760792a1fd37235a78de9542fa7cbbc948dd560909bce5eaad8cea,Org1MSP,Func4,"[18667"",""1866700"",""18821"",""1882100""]""",Org1MSP Org2MSP ,VALID,, 18667 18821,,WT,186,18242,0
2022-04-07T17:26:27.874Z,9adf500ee97a6963683fb33e7ac62819eff5b71b36b090268ec0a54ca51f940c,Org1MSP,Func4,"[10055"",""1005500"",""10000"",""1000000""]""",Org1MSP Org2MSP ,VALID,, 10000 10055,,WT,186,18230,0
2022-04-07T17:26:27.954Z,1d48d80525cee640e35104e5a07f24ddbc2a46c2e7b80360f5ec007b7ba58120,Org1MSP,Func1,"[1261"",""101""]""",Org1MSP Org2MSP ,VALID, 101 1261,,,RT,186,18192,0
2022-04-07T17:26:27.958Z,fcd06e88e8d198348c7ed0b6b33b15a3b05a215bee39337a3ba013f57a850e0b,Org1MSP,Func7,"[727"",""100"",""2"",""100""]""",Org1MSP Org2MSP ,VALID, 2 727, 2 727,,UT,186,18278,0
2022-04-07T17:26:27.959Z,4c06d44a1d8894ea209bd9ee3349e0ee63ca9414480910ad20b1c63924443ab7,Org1MSP,Func7,"[43"",""100"",""204"",""100""]""",Org1MSP Org2MSP ,VALID, 204 43, 204 43,,UT,186,18206,0
2022-04-07T17:26:27.959Z,8b08ac007c1ca47deab691490877aa7874efd916ce464ee004379882b3f579a4,Org1MSP,Func7,"[5678"",""100"",""6941"",""100""]""",Org1MSP Org2MSP ,VALID, 5678 6941, 5678 6941,,UT,186,18224,0
2022-04-07T17:26:27.960Z,8539d2ed59757d4c47b3eff4b9af2dcb0457cc84e407bcb9759d470f8290acd6,Org1MSP,Func4,"[10072"",""1007200"",""10197"",""1019700""]""",Org1MSP Org2MSP ,VALID,, 10072 10197,,WT,186,18221,0
2022-04-07T17:26:27.962Z,332dd09ded1462b9a37a4dab1d7557275587455f316c0840946e7b9a8321f504,Org1MSP,Func4,"[11261"",""1126100"",""10044"",""1004400""]""",Org1MSP Org2MSP ,VALID,, 10044 11261,,WT,186,18199,0
2022-04-07T17:26:27.963Z,92a07fae8acbfb0071ed19d454afdea9f9c3ff1f61709ac10dcd6242b8c512d8,Org1MSP,Func4,"[12037"",""1203700"",""10017"",""1001700""]""",Org1MSP Org2MSP ,VALID,, 10017 12037,,WT,186,18227,0
2022-04-07T17:26:27.964Z,d80c9bf4e76f81dfd2fee14bfb993e3a06efe8a0bfa38e8cfb3d2d28fe3f6201,Org1MSP,Func4,"[10021"",""1002100"",""10317"",""1031700""]""",Org1MSP Org2MSP ,VALID,, 10021 10317,,WT,186,18259,0
2022-04-07T17:26:27.976Z,fbd5e9e8115002bd0d3fa231d50a4b09253b46e2e0918986d449fd656cc7dcdc,Org1MSP,Func1,"[30"",""7""]""",Org1MSP Org2MSP ,VALID, 30 7,,,RT,186,18271,0
2022-04-07T17:26:28.054Z,54c2007685f2a22dc5535437db4b46eb9ca31c58b00d347e9db8157dbbe56cbe,Org1MSP,Func1,"[2343"",""45""]""",Org1MSP Org2MSP ,VALID, 2343 45,,,RT,186,18207,0
2022-04-07T17:26:28.057Z,c3fcaf77ef52b72f4ca8d5193afae21b8ef137554b517dfa016fa9ec8a4a04e4,Org1MSP,Func4,"[10081"",""1008100"",""10080"",""1008000""]""",Org1MSP Org2MSP ,VALID,, 10080 10081,,WT,187,18350,0
2022-04-07T17:26:28.060Z,3ccf4f75babe12a116654b2c7d25ea1808461ff3e65331cac2f23462f79c9008,Org1MSP,Func4,"[12649"",""1264900"",""10005"",""1000500""]""",Org1MSP Org2MSP ,VALID,, 10005 12649,,WT,186,18203,0
2022-04-07T17:26:28.060Z,f05830d5ebd0075c911f28ffecd9f843c2d110cf12644274ba6533aadb0a5fa6,Org1MSP,Func1,"[4909"",""804""]""",Org1MSP Org2MSP ,VALID, 4909 804,,,RT,187,18369,0
2022-04-07T17:26:28.062Z,5ec174b6a8e06ea60a87e9521f724ff2d82b8dab3fefab17452401661c9c6f6d,Org1MSP,Func1,"[9345"",""62""]""",Org1MSP Org2MSP ,VALID, 62 9345,,,RT,187,18312,0
2022-04-07T17:26:28.063Z,346b0911be6c1f4796d9958dcecd56b3bbe3b9a2d81ba11ba3503c2ecd2dc300,Org1MSP,Func4,"[11716"",""1171600"",""10002"",""1000200""]""",Org1MSP Org2MSP ,VALID,, 10002 11716,,WT,186,18201,0
2022-04-07T17:26:28.063Z,c2ddfe4f94ac1aa497759142fe742659cd9c7026c4c6d6462eb2e9c1ae7f1a16,Org1MSP,Func7,"[6954"",""100"",""757"",""100""]""",Org1MSP Org2MSP ,VALID, 6954 757, 6954 757,,UT,187,18348,0
2022-04-07T17:26:28.064Z,8102a9f84db9bc55975842da1f8d7f5ad25dab782a44782611b95a0f63c6e4df,Org1MSP,Func4,"[10140"",""1014000"",""10000"",""1000000""]""",Org1MSP Org2MSP ,VALID,, 10000 10140,,WT,187,18323,0
2022-04-07T17:26:28.158Z,3ade4afe0aeb506873e52e7bf40b3c612a7982b73c2edb4bdc99d08be0be4c65,Org1MSP,Func4,"[18907"",""1890700"",""10076"",""1007600""]""",Org1MSP Org2MSP ,VALID,, 10076 18907,,WT,187,18296,0
2022-04-07T17:26:28.159Z,3bf33a0edfd310eb08e7b0ac6434496cee3eff03cfc74497f2c14b3090f31995,Org1MSP,Func4,"[10008"",""1000800"",""10000"",""1000000""]""",Org1MSP Org2MSP ,VALID,, 10000 10008,,WT,187,18297,0
2022-04-07T17:26:28.159Z,f42aa39f5dddcfb7280f53e07ed6b105c4e9a41faf0a0466ac8b28bbc5031da0,Org1MSP,Func4,"[13711"",""1371100"",""16457"",""1645700""]""",Org1MSP Org2MSP ,VALID,, 13711 16457,,WT,187,18372,0
2022-04-07T17:26:28.160Z,5bb4366daf8f2b0eb3a409bb89a099328615c934f69cb45effa913a1f2ce91d0,Org1MSP,Func4,"[10036"",""1003600"",""10070"",""1007000""]""",Org1MSP Org2MSP ,VALID,, 10036 10070,,WT,187,18308,0
2022-04-07T17:26:28.162Z,b09913b7356b307207f07992ae2c4ee2fb00e04e14405d59d1e733dd7deb77bd,Org1MSP,Func7,"[3482"",""100"",""376"",""100""]""",Org1MSP Org2MSP ,VALID, 3482 376, 3482 376,,UT,187,18339,0
2022-04-07T17:26:28.162Z,b1b4b8922641235b21b959a983eb26a166abdffb7a1e6ae2ed517fb31af6dc84,Org1MSP,Func4,"[10000"",""1000000"",""10054"",""1005400""]""",Org1MSP Org2MSP ,VALID,, 10000 10054,,WT,187,18340,0
2022-04-07T17:26:28.164Z,395851259e24984b2287fcfe8847ca1db4f000e9c29bb34c4431b31a6823ecae,Org1MSP,Func4,"[10932"",""1093200"",""10062"",""1006200""]""",Org1MSP Org2MSP ,VALID,, 10062 10932,,WT,187,18295,0
2022-04-07T17:26:28.165Z,b2e1f08cf3f790c89270975cdaed8d11fc3847b5072d6037928fb5575fdabc1f,Org1MSP,Func4,"[10005"",""1000500"",""12357"",""1235700""]""",Org1MSP Org2MSP ,VALID,, 10005 12357,,WT,187,18341,0
2022-04-07T17:26:28.169Z,dd3143532de5d7676ebe0e1888918b753e753e9da27c1a85a889754e3be0c1d7,Org1MSP,Func4,"[10081"",""1008100"",""16685"",""1668500""]""",Org1MSP Org2MSP ,VALID,, 10081 16685,,WT,187,18360,0
2022-04-07T17:26:28.257Z,fe49d13db3a31120b6b95a615e2831947ba3fc9589614c5142b9e6a260bc3ccf,Org1MSP,Func4,"[10211"",""1021100"",""10003"",""1000300""]""",Org1MSP Org2MSP ,VALID,, 10003 10211,,WT,187,18379,0
2022-04-07T17:26:28.259Z,2461659fee1bee640b50bcc54ecb4271d274f8d572c9e0edc75c2d85a568bb95,Org1MSP,Func4,"[10000"",""1000000"",""10026"",""1002600""]""",Org1MSP Org2MSP ,VALID,, 10000 10026,,WT,187,18289,0
2022-04-07T17:26:28.259Z,9f760bbb7c757e3be9a1e366a8d9497cb891ce81676223113e0f0a64a89fcaa3,Org1MSP,Func4,"[10856"",""1085600"",""10182"",""1018200""]""",Org1MSP Org2MSP ,VALID,, 10182 10856,,WT,187,18334,0
2022-04-07T17:26:28.260Z,ba5b09073a31bc61d014d5ba2726dee947e9839a1006b7a7a39fd24f60ec341f,Org1MSP,Func1,"[9089"",""53""]""",Org1MSP Org2MSP ,VALID, 53 9089,,,RT,187,18344,0
2022-04-07T17:26:28.261Z,81728eba8af825f29421c894499c20a53806c98cc50344382901e940e9f3d1e1,Org1MSP,Func4,"[11982"",""1198200"",""12235"",""1223500""]""",Org1MSP Org2MSP ,VALID,, 11982 12235,,WT,187,18324,0
2022-04-07T17:26:28.262Z,89d9c3a3782647300f1809ab2644a87e135aa0ac125d4cf747dd93fc80941ca9,Org1MSP,Func4,"[11033"",""1103300"",""11217"",""1121700""]""",Org1MSP Org2MSP ,VALID,, 11033 11217,,WT,187,18327,0
2022-04-07T17:26:28.263Z,dad3df78cf87852e1e6978e1e7bd1a7da0fea04c6489ec331d853b38da78451f,Org1MSP,Func4,"[10058"",""1005800"",""10042"",""1004200""]""",Org1MSP Org2MSP ,VALID,, 10042 10058,,WT,187,18359,0
2022-04-07T17:26:28.264Z,ce5b8a2c84edef785e189988e4ba8af48e52b9a0d6fb12a85ea7e0db06dbacd9,Org1MSP,Func7,"[875"",""100"",""6"",""100""]""",Org1MSP Org2MSP ,VALID, 6 875, 6 875,,UT,187,18382,0
2022-04-07T17:26:28.268Z,5c89d193dfe439570135cd16bb69cd486b6e023dfe3f5dbf2b5166439e7e5f25,Org1MSP,Func1,"[20"",""98""]""",Org1MSP Org2MSP ,VALID, 20 98,,,RT,187,18310,0
2022-04-07T17:26:28.355Z,d0f52ddffcc26ff64f97f7f48c69af476b8d944f66244761d844df3421fa9474,Org1MSP,Func4,"[10063"",""1006300"",""10000"",""1000000""]""",Org1MSP Org2MSP ,VALID,, 10000 10063,,WT,187,18354,0
2022-04-07T17:26:28.358Z,88b1f2462719063c31f25907226dd57e85f4540d8fdd7ebcddd6e81d6b74dd40,Org1MSP,Func4,"[14394"",""1439400"",""10014"",""1001400""]""",Org1MSP Org2MSP ,VALID,, 10014 14394,,WT,187,18325,0
2022-04-07T17:26:28.358Z,d907238821537160ab41d3c819b16311eaa562fdee287b03f04153eb0891eb0d,Org1MSP,Func4,"[10104"",""1010400"",""13915"",""1391500""]""",Org1MSP Org2MSP ,VALID,, 10104 13915,,WT,187,18357,0
2022-04-07T17:26:28.359Z,906bf16baca2e73f7c82b2bae076628d54271d705b62b17703856be9b8d96d59,Org1MSP,Func4,"[13428"",""1342800"",""10129"",""1012900""]""",Org1MSP Org2MSP ,VALID,, 10129 13428,,WT,187,18330,0
2022-04-07T17:26:28.360Z,1c5c6a131cfcba62e80a7fbb4b6a595bb317f9affddc8de08833fb70819cbe8b,Org1MSP,Func4,"[10000"",""1000000"",""10053"",""1005300""]""",Org1MSP Org2MSP ,VALID,, 10000 10053,,WT,187,18287,0
2022-04-07T17:26:28.360Z,4bde556d27171c70878998fc4237b7da5fa5645445a7235cf9c38261ba40aadc,Org1MSP,Func7,"[34"",""100"",""508"",""100""]""",Org1MSP Org2MSP ,VALID, 34 508, 34 508,,UT,187,18384,0
2022-04-07T17:26:28.362Z,5f1446dd04ffe6d19d1ae6777a9b0fa1ae70dcc0222a8354f277900bb05c0630,Org1MSP,Func4,"[13402"",""1340200"",""10102"",""1010200""]""",Org1MSP Org2MSP ,VALID,, 10102 13402,,WT,187,18313,0
2022-04-07T17:26:28.363Z,fb3268789e620a75e0ccbadce88a87eb7234753c6bba7e70af75d20d5506702d,Org1MSP,Func4,"[10024"",""1002400"",""10020"",""1002000""]""",Org1MSP Org2MSP ,VALID,, 10020 10024,,WT,187,18376,0
2022-04-07T17:26:28.365Z,053ea6ce73645f6ff5e1e96e70e75c3654fa9e5fc2521ba87e8a44bdae8b5b85,Org1MSP,Func4,"[11693"",""1169300"",""11241"",""1124100""]""",Org1MSP Org2MSP ,VALID,, 11241 11693,,WT,187,18283,0
2022-04-07T17:26:28.455Z,52558fde892ec2cf0c2b82130565f9821b1294abb7a8632362cd26555d9a9f4a,Org1MSP,Func4,"[10154"",""1015400"",""10462"",""1046200""]""",Org1MSP Org2MSP ,VALID,, 10154 10462,,WT,187,18305,0
2022-04-07T17:26:28.458Z,d9877ee928aae7d8a40f257f1d2b48bd522d7b34aaf6261c525f1cf7b5860da8,Org1MSP,Func1,"[626"",""383""]""",Org1MSP Org2MSP ,VALID, 383 626,,,RT,187,18358,0
2022-04-07T17:26:28.458Z,e9261c51268db4cf725fdf2ccf543d1f1482dae6d083f478bb408ddbe451c73e,Org1MSP,Func4,"[10386"",""1038600"",""10275"",""1027500""]""",Org1MSP Org2MSP ,VALID,, 10275 10386,,WT,187,18367,0
2022-04-07T17:26:28.459Z,702ddda19100757553674d292add0a936921a35c1680eaee8652c38aa13acdf0,Org1MSP,Func4,"[12738"",""1273800"",""14577"",""1457700""]""",Org1MSP Org2MSP ,VALID,, 12738 14577,,WT,187,18319,0
2022-04-07T17:26:28.461Z,93011f7b9376c13c70cff6991bbba16f88e1134b35d5f8dae120fc7a53198006,Org1MSP,Func7,"[880"",""100"",""3"",""100""]""",Org1MSP Org2MSP ,VALID, 3 880, 3 880,,UT,187,18331,0
2022-04-07T17:26:28.462Z,2b642dd251fc6a68d3beb51662b5762d15c6fc2cad0396a137537f21d6bee4b1,Org1MSP,Func4,"[10024"",""1002400"",""17885"",""1788500""]""",Org1MSP Org2MSP ,VALID,, 10024 17885,,WT,187,18292,0
2022-04-07T17:26:28.463Z,5c13f9c59eaf04583c607ad357833f8ee1de8302e4e6e98d78789a1c366da8a5,Org1MSP,Func4,"[10001"",""1000100"",""10226"",""1022600""]""",Org1MSP Org2MSP ,VALID,, 10001 10226,,WT,187,18309,0
2022-04-07T17:26:28.463Z,bbb7daa7728143d1565d19a8d4715706a59b9f3548bb62482839d799b58a342a,Org1MSP,Func4,"[10015"",""1001500"",""10030"",""1003000""]""",Org1MSP Org2MSP ,VALID,, 10015 10030,,WT,187,18345,0
2022-04-07T17:26:28.464Z,781f7ef4d2808db80b53c58d3337ad84ec09a985f2bd35e36be4b5a83396c9fd,Org1MSP,Func4,"[10627"",""1062700"",""10029"",""1002900""]""",Org1MSP Org2MSP ,VALID,, 10029 10627,,WT,187,18321,0
2022-04-07T17:26:28.468Z,28690919a8b71fb3172ae1878127e143d90e9641011e844bdaee74ef56d7c33e,Org1MSP,Func4,"[10000"",""1000000"",""10024"",""1002400""]""",Org1MSP Org2MSP ,VALID,, 10000 10024,,WT,187,18290,0
2022-04-07T17:26:28.556Z,5df42a29e6a1ae4fc2ccae6e1e9aa35f1fdf5abfbecb9e40fb0f586e031ff52b,Org1MSP,Func4,"[10386"",""1038600"",""14880"",""1488000""]""",Org1MSP Org2MSP ,VALID,, 10386 14880,,WT,187,18311,0
2022-04-07T17:26:28.557Z,699fef1e49c6d5fc8715ec7c3b05f85a6ac5b854fa779afb2b390c3f9326d133,Org1MSP,Func4,"[10762"",""1076200"",""13472"",""1347200""]""",Org1MSP Org2MSP ,VALID,, 10762 13472,,WT,187,18317,0
2022-04-07T17:26:28.558Z,e8c064f9bec0e4073ce98101d2b49873308ccdf0274f2fe0c9c7382d3fe56683,Org1MSP,Func7,"[19"",""100"",""524"",""100""]""",Org1MSP Org2MSP ,VALID, 19 524, 19 524,,UT,187,18365,0
2022-04-07T17:26:28.560Z,61daaf8e68c7c28684400fe482533b8846a1572364dba38a6f83b311cbe0fc81,Org1MSP,Func4,"[10001"",""1000100"",""10016"",""1001600""]""",Org1MSP Org2MSP ,VALID,, 10001 10016,,WT,187,18314,0
2022-04-07T17:26:28.560Z,f140b41f180b97e324c6b1c738ea13546db1d38ed91bcf915b6f481e2a57a90a,Org1MSP,Func7,"[3134"",""100"",""1079"",""100""]""",Org1MSP Org2MSP ,VALID, 1079 3134, 1079 3134,,UT,187,18370,0
2022-04-07T17:26:28.562Z,58c7713576493da74094b7507a1bf76c789c024361b0d4e24a3bd017d1942df1,Org1MSP,Func7,"[3951"",""100"",""708"",""100""]""",Org1MSP Org2MSP ,VALID, 3951 708, 3951 708,,UT,187,18306,0
2022-04-07T17:26:28.562Z,c297cdbd4311faf8f699ab4bb6ccc4a60fa701c05e7c2b213c586bce7868be7a,Org1MSP,Func4,"[10001"",""1000100"",""10083"",""1008300""]""",Org1MSP Org2MSP ,VALID,, 10001 10083,,WT,187,18347,0
2022-04-07T17:26:28.563Z,ddac3e625de3dfcfa2b390426010c56aea091363c51f881b60df71d1ba2675bd,Org1MSP,Func4,"[10001"",""1000100"",""10796"",""1079600""]""",Org1MSP Org2MSP ,VALID,, 10001 10796,,WT,187,18361,0
2022-04-07T17:26:28.564Z,42a28691d86cc54e3b281a2e89c9397f10c51efb0c10cd857685bf8892d8dc0b,Org1MSP,Func1,"[15"",""346""]""",Org1MSP Org2MSP ,VALID, 15 346,,,RT,187,18299,0
2022-04-07T17:26:28.566Z,38546a0b4b901d725d8f16fb0bbe2156b57a3bc9bf53ac065d93a05fe743eea7,Org1MSP,Func4,"[11261"",""1126100"",""16354"",""1635400""]""",Org1MSP Org2MSP ,VALID,, 11261 16354,,WT,187,18294,0
2022-04-07T17:26:28.654Z,0194f103901d4bc0c12c11cd4d16dbfb8de9c241b939bbddab6276159e37012a,Org1MSP,Func7,"[23"",""100"",""3130"",""100""]""",Org1MSP Org2MSP ,VALID, 23 3130, 23 3130,,UT,187,18383,0
2022-04-07T17:26:28.657Z,e9173881c83f159a54908d170fee0def7889dd270ff0088e2a4297ea8ceea9a1,Org1MSP,Func1,"[2"",""34""]""",Org1MSP Org2MSP ,VALID, 2 34,,,RT,187,18366,0
2022-04-07T17:26:28.658Z,623954ca428e8a43629fd3249d445f6c15c4a3333ace304bdec3037e5808ea50,Org1MSP,Func4,"[10000"",""1000000"",""10016"",""1001600""]""",Org1MSP Org2MSP ,VALID,, 10000 10016,,WT,187,18315,0
2022-04-07T17:26:28.659Z,fab0886f279a9ba8f079f1fe8cf7ff5d940c3e7f11b8ccf7cc315da0c4a1194b,Org1MSP,Func4,"[10019"",""1001900"",""10005"",""1000500""]""",Org1MSP Org2MSP ,VALID,, 10005 10019,,WT,187,18375,0
2022-04-07T17:26:28.660Z,f845ac5c290012c794e55dc98df116700be2b349c483ba8b22311a770ed468af,Org1MSP,Func4,"[10004"",""1000400"",""10021"",""1002100""]""",Org1MSP Org2MSP ,VALID,, 10004 10021,,WT,187,18374,0
2022-04-07T17:26:28.662Z,44c6537dda5749c3d5c6356dbf072fed9f560fc6fec9facfa787aa081586bbb7,Org1MSP,Func4,"[11616"",""1161600"",""10005"",""1000500""]""",Org1MSP Org2MSP ,VALID,, 10005 11616,,WT,187,18301,0
2022-04-07T17:26:28.663Z,227a65f300917953c4e5eaabfa1c885c62adf5b2a29fe84898db18db612f1ab5,Org1MSP,Func1,"[41"",""247""]""",Org1MSP Org2MSP ,VALID, 247 41,,,RT,187,18288,0
2022-04-07T17:26:28.663Z,d52941cefd1615e2fb9541e01e1930a76769bdb367605101882eed733e3a7ccc,Org1MSP,Func1,"[23"",""6""]""",Org1MSP Org2MSP ,VALID, 23 6,,,RT,187,18356,0
2022-04-07T17:26:28.664Z,4802db544fa799a81bf8398e390de845f0cb6ec140885e49c5bc334adb92601a,Org1MSP,Func4,"[10008"",""1000800"",""10146"",""1014600""]""",Org1MSP Org2MSP ,VALID,, 10008 10146,,WT,187,18303,0
2022-04-07T17:26:28.666Z,ab4e14b4634bf53e9c74fc3749d94c94b0341822fe88bcb904471bc0a9b486c5,Org1MSP,Func1,"[415"",""125""]""",Org1MSP Org2MSP ,VALID, 125 415,,,RT,187,18336,0
2022-04-07T17:26:28.755Z,7327a062b7140efb8dfb3dcdab2b3b1e06db068953a27e5a2500feeef672b560,Org1MSP,Func1,"[8"",""5512""]""",Org1MSP Org2MSP ,VALID, 5512 8,,,RT,187,18320,0
2022-04-07T17:26:28.757Z,3f196803fac9717fb285a50c678305bcba26ff4ea5edeaefdeddcba13638a183,Org1MSP,Func1,"[9684"",""641""]""",Org1MSP Org2MSP ,VALID, 641 9684,,,RT,187,18298,0
2022-04-07T17:26:28.759Z,88bdc3597f9292682c3d66c427ab79e51abd9d9ee1f2868a5f52a28e19822e4d,Org1MSP,Func4,"[10000"",""1000000"",""10279"",""1027900""]""",Org1MSP Org2MSP ,VALID,, 10000 10279,,WT,187,18326,0
2022-04-07T17:26:28.759Z,a5dae94eada19868827b0560cb95efd9bc2c24175969355f28faa53025cc8377,Org1MSP,Func4,"[10637"",""1063700"",""10839"",""1083900""]""",Org1MSP Org2MSP ,VALID,, 10637 10839,,WT,187,18335,0
2022-04-07T17:26:28.760Z,c383d7cd304120c52083bf24ae0a961be1a9383f93cf1096ca4dc27fe11b4b2a,Org1MSP,Func1,"[415"",""457""]""",Org1MSP Org2MSP ,VALID, 415 457,,,RT,187,18349,0
2022-04-07T17:26:28.763Z,067dc5558c84aaaabf4bd06c28f0f0ac932cae44256ae8d6450f03031f6d286e,Org1MSP,Func1,"[2"",""137""]""",Org1MSP Org2MSP ,VALID, 137 2,,,RT,187,18284,0
2022-04-07T17:26:28.763Z,096a2677d1e0cccbf0a087029b1947d3127244d6dc1e7b95a69b6c288086d8af,Org1MSP,Func4,"[12763"",""1276300"",""10002"",""1000200""]""",Org1MSP Org2MSP ,VALID,, 10002 12763,,WT,187,18285,0
2022-04-07T17:26:28.765Z,082285488504a38a69520b0a603135cb62cd339baafe76a54b815c1cd0f0de5b,Org1MSP,Func7,"[53"",""100"",""2257"",""100""]""",Org1MSP Org2MSP ,VALID, 2257 53, 2257 53,,UT,187,18380,0
2022-04-07T17:26:28.766Z,6d9620de749a78097f862b994ce155e462936b32808905e7c67dc1d340e6383d,Org1MSP,Func4,"[13636"",""1363600"",""10133"",""1013300""]""",Org1MSP Org2MSP ,VALID,, 10133 13636,,WT,187,18318,0
2022-04-07T17:26:28.766Z,8f31fc015849c093ecfcffb02349606d532dbec0f9f1e1c00a29eb5c0b68528a,Org1MSP,Func4,"[10050"",""1005000"",""10016"",""1001600""]""",Org1MSP Org2MSP ,VALID,, 10016 10050,,WT,187,18328,0
2022-04-07T17:26:28.856Z,99bf32ce7485af607e232b8cd017a171085982558a4b679060f47b7984076d36,Org1MSP,Func7,"[38"",""100"",""1"",""100""]""",Org1MSP Org2MSP ,VALID, 1 38, 1 38,,UT,187,18381,0
2022-04-07T17:26:28.857Z,682fb851a150fc1433a6e965ac7f4cc5d5c2c489a0df3e1588078673ce5823f6,Org1MSP,Func1,"[2"",""4""]""",Org1MSP Org2MSP ,VALID, 2 4,,,RT,187,18316,0
2022-04-07T17:26:28.857Z,f3ff423a7e2f4cbc9727643400fa228724d23833b35c1703dc37e6b7a8c47e3e,Org1MSP,Func4,"[10003"",""1000300"",""10000"",""1000000""]""",Org1MSP Org2MSP ,VALID,, 10000 10003,,WT,187,18371,0
2022-04-07T17:26:28.859Z,cef586974c071d3b5bace0352c7827baa0220d1ece1eda1f9af764bfd5bcf825,Org1MSP,Func4,"[11469"",""1146900"",""11836"",""1183600""]""",Org1MSP Org2MSP ,VALID,, 11469 11836,,WT,187,18353,0
2022-04-07T17:26:28.860Z,c5faa4abc62bcc9d949d72f5c6164736836d975d7cfee88f2ca32aeca2a4d02a,Org1MSP,Func4,"[10124"",""1012400"",""10001"",""1000100""]""",Org1MSP Org2MSP ,VALID,, 10001 10124,,WT,187,18351,0
2022-04-07T17:26:28.861Z,d308bb6d81a03d9d27c9613c14deefad38d259c2ea909e4788ec121d96304ba3,Org1MSP,Func4,"[10008"",""1000800"",""11804"",""1180400""]""",Org1MSP Org2MSP ,VALID,, 10008 11804,,WT,187,18355,0
2022-04-07T17:26:28.863Z,453535d1d85f85af0626d6440f602522f9d72a5542bd847f5ca5a57b58fe778b,Org1MSP,Func4,"[19365"",""1936500"",""10210"",""1021000""]""",Org1MSP Org2MSP ,VALID,, 10210 19365,,WT,187,18302,0
2022-04-07T17:26:28.864Z,365ecb90668df2f7c94180cf9911b2ed1b844fdcc00b3dbb374656fdc553b9e6,Org1MSP,Func1,"[614"",""24""]""",Org1MSP Org2MSP ,VALID, 24 614,,,RT,187,18293,0
2022-04-07T17:26:28.864Z,ad251e94ac98e5ad3988ede1539ac62ca8b5c5cbfa2c948bf43a36d39823de60,Org1MSP,Func4,"[10071"",""1007100"",""10002"",""1000200""]""",Org1MSP Org2MSP ,VALID,, 10002 10071,,WT,187,18337,0
2022-04-07T17:26:28.867Z,430abac9e571b66b866e560ecff91db9d61b1ede7b91009fdb6738ef943af8d2,Org1MSP,Func1,"[107"",""5""]""",Org1MSP Org2MSP ,VALID, 107 5,,,RT,187,18300,0
2022-04-07T17:26:28.955Z,7becda492d7228903d92956094d64161194031c89e942ff80365985f6342b5ab,Org1MSP,Func4,"[12019"",""1201900"",""10428"",""1042800""]""",Org1MSP Org2MSP ,VALID,, 10428 12019,,WT,187,18322,0
2022-04-07T17:26:28.956Z,9426838e134de48a6bf52e3028a55a56375578fcc6fd8dd639e26c365a6010b8,Org1MSP,Func4,"[13163"",""1316300"",""14474"",""1447400""]""",Org1MSP Org2MSP ,VALID,, 13163 14474,,WT,187,18332,0
2022-04-07T17:26:28.958Z,e6d17f45368c2d45c3f60183f71f729dc497d992686a862b6d3b36b2c07d83bf,Org1MSP,Func7,"[87"",""100"",""7"",""100""]""",Org1MSP Org2MSP ,VALID, 7 87, 7 87,,UT,187,18364,0
2022-04-07T17:26:28.959Z,1253a1065bb1d1cf73ebbe912d381a658da47c242efd8df1f89a8b102ce29032,Org1MSP,Func4,"[10015"",""1001500"",""10260"",""1026000""]""",Org1MSP Org2MSP ,VALID,, 10015 10260,,WT,187,18286,0
2022-04-07T17:26:28.960Z,5b50cc9dacb9ef68193819ac749fd320e446009128416bfa716b8eee5b72c174,Org1MSP,Func4,"[10034"",""1003400"",""11323"",""1132300""]""",Org1MSP Org2MSP ,VALID,, 10034 11323,,WT,187,18307,0
2022-04-07T17:26:28.963Z,cb20ff16dbc41efbd986c879b2822ae19407dd2493ececb58ef5de1eb92c81d6,Org1MSP,Func7,"[134"",""100"",""2441"",""100""]""",Org1MSP Org2MSP ,VALID, 134 2441, 134 2441,,UT,187,18352,0
2022-04-07T17:26:28.964Z,b965ea2a06927bb27a0c27490b3947b2ff539da982ecc23d3bd124c75878d080,Org1MSP,Func4,"[10242"",""1024200"",""10002"",""1000200""]""",Org1MSP Org2MSP ,VALID,, 10002 10242,,WT,187,18343,0
2022-04-07T17:26:28.964Z,e21bf12f1a90ba25335d07b10a58b503a6b83cd1e610d180dbe533c131cfd2ad,Org1MSP,Func7,"[723"",""100"",""48"",""100""]""",Org1MSP Org2MSP ,VALID, 48 723, 48 723,,UT,187,18362,0
2022-04-07T17:26:28.965Z,b8c3873087e8d4db12041c9de831420732110fcc71bee50a2a0b44a51ea81342,Org1MSP,Func1,"[1"",""1237""]""",Org1MSP Org2MSP ,VALID, 1 1237,,,RT,187,18342,0
2022-04-07T17:26:28.967Z,8f953500a6f14ab16b22f763341a59c5ef771946a3a3289bf5f88d1916ded6d0,Org1MSP,Func7,"[104"",""100"",""16"",""100""]""",Org1MSP Org2MSP ,VALID, 104 16, 104 16,,UT,187,18329,0
2022-04-07T17:26:29.055Z,bf12f5ca82ea9f98497d9e0414a59443ae484942f283772b5f0804111f22340f,Org1MSP,Func1,"[5616"",""1""]""",Org1MSP Org2MSP ,VALID, 1 5616,,,RT,187,18346,0
2022-04-07T17:26:29.057Z,f69fccc7215ada8bd18b103f954d331ba73718ee3d5adb9f271e9849456cb6b4,Org1MSP,Func1,"[10"",""2843""]""",Org1MSP Org2MSP ,VALID, 10 2843,,,RT,187,18373,0
2022-04-07T17:26:29.058Z,fd564e67fdaf1796150be058921e1b23e822c62caf5d6d59621dacf5bdfd1343,Org1MSP,Func4,"[17829"",""1782900"",""10010"",""1001000""]""",Org1MSP Org2MSP ,VALID,, 10010 17829,,WT,187,18378,0
2022-04-07T17:26:29.059Z,e9b76761003d816155f6045b876f9983a3411ccf53849381ff096c6b305f9b96,Org1MSP,Func4,"[10004"",""1000400"",""10000"",""1000000""]""",Org1MSP Org2MSP ,VALID,, 10000 10004,,WT,187,18368,0
2022-04-07T17:26:29.060Z,4dff06ebebf66db87146ad5dafecfd63fb369b9b0d351b6f37ebd9cc787aac23,Org1MSP,Func1,"[25"",""718""]""",Org1MSP Org2MSP ,VALID, 25 718,,,RT,187,18304,0
2022-04-07T17:26:29.061Z,fc3f2e2ef6452eee687d5e7ee0498dec0edaed7686de22a7ae87a76060900704,Org1MSP,Func4,"[10059"",""1005900"",""10028"",""1002800""]""",Org1MSP Org2MSP ,VALID,, 10028 10059,,WT,187,18377,0
2022-04-07T17:26:29.062Z,294f63160735a48dccb81c48e1928ea941670a401b83b1e1d983d13adc406afb,Org1MSP,Func4,"[10002"",""1000200"",""10051"",""1005100""]""",Org1MSP Org2MSP ,VALID,, 10002 10051,,WT,187,18291,0
2022-04-07T17:26:29.063Z,ad5e0464c9a8a81224caae5c20b80076413088ee37520da2e54de6234a25d884,Org1MSP,Func7,"[3443"",""100"",""81"",""100""]""",Org1MSP Org2MSP ,VALID, 3443 81, 3443 81,,UT,187,18338,0
2022-04-07T17:26:29.064Z,98eae0f6f63842f7de12ff053f5ca2de17d0d9df83f4929e4a9036bcf84a3b47,Org1MSP,Func7,"[350"",""100"",""7200"",""100""]""",Org1MSP Org2MSP ,VALID, 350 7200, 350 7200,,UT,187,18333,0
2022-04-07T17:26:29.066Z,e2e5a6a3b440336b8f3e60e0dbb03df2e6fbadfea75fce442394fcc78fa99cf4,Org1MSP,Func4,"[13203"",""1320300"",""10341"",""1034100""]""",Org1MSP Org2MSP ,VALID,, 10341 13203,,WT,187,18363,0
2022-04-07T17:26:29.155Z,fcf8a833bc32d248b0faff8faf43ffec170fcbdf734c26028fda7a793fd049da,Org1MSP,Func4,"[13006"",""1300600"",""10417"",""1041700""]""",Org1MSP Org2MSP ,VALID,, 10417 13006,,WT,188,18467,0
2022-04-07T17:26:29.157Z,232e869d33156e3a1820cddadb0c2c332a5c38fde9b360c0020cba6d9cc6a937,Org1MSP,Func4,"[10301"",""1030100"",""10325"",""1032500""]""",Org1MSP Org2MSP ,VALID,, 10301 10325,,WT,188,18397,0
2022-04-07T17:26:29.159Z,734315e2f8fdcacb33f56d3cd64b2b9430feedb321f43ebd9f3e630e215d021c,Org1MSP,Func4,"[10002"",""1000200"",""12092"",""1209200""]""",Org1MSP Org2MSP ,VALID,, 10002 12092,,WT,188,18416,0
2022-04-07T17:26:29.160Z,927290748ff21a1f2d4b7db6b72df7aebae0ef698d53cac4a02ed7f6964d2d7a,Org1MSP,Func4,"[10921"",""1092100"",""10806"",""1080600""]""",Org1MSP Org2MSP ,VALID,, 10806 10921,,WT,188,18433,0
2022-04-07T17:26:29.161Z,83284530486ccd52c99b8a37063ea1cff1690cafb2d1e19ca8e59d03aef3501d,Org1MSP,Func4,"[13902"",""1390200"",""10238"",""1023800""]""",Org1MSP Org2MSP ,VALID,, 10238 13902,,WT,188,18429,0
2022-04-07T17:26:29.161Z,ff44467997367ce4cf094f06a0acdf659a57cf249b18ed5e3828161af1bd40e3,Org1MSP,Func1,"[4296"",""58""]""",Org1MSP Org2MSP ,VALID, 4296 58,,,RT,188,18469,0
2022-04-07T17:26:29.162Z,b174c88dacc28a99a946640ae62bb69cefcdb855f76e85143d850ac4b5ad182d,Org1MSP,Func4,"[10026"",""1002600"",""10646"",""1064600""]""",Org1MSP Org2MSP ,VALID,, 10026 10646,,WT,188,18448,0
2022-04-07T17:26:29.165Z,82a374de01920a7011ca99b411db73f844934fa599bb5e2371f53028fe2e85f0,Org1MSP,Func4,"[10001"",""1000100"",""10011"",""1001100""]""",Org1MSP Org2MSP ,VALID,, 10001 10011,,WT,188,18428,0
2022-04-07T17:26:29.166Z,07839fad273e24920c833a7804b997c062d6c7fbbd253b1322952e790fd3477b,Org1MSP,Func4,"[10589"",""1058900"",""10000"",""1000000""]""",Org1MSP Org2MSP ,VALID,, 10000 10589,,WT,188,18387,0
2022-04-07T17:26:29.255Z,079b98213ed7f2503887c9887a96bfe70110ea445c0f3f3d75642f2c95417b98,Org1MSP,Func4,"[10045"",""1004500"",""10065"",""1006500""]""",Org1MSP Org2MSP ,VALID,, 10045 10065,,WT,188,18388,0
2022-04-07T17:26:29.258Z,ee2b7ea47464403592160c53d7d699cee1031abbefc2afb53619d51d64388a28,Org1MSP,Func4,"[10623"",""1062300"",""11307"",""1130700""]""",Org1MSP Org2MSP ,VALID,, 10623 11307,,WT,188,18464,0
2022-04-07T17:26:29.259Z,46c73b86bc6ac43bfd85a4fbfa3ad98f0f9d307534eb7e210492db3b5b1252f5,Org1MSP,Func4,"[10012"",""1001200"",""10106"",""1010600""]""",Org1MSP Org2MSP ,VALID,, 10012 10106,,WT,188,18403,0
2022-04-07T17:26:29.260Z,934b31aebe2e19356a838681e0900ad640b98471a2a4fb9e760e6a41681b5b79,Org1MSP,Func4,"[10032"",""1003200"",""18945"",""1894500""]""",Org1MSP Org2MSP ,VALID,, 10032 18945,,WT,188,18435,0
2022-04-07T17:26:29.264Z,521ddf588ef9ce23078180201358bbf752cae68374d0078aee9700aeccf32dc5,Org1MSP,Func4,"[10000"",""1000000"",""10306"",""1030600""]""",Org1MSP Org2MSP ,VALID,, 10000 10306,,WT,188,18407,0
2022-04-07T17:26:29.265Z,83c525c7f0451de6a28002fda0b2660704c1cd6af51965a8b4c25240466aa5b3,Org1MSP,Func4,"[10037"",""1003700"",""10061"",""1006100""]""",Org1MSP Org2MSP ,VALID,, 10037 10061,,WT,188,18430,0
2022-04-07T17:26:29.266Z,4b8bbeedc3d3f4fddc7a8681f9aa4a8ad85c26ad3ec909addb536fec638fd09f,Org1MSP,Func1,"[1196"",""196""]""",Org1MSP Org2MSP ,VALID, 1196 196,,,RT,188,18405,0
2022-04-07T17:26:29.266Z,d269607a8d696a535f30f1b465cd3c85bb33eb4b29e1dcd0c3f9ac208d08a5d8,Org1MSP,Func4,"[10852"",""1085200"",""10287"",""1028700""]""",Org1MSP Org2MSP ,VALID,, 10287 10852,,WT,188,18460,0
2022-04-07T17:26:29.273Z,bea8dd10bf8ad62b24accbbe1c55b31f3ab69b8fceed6021d8ce0b84f1c0a76d,Org1MSP,Func4,"[10022"",""1002200"",""10095"",""1009500""]""",Org1MSP Org2MSP ,VALID,, 10022 10095,,WT,188,18454,0
2022-04-07T17:26:29.355Z,7b118d6f511be42747c0f1e1702f62a4ac65e7262c2017bbce545b770c1ca50b,Org1MSP,Func4,"[10016"",""1001600"",""10018"",""1001800""]""",Org1MSP Org2MSP ,VALID,, 10016 10018,,WT,188,18424,0
2022-04-07T17:26:29.358Z,7b369e868f567afb1a0189857b72d17f9f3a86a8f054f3b07d869c266927ad43,Org1MSP,Func4,"[10849"",""1084900"",""10002"",""1000200""]""",Org1MSP Org2MSP ,VALID,, 10002 10849,,WT,188,18425,0
2022-04-07T17:26:29.359Z,4b163e1a0489b5d71cce52a5ae18994b1f8c6cde8deec759771afdba43d023c8,Org1MSP,Func4,"[10177"",""1017700"",""10019"",""1001900""]""",Org1MSP Org2MSP ,VALID,, 10019 10177,,WT,188,18404,0
2022-04-07T17:26:29.359Z,a31e1d84531143e3e42008c053539cde6dd042d7cce3d263202f5d883a880112,Org1MSP,Func1,"[6"",""509""]""",Org1MSP Org2MSP ,VALID, 509 6,,,RT,188,18439,0
2022-04-07T17:26:29.360Z,53f3e5562413fb6b066860a211c6cab1f5f1e11b5ed9699256575a9ac93ca822,Org1MSP,Func1,"[226"",""2""]""",Org1MSP Org2MSP ,VALID, 2 226,,,RT,188,18408,0
2022-04-07T17:26:29.363Z,1c0712228acb947c61e865e21550437788bee00ca045d5a5c348ddabf10de98a,Org1MSP,Func4,"[10002"",""1000200"",""10448"",""1044800""]""",Org1MSP Org2MSP ,VALID,, 10002 10448,,WT,188,18394,0
2022-04-07T17:26:29.363Z,7e74008fd1b8ed42d864bc13fad5379f562aab46db48c190e0f60f65e8b935a2,Org1MSP,Func4,"[10009"",""1000900"",""10726"",""1072600""]""",Org1MSP Org2MSP ,VALID,, 10009 10726,,WT,188,18427,0
2022-04-07T17:26:29.363Z,a97e43ddb0269236ab0539f00c85f27bd47f30018fe05b565739f46956b26689,Org1MSP,Func4,"[10003"",""1000300"",""13024"",""1302400""]""",Org1MSP Org2MSP ,VALID,, 10003 13024,,WT,188,18443,0
2022-04-07T17:26:29.364Z,07b602fbe8a3ed3618592ace1921babcc59c3f1a35e6ae54c6caaec4b7c898f2,Org1MSP,Func1,"[4823"",""31""]""",Org1MSP Org2MSP ,VALID, 31 4823,,,RT,188,18389,0
2022-04-07T17:26:29.366Z,1f0dfbbb03ac7fdf545c7bfd8d70056b93386765941296491fc4fd01d43402b1,Org1MSP,Func4,"[10003"",""1000300"",""10030"",""1003000""]""",Org1MSP Org2MSP ,VALID,, 10003 10030,,WT,188,18395,0
2022-04-07T17:26:29.455Z,b7c7da7998b673ed6c4f6d15f8eedbeae6723016909ce889e2d01cc311c05f66,Org1MSP,Func4,"[10003"",""1000300"",""10310"",""1031000""]""",Org1MSP Org2MSP ,VALID,, 10003 10310,,WT,188,18452,0
2022-04-07T17:26:29.457Z,84457bc66b50940e27a4ff216b27dbde51c010321f6d3fab896b59ba28f63050,Org1MSP,Func4,"[10000"",""1000000"",""10005"",""1000500""]""",Org1MSP Org2MSP ,VALID,, 10000 10005,,WT,188,18432,0
2022-04-07T17:26:29.460Z,740907b95d5b4aab81dbb2899a1732c007bd17b698b4978f1cf84b51eef630af,Org1MSP,Func4,"[10005"",""1000500"",""10005"",""1000500""]""",Org1MSP Org2MSP ,VALID,, 10005,,WT,188,18417,0
2022-04-07T17:26:29.460Z,d324a99f0604c4c04147a4f0270ec854f1c7a2878c61147f72ba6c67cad9226f,Org1MSP,Func4,"[16518"",""1651800"",""10611"",""1061100""]""",Org1MSP Org2MSP ,VALID,, 10611 16518,,WT,188,18461,0
2022-04-07T17:26:29.460Z,f9bb0c1faa3043ed0ca77d95cf12412e72ef0b19520080830085eaa66631560b,Org1MSP,Func4,"[10042"",""1004200"",""13213"",""1321300""]""",Org1MSP Org2MSP ,VALID,, 10042 13213,,WT,188,18466,0
2022-04-07T17:26:29.461Z,6e0d7e1499c39269d12ae56e8370aa4bc54feeca061fb10ae1254fc444de52ec,Org1MSP,Func7,"[40"",""100"",""5"",""100""]""",Org1MSP Org2MSP ,VALID, 40 5, 40 5,,UT,188,18470,0
2022-04-07T17:26:29.462Z,cf652b0c61b32c9a2c256693c4f68a02670eeaafaa23f84b142882bce1db959c,Org1MSP,Func1,"[42"",""9""]""",Org1MSP Org2MSP ,VALID, 42 9,,,RT,188,18458,0
2022-04-07T17:26:29.465Z,693539e315d3f2fa1d8ad073ba756ca3b4b749d093eda1ded5a1d543c9fecd19,Org1MSP,Func4,"[10003"",""1000300"",""10003"",""1000300""]""",Org1MSP Org2MSP ,VALID,, 10003,,WT,188,18413,0
2022-04-07T17:26:29.466Z,a64672402349352aef77f244d6911c65e5fc5d5853d6e3d5d4a2e047db9c9b64,Org1MSP,Func7,"[4001"",""100"",""389"",""100""]""",Org1MSP Org2MSP ,VALID, 389 4001, 389 4001,,UT,188,18442,0
2022-04-07T17:26:29.558Z,0938129158a536b6c238346c75b70b19b44a79987b681a60dd219ed1f758fd16,Org1MSP,Func7,"[166"",""100"",""270"",""100""]""",Org1MSP Org2MSP ,VALID, 166 270, 166 270,,UT,188,18390,0
2022-04-07T17:26:29.558Z,b6bd9cc0839d10bd2a97c935a1805c9bc330116913a5cafd4bd40c3f820cb0df,Org1MSP,Func4,"[11186"",""1118600"",""13594"",""1359400""]""",Org1MSP Org2MSP ,VALID,, 11186 13594,,WT,188,18451,0
2022-04-07T17:26:29.560Z,a4f084d3f2d558be31fe4a255dc1658827d5e95f22d0dd93048da43c03ac269d,Org1MSP,Func4,"[15282"",""1528200"",""10031"",""1003100""]""",Org1MSP Org2MSP ,VALID,, 10031 15282,,WT,188,18441,0
2022-04-07T17:26:29.560Z,b04e62c7008fe5a010e652f25035b087ef4ddf6c87efc2de911e37f2f7a7d7fa,Org1MSP,Func4,"[10004"",""1000400"",""10322"",""1032200""]""",Org1MSP Org2MSP ,VALID,, 10004 10322,,WT,188,18447,0
2022-04-07T17:26:29.561Z,56fa096e344ea4088172ef39fdac92d3a0300d3023b2719767d6b93029b77964,Org1MSP,Func4,"[11050"",""1105000"",""11380"",""1138000""]""",Org1MSP Org2MSP ,VALID,, 11050 11380,,WT,188,18409,0
2022-04-07T17:26:29.562Z,b53d5958644df343463b22958296c03b2e07e60779cd9e0b53505da487ab5c14,Org1MSP,Func4,"[10931"",""1093100"",""10824"",""1082400""]""",Org1MSP Org2MSP ,VALID,, 10824 10931,,WT,188,18450,0
2022-04-07T17:26:29.563Z,d22b4444afd32ac3c34827b1d5952385f4e48d23386b35888e98bd3c60b5f4e3,Org1MSP,Func4,"[10081"",""1008100"",""10438"",""1043800""]""",Org1MSP Org2MSP ,VALID,, 10081 10438,,WT,188,18459,0
2022-04-07T17:26:29.565Z,f34728437d74f73dc43b354d29b04aa64275f9ce2b2b62533561aa6ebcebc73b,Org1MSP,Func1,"[1"",""122""]""",Org1MSP Org2MSP ,VALID, 1 122,,,RT,188,18465,0
2022-04-07T17:26:29.655Z,ae8073ae597197abc639363e0c43e536a0c8955c20b21754b89c1407983cfcf2,Org1MSP,Func1,"[979"",""1""]""",Org1MSP Org2MSP ,VALID, 1 979,,,RT,188,18446,0
2022-04-07T17:26:29.656Z,adef2752b499bebc7bf659c79727944738ba1e660070907fcd01f6a419f048bb,Org1MSP,Func1,"[1"",""1""]""",Org1MSP Org2MSP ,VALID, 1,,,RT,188,18445,0
2022-04-07T17:26:29.658Z,7d2efad202488ae8551da5382899b417f7db7d0b925db83869c1b4d208306cc1,Org1MSP,Func4,"[10065"",""1006500"",""10085"",""1008500""]""",Org1MSP Org2MSP ,VALID,, 10065 10085,,WT,188,18426,0
2022-04-07T17:26:29.658Z,a454cfaf213fac7bb1bd5225d0c1a7b136344c254d56cd109f582a7f3ac57614,Org1MSP,Func7,"[6"",""100"",""1512"",""100""]""",Org1MSP Org2MSP ,VALID, 1512 6, 1512 6,,UT,188,18472,0
2022-04-07T17:26:29.659Z,cf0dda95bdef41a470e77f944027105f46d599d21d163c66d618b25fc398f3af,Org1MSP,Func4,"[10000"",""1000000"",""10572"",""1057200""]""",Org1MSP Org2MSP ,VALID,, 10000 10572,,WT,188,18457,0
2022-04-07T17:26:29.661Z,b1ee50c744aa9f3dc48f34ab56805247c0d3d7cd39e8ac1faee57647affcca60,Org1MSP,Func1,"[23"",""20""]""",Org1MSP Org2MSP ,VALID, 20 23,,,RT,188,18449,0
2022-04-07T17:26:29.662Z,3e58d402a8a773ee4378f5d2af3bc9683a7862026738e602a816276658628378,Org1MSP,Func7,"[2543"",""100"",""327"",""100""]""",Org1MSP Org2MSP ,VALID, 2543 327, 2543 327,,UT,188,18401,0
2022-04-07T17:26:29.663Z,9527e03bfd6927825f9f255ad0b14aa737de0cb8629fb365b6eafb753ff13788,Org1MSP,Func1,"[29"",""249""]""",Org1MSP Org2MSP ,VALID, 249 29,,,RT,188,18437,0
2022-04-07T17:26:29.664Z,01fd6846b8c9e22ff02430e5aaf965490cc243754376215a0d45a900a377c042,Org1MSP,Func7,"[17"",""100"",""2"",""100""]""",Org1MSP Org2MSP ,VALID, 17 2, 17 2,,UT,188,18471,0
2022-04-07T17:26:29.667Z,bfad8bdce8ae290979a2c0a1188f199bf6f00e37bcf43275976aed9257575c88,Org1MSP,Func4,"[10003"",""1000300"",""10054"",""1005400""]""",Org1MSP Org2MSP ,VALID,, 10003 10054,,WT,188,18455,0
2022-04-07T17:26:29.755Z,6bdfde0f8e1b72ad11326dacf30162c1f985dc18958c3692851dffaca6064354,Org1MSP,Func4,"[17588"",""1758800"",""10002"",""1000200""]""",Org1MSP Org2MSP ,VALID,, 10002 17588,,WT,188,18414,0
2022-04-07T17:26:29.756Z,6c114243bdbb10ffe329a9c488ed7f80643b566af541136caaf52da8f11c0321,Org1MSP,Func4,"[10023"",""1002300"",""10039"",""1003900""]""",Org1MSP Org2MSP ,VALID,, 10023 10039,,WT,188,18415,0
2022-04-07T17:26:29.759Z,794da1ffdafe86db61c25f86ccaaca7afb1a8332c2085a57943b49c06acb778b,Org1MSP,Func4,"[10300"",""1030000"",""11406"",""1140600""]""",Org1MSP Org2MSP ,VALID,, 10300 11406,,WT,188,18421,0
2022-04-07T17:26:29.760Z,ee234f7a89ca66fff5a993b7ad79e5470442993632f9a339bf406f01b99824c4,Org1MSP,Func7,"[4"",""100"",""244"",""100""]""",Org1MSP Org2MSP ,VALID, 244 4, 244 4,,UT,188,18463,0
2022-04-07T17:26:29.761Z,3a4a33bbab0225f80c3102abab62d54d2df4c2b5596587deebfb3cc2b6223b41,Org1MSP,Func4,"[16719"",""1671900"",""10002"",""1000200""]""",Org1MSP Org2MSP ,VALID,, 10002 16719,,WT,188,18400,0
2022-04-07T17:26:29.762Z,336c062467274aea3fd5111cd66be5bef6d7f9ea8539f1fef407e726222039dd,Org1MSP,Func4,"[10136"",""1013600"",""11357"",""1135700""]""",Org1MSP Org2MSP ,VALID,, 10136 11357,,WT,188,18399,0
2022-04-07T17:26:29.762Z,feeb3edc95b81089e96c61e694ed11c72079a92024add61d98a82a05644759a0,Org1MSP,Func4,"[15995"",""1599500"",""10003"",""1000300""]""",Org1MSP Org2MSP ,VALID,, 10003 15995,,WT,188,18468,0
2022-04-07T17:26:29.763Z,842b25b206eaf3bb16eac0997de1191faf6afd74fb61a96b27184c5af01bca51,Org1MSP,Func4,"[11381"",""1138100"",""10435"",""1043500""]""",Org1MSP Org2MSP ,VALID,, 10435 11381,,WT,188,18431,0
2022-04-07T17:26:29.765Z,7509928584f0beac9961447bf435bb3dd0d1d9b60dc29325649b8ce268938805,Org1MSP,Func4,"[10000"",""1000000"",""13685"",""1368500""]""",Org1MSP Org2MSP ,VALID,, 10000 13685,,WT,188,18418,0
2022-04-07T17:26:29.766Z,af82303e96d869f416e2075c237fd60c9e90e87a56758d6a8e17f2f0515a2bba,Org1MSP,Func7,"[962"",""100"",""1"",""100""]""",Org1MSP Org2MSP ,VALID, 1 962, 1 962,,UT,188,18474,0
2022-04-07T17:26:29.857Z,cd984b04fc5572978bb7945366068a38d61536b3b65c8f919949f66b2328ebff,Org1MSP,Func4,"[10041"",""1004100"",""10008"",""1000800""]""",Org1MSP Org2MSP ,VALID,, 10008 10041,,WT,188,18456,0
2022-04-07T17:26:29.862Z,94b3bbed15539781eb364d97b8802626c672a7947661aea363dd79cffbe92006,Org1MSP,Func4,"[10021"",""1002100"",""10001"",""1000100""]""",Org1MSP Org2MSP ,VALID,, 10001 10021,,WT,188,18436,0
2022-04-07T17:26:29.866Z,5c5c278441b624243ff7c9cac12b4da7239476a2a1220cb88b75b1289a80960b,Org1MSP,Func4,"[10004"",""1000400"",""10005"",""1000500""]""",Org1MSP Org2MSP ,VALID,, 10004 10005,,WT,188,18411,0
2022-04-07T17:26:29.869Z,78ddbac3df661a072a9ddc6f024829ade1f73bd347bc57b6d517f1b5b1b1e881,Org1MSP,Func4,"[10000"",""1000000"",""16205"",""1620500""]""",Org1MSP Org2MSP ,VALID,, 10000 16205,,WT,188,18420,0
2022-04-07T17:26:29.870Z,2a87716b4a9ca5b398d149e58ab52956900a8e32e481e73a7b9be076eeb8f828,Org1MSP,Func4,"[10209"",""1020900"",""10075"",""1007500""]""",Org1MSP Org2MSP ,VALID,, 10075 10209,,WT,188,18398,0
2022-04-07T17:26:29.872Z,18a4317f8f6aac9be276411b4c03437d67b5335cfd2d8548ea3c7e1a4e74a341,Org1MSP,Func7,"[29"",""100"",""160"",""100""]""",Org1MSP Org2MSP ,VALID, 160 29, 160 29,,UT,188,18473,0
2022-04-07T17:26:29.878Z,0bd1679136686eadf7b8b577e5b5e96596b5ce5dd5152daf11f77d3973b40397,Org1MSP,Func1,"[14"",""5""]""",Org1MSP Org2MSP ,VALID, 14 5,,,RT,188,18391,0
2022-04-07T17:26:29.891Z,7af02d17485ae2b49f63ffaf7e32769f43ac067699b6710e744031c79aec738f,Org1MSP,Func4,"[13721"",""1372100"",""10409"",""1040900""]""",Org1MSP Org2MSP ,VALID,, 10409 13721,,WT,188,18423,0
2022-04-07T17:26:29.955Z,4e7bd27007c1aeb5e3c00bd514880e6ba1fd47869d76e0a740f0582874243beb,Org1MSP,Func7,"[7"",""100"",""15"",""100""]""",Org1MSP Org2MSP ,VALID, 15 7, 15 7,,UT,188,18406,0
2022-04-07T17:26:29.956Z,9d0693f981ed43fbcf6613a775494c76c056d01fc0da475946443a54cb8ff635,Org1MSP,Func4,"[10371"",""1037100"",""10003"",""1000300""]""",Org1MSP Org2MSP ,VALID,, 10003 10371,,WT,188,18438,0
2022-04-07T17:26:29.958Z,1177f5a623b7ee6412f3dd6035f81b2a51dd051e62c1de9aaf9187385c818abe,Org1MSP,Func4,"[10004"",""1000400"",""10000"",""1000000""]""",Org1MSP Org2MSP ,VALID,, 10000 10004,,WT,188,18392,0
2022-04-07T17:26:29.960Z,a4a1cf8dfcc9d3a5b906fafe4b3f685d73db280ed7b42d8a0e411c2a573b1a82,Org1MSP,Func1,"[1848"",""2005""]""",Org1MSP Org2MSP ,VALID, 1848 2005,,,RT,188,18440,0
2022-04-07T17:26:29.962Z,92a0372dbe9a109623836e896fd89fdcdf7fda7debcff283138910848ef0f33a,Org1MSP,Func4,"[10064"",""1006400"",""10032"",""1003200""]""",Org1MSP Org2MSP ,VALID,, 10032 10064,,WT,188,18434,0
2022-04-07T17:26:29.964Z,77bc03cb3e72da085c581a955512a260f3c7bd30f61b8b9a22ef6b3a4a820bb1,Org1MSP,Func4,"[10073"",""1007300"",""10010"",""1001000""]""",Org1MSP Org2MSP ,VALID,, 10010 10073,,WT,188,18419,0
2022-04-07T17:26:29.965Z,ac69fc1ff1ed41f8d2db21a01d951821e6124b61035a6e35746c8ed1b285be84,Org1MSP,Func4,"[11763"",""1176300"",""15475"",""1547500""]""",Org1MSP Org2MSP ,VALID,, 11763 15475,,WT,188,18444,0
2022-04-07T17:26:29.966Z,45e6a8e734337bd469712404a328a7729f92db4e345f08b9a56fe13f971b6ee6,Org1MSP,Func4,"[10003"",""1000300"",""10000"",""1000000""]""",Org1MSP Org2MSP ,VALID,, 10000 10003,,WT,188,18402,0
2022-04-07T17:26:30.055Z,5783a81bdfe26b7a19bc7e16dc52ccbcb40c6c75269454837b23353bc0122901,Org1MSP,Func1,"[2"",""128""]""",Org1MSP Org2MSP ,VALID, 128 2,,,RT,188,18410,0
2022-04-07T17:26:30.056Z,1687c911dcf50f2549e33221ef80858114c73d2d20b7a8915054d9aebfa6c81b,Org1MSP,Func4,"[18824"",""1882400"",""10012"",""1001200""]""",Org1MSP Org2MSP ,VALID,, 10012 18824,,WT,188,18393,0
2022-04-07T17:26:30.057Z,68e43ea349c01a0d4a28161df7e07c55a4c8f6264fd8c73df16924c708aade31,Org1MSP,Func4,"[10000"",""1000000"",""10000"",""1000000""]""",Org1MSP Org2MSP ,VALID,, 10000,,WT,188,18412,0
2022-04-07T17:26:30.059Z,b837c834231c3eb0c1a1d4bb91769ecf81ac6803cbc72866f1e32edd02951014,Org1MSP,Func1,"[413"",""160""]""",Org1MSP Org2MSP ,VALID, 160 413,,,RT,188,18453,0
2022-04-07T17:26:30.060Z,2282bd37655fe0178f86551f0c0d4ea2e208004238df9f36fc8cb0c7e23d9077,Org1MSP,Func4,"[10047"",""1004700"",""13395"",""1339500""]""",Org1MSP Org2MSP ,VALID,, 10047 13395,,WT,188,18396,0
2022-04-07T17:26:30.061Z,7a51cb8d6db00b3f380bfd41c4953e7252d51a85fb23be2226d21d0de6ace537,Org1MSP,Func4,"[11925"",""1192500"",""10221"",""1022100""]""",Org1MSP Org2MSP ,VALID,, 10221 11925,,WT,188,18422,0
2022-04-07T17:26:30.063Z,00fad7444e7d7104d42cf8a102f8aa496dedb67b4f766beb3379919ebed77246,Org1MSP,Func4,"[10013"",""1001300"",""10013"",""1001300""]""",Org1MSP Org2MSP ,VALID,, 10013,,WT,188,18385,0
2022-04-07T17:26:30.064Z,077bd7b7b360f7d9e7ea24fff477818ee751a866bcabac97ecca7026bcb67c38,Org1MSP,Func1,"[5"",""1""]""",Org1MSP Org2MSP ,VALID, 1 5,,,RT,188,18386,0
2022-04-07T17:26:30.064Z,d7c1de13a5817de5a23aea361f0fd3c875989cec03a7ff95059d57e600b564a6,Org1MSP,Func4,"[10001"",""1000100"",""15563"",""1556300""]""",Org1MSP Org2MSP ,VALID,, 10001 15563,,WT,188,18462,0
2022-04-07T17:26:30.156Z,3b1d616eae4f27d6bf972f4cb2832bef58e80e2134344e2466fc9201d012c9cc,Org1MSP,Func1,"[653"",""119""]""",Org1MSP Org2MSP ,VALID, 119 653,,,RT,189,18496,0
2022-04-07T17:26:30.156Z,df6ef0e91027bc475ef424d4821a636780635110b2ea767d2661fcb6b8116a4c,Org1MSP,Func1,"[31"",""126""]""",Org1MSP Org2MSP ,VALID, 126 31,,,RT,189,18549,0
2022-04-07T17:26:30.157Z,05ab5a4ba6bdd592f47e7b9d4d31ce98d662e30dd8d20add8977daf423e1e01b,Org1MSP,Func7,"[2972"",""100"",""321"",""100""]""",Org1MSP Org2MSP ,VALID, 2972 321, 2972 321,,UT,189,18477,0
2022-04-07T17:26:30.159Z,906d8c6b89a2149068c4c6a125bf9420ab2823c6d66e41f1429297e958dc2e26,Org1MSP,Func7,"[175"",""100"",""445"",""100""]""",Org1MSP Org2MSP ,VALID, 175 445, 175 445,,UT,189,18523,0
2022-04-07T17:26:30.160Z,9f924e9a62b549b160a70cc80f560ed6a9bcd850ed7f345e6c23aca7592f1641,Org1MSP,Func4,"[10010"",""1001000"",""12362"",""1236200""]""",Org1MSP Org2MSP ,VALID,, 10010 12362,,WT,189,18530,0
2022-04-07T17:26:30.161Z,01057f211994e952fc33ca2270bf4f54183ce35c01ccf1775d5fb5d4baa5c248,Org1MSP,Func4,"[10000"",""1000000"",""10001"",""1000100""]""",Org1MSP Org2MSP ,VALID,, 10000 10001,,WT,189,18476,0
2022-04-07T17:26:30.162Z,97c889b308f8a4ac346565e5e763e81b5fc88544c41fa1ff7868b093db23e85e,Org1MSP,Func4,"[10141"",""1014100"",""14699"",""1469900""]""",Org1MSP Org2MSP ,VALID,, 10141 14699,,WT,189,18527,0
2022-04-07T17:26:30.163Z,d74271b9456650bba09c7e969cc3c8c11a5c95b7b3cff2045812a1852cce4c2e,Org1MSP,Func4,"[14030"",""1403000"",""10002"",""1000200""]""",Org1MSP Org2MSP ,VALID,, 10002 14030,,WT,189,18545,0
2022-04-07T17:26:30.165Z,abf1bbef7a5b9eb785564c73f3e49054758aceff031ac1c97f4cfbd1bafabbf0,Org1MSP,Func4,"[10000"",""1000000"",""10036"",""1003600""]""",Org1MSP Org2MSP ,VALID,, 10000 10036,,WT,189,18534,0
2022-04-07T17:26:30.166Z,152627b2b84f3791ddf3908128e53294195ea7ad6b7aebf9216f11300d987d66,Org1MSP,Func7,"[10"",""100"",""388"",""100""]""",Org1MSP Org2MSP ,VALID, 10 388, 10 388,,UT,189,18560,0
2022-04-07T17:26:30.257Z,f71101b3a5a9314376919d42cddacbef73fc378db8fb88e246ee35b0dce6fb87,Org1MSP,Func4,"[10010"",""1001000"",""10026"",""1002600""]""",Org1MSP Org2MSP ,VALID,, 10010 10026,,WT,189,18554,0
2022-04-07T17:26:30.258Z,9ce25886e3032dbb304380267eb091cf0d6818070d6d1c968d52b6d8d85a58c5,Org1MSP,Func1,"[7087"",""443""]""",Org1MSP Org2MSP ,VALID, 443 7087,,,RT,189,18529,0
2022-04-07T17:26:30.258Z,bc297a1ddd2d56c0ce26dfe2a8b3f8b16cc17b573d941dafbb21aaee52421367,Org1MSP,Func1,"[972"",""4261""]""",Org1MSP Org2MSP ,VALID, 4261 972,,,RT,189,18541,0
2022-04-07T17:26:30.259Z,885c0aa069e88eb6c357ff60b5fc6dd20d6b26574d43301bbb21d29de2b8ec4f,Org1MSP,Func4,"[15181"",""1518100"",""11949"",""1194900""]""",Org1MSP Org2MSP ,VALID,, 11949 15181,,WT,189,18518,0
2022-04-07T17:26:30.260Z,a3304a0c9f238df71e2d239f7a32c5d6b1ce7477bd479af055d0309f477c3517,Org1MSP,Func4,"[14439"",""1443900"",""10000"",""1000000""]""",Org1MSP Org2MSP ,VALID,, 10000 14439,,WT,189,18531,0
2022-04-07T17:26:30.261Z,9ad87cfcdf225f7f5b5b0e36f8368b56aa1207b5c6060f8d241866f615c7372f,Org1MSP,Func7,"[238"",""100"",""2506"",""100""]""",Org1MSP Org2MSP ,VALID, 238 2506, 238 2506,,UT,189,18528,0
2022-04-07T17:26:30.263Z,1cbf624d40394f71d571c7fb1e733ffda9e8dd43af5101c31b63e7d6347611c5,Org1MSP,Func1,"[12"",""7""]""",Org1MSP Org2MSP ,VALID, 12 7,,,RT,189,18487,0
2022-04-07T17:26:30.263Z,2efb580016b0eda4727a5bac09af3f0e2e9b20a00d03d0b40aec0cdb3df8e33b,Org1MSP,Func7,"[37"",""100"",""3"",""100""]""",Org1MSP Org2MSP ,VALID, 3 37, 3 37,,UT,189,18568,0
2022-04-07T17:26:30.265Z,710388510c861e229f28a5aa285a381a1fde28da8a0437c530708c03fc908f90,Org1MSP,Func4,"[13461"",""1346100"",""10004"",""1000400""]""",Org1MSP Org2MSP ,VALID,, 10004 13461,,WT,189,18510,0
2022-04-07T17:26:30.267Z,2c9102773e48e88c9d2c2982ab49a63cd4863016f0a714571a604bde1b880b46,Org1MSP,Func1,"[37"",""1864""]""",Org1MSP Org2MSP ,VALID, 1864 37,,,RT,189,18492,0
2022-04-07T17:26:30.355Z,42e514240b99e9cd36c5e222d3d3b90df02f951140ccd913e8e2874c6effd678,Org1MSP,Func4,"[10000"",""1000000"",""12314"",""1231400""]""",Org1MSP Org2MSP ,VALID,, 10000 12314,,WT,189,18498,0
2022-04-07T17:26:30.357Z,23015c1be9d1089e7c1a29428e2d28fb07089cd756ffac560cce09cbd5af7177,Org1MSP,Func7,"[12"",""100"",""6946"",""100""]""",Org1MSP Org2MSP ,VALID, 12 6946, 12 6946,,UT,189,18570,0
2022-04-07T17:26:30.358Z,ff68c0610ef6999b78ab590ba1aab396256db0dd623c54af2c7bb64237eaffb3,Org1MSP,Func4,"[10000"",""1000000"",""15094"",""1509400""]""",Org1MSP Org2MSP ,VALID,, 10000 15094,,WT,189,18558,0
2022-04-07T17:26:30.360Z,f28a109a15de5ee0acbb28452e2c220c923699c5c0bc492d20fadf7816283bb6,Org1MSP,Func1,"[1"",""2""]""",Org1MSP Org2MSP ,VALID, 1 2,,,RT,189,18553,0
2022-04-07T17:26:30.361Z,fa39524a806722de7084a2e25ff5e5486e664cb0d09e9bfbee16624ac893e82d,Org1MSP,Func1,"[231"",""1""]""",Org1MSP Org2MSP ,VALID, 1 231,,,RT,189,18556,0
2022-04-07T17:26:30.362Z,6a4eccd54eb64bca8bdc0e028b985a012a19feb2821bccae3b033994f18b0846,Org1MSP,Func4,"[10054"",""1005400"",""10008"",""1000800""]""",Org1MSP Org2MSP ,VALID,, 10008 10054,,WT,189,18509,0
2022-04-07T17:26:30.362Z,8900cadd64932df0eb1b7de5b07192925705ba73a9da7140f6988a53a0e2074a,Org1MSP,Func1,"[2"",""4452""]""",Org1MSP Org2MSP ,VALID, 2 4452,,,RT,189,18519,0
2022-04-07T17:26:30.363Z,097d40b2e7626d60ff141346e3667c77dceecb883ca860a91b3c24338376038c,Org1MSP,Func4,"[14679"",""1467900"",""10012"",""1001200""]""",Org1MSP Org2MSP ,VALID,, 10012 14679,,WT,189,18480,0
2022-04-07T17:26:30.365Z,411a7bdf54bed08a0758c0ea2adf8da1bf2640737b750d00284ddaf8b9102de9,Org1MSP,Func4,"[10178"",""1017800"",""10001"",""1000100""]""",Org1MSP Org2MSP ,VALID,, 10001 10178,,WT,189,18497,0
2022-04-07T17:26:30.368Z,8cfcadd2794d90400854c7c41d461ae549dc9f9c0a081d2ea7651cdaba0d7ee4,Org1MSP,Func4,"[14052"",""1405200"",""10623"",""1062300""]""",Org1MSP Org2MSP ,VALID,, 10623 14052,,WT,189,18520,0
2022-04-07T17:26:30.455Z,a335552b49b253240d10a60c8d1951bad67faf631c614890d8099abb61080836,Org1MSP,Func4,"[10045"",""1004500"",""10257"",""1025700""]""",Org1MSP Org2MSP ,VALID,, 10045 10257,,WT,189,18532,0
2022-04-07T17:26:30.458Z,075fac270da665d7d538333628d5384632122c658869bf2365a023a7316a1025,Org1MSP,Func4,"[10002"",""1000200"",""10011"",""1001100""]""",Org1MSP Org2MSP ,VALID,, 10002 10011,,WT,189,18479,0
2022-04-07T17:26:30.458Z,f83317e8d3a3f7b80bfc138c8e34affe1705a8b7b733237ca75d6dd5cd6cbd8b,Org1MSP,Func4,"[10002"",""1000200"",""10763"",""1076300""]""",Org1MSP Org2MSP ,VALID,, 10002 10763,,WT,189,18555,0
2022-04-07T17:26:30.459Z,da4e50f2b901d139080550f3e8ea50d93681f54652904bc4a7ce4c2dddc24716,Org1MSP,Func4,"[10557"",""1055700"",""10006"",""1000600""]""",Org1MSP Org2MSP ,VALID,, 10006 10557,,WT,189,18546,0
2022-04-07T17:26:30.460Z,0db4056cd1c2e43f7de4cfcc09888e8dbe1f096868d4e62c106b211a11386eb7,Org1MSP,Func4,"[13894"",""1389400"",""12363"",""1236300""]""",Org1MSP Org2MSP ,VALID,, 12363 13894,,WT,189,18481,0
2022-04-07T17:26:30.462Z,109968d5ace2e044b41cadd204ea5bdbb02df3e2ce77f5d70ef84ee284586c57,Org1MSP,Func4,"[10025"",""1002500"",""10651"",""1065100""]""",Org1MSP Org2MSP ,VALID,, 10025 10651,,WT,189,18482,0
2022-04-07T17:26:30.462Z,260cd3ea94a310f9d48f4360fd041e905b983ade03cbaa3b549d52c9e686306a,Org1MSP,Func4,"[10004"",""1000400"",""10116"",""1011600""]""",Org1MSP Org2MSP ,VALID,, 10004 10116,,WT,189,18490,0
2022-04-07T17:26:30.463Z,6135254524c4e16c985949535309cc64970f43dba35c66bb7b8a592d25b80e9d,Org1MSP,Func4,"[10000"",""1000000"",""10035"",""1003500""]""",Org1MSP Org2MSP ,VALID,, 10000 10035,,WT,189,18505,0
2022-04-07T17:26:30.464Z,6109cff7740c88ac48ff7337090834f63ef63971ed259835de01f7cb0a70463d,Org1MSP,Func4,"[10005"",""1000500"",""10051"",""1005100""]""",Org1MSP Org2MSP ,VALID,, 10005 10051,,WT,189,18504,0
2022-04-07T17:26:30.466Z,79c0f3e86e9e014b5510bf2d7657d3cb87953ab5ba1f99bbc41f2c81c68be42a,Org1MSP,Func4,"[10226"",""1022600"",""10026"",""1002600""]""",Org1MSP Org2MSP ,VALID,, 10026 10226,,WT,189,18513,0
2022-04-07T17:26:30.555Z,50524e0637ff3e8b516638af96d261173a3f7de280040bb81d600c5f48aaa812,Org1MSP,Func7,"[3147"",""100"",""2017"",""100""]""",Org1MSP Org2MSP ,VALID, 2017 3147, 2017 3147,,UT,189,18502,0
2022-04-07T17:26:30.557Z,061292a71f84d4148d59e80b33e4165ecca6035114989ea04c70cca151e0f617,Org1MSP,Func7,"[529"",""100"",""45"",""100""]""",Org1MSP Org2MSP ,VALID, 45 529, 45 529,,UT,189,18478,0
2022-04-07T17:26:30.558Z,31ccddd0b3039bb5a813f51d93abb5af43b1be3524c5e69f951ed33cec6c3a28,Org1MSP,Func1,"[1"",""165""]""",Org1MSP Org2MSP ,VALID, 1 165,,,RT,189,18494,0
2022-04-07T17:26:30.560Z,e841641287cff579ef06aee146e15322a0f04c753df3f22237eb4b0009aab697,Org1MSP,Func4,"[10215"",""1021500"",""10028"",""1002800""]""",Org1MSP Org2MSP ,VALID,, 10028 10215,,WT,189,18551,0
2022-04-07T17:26:30.562Z,1cbc1666d42c887328e297462131db4d8d11262d3fa1ae099bbf40f73a2dc2e3,Org1MSP,Func1,"[36"",""1""]""",Org1MSP Org2MSP ,VALID, 1 36,,,RT,189,18486,0
2022-04-07T17:26:30.562Z,95d884b5a002579c670f6684bb8e6500e3eaee5294fa0c1ed2de81e668f84328,Org1MSP,Func4,"[10189"",""1018900"",""10054"",""1005400""]""",Org1MSP Org2MSP ,VALID,, 10054 10189,,WT,189,18525,0
2022-04-07T17:26:30.566Z,7654b07a0a5dfec928fa51118b738b4caad7a163a763fc7d826fbb0950b8d211,Org1MSP,Func1,"[130"",""140""]""",Org1MSP Org2MSP ,VALID, 130 140,,,RT,189,18512,0
2022-04-07T17:26:30.566Z,bb80517d22d05bfc00cdfcacab91447bc1c05409a5a9d4fc97f0a06195aa36fb,Org1MSP,Func4,"[10195"",""1019500"",""11576"",""1157600""]""",Org1MSP Org2MSP ,VALID,, 10195 11576,,WT,189,18540,0
2022-04-07T17:26:30.568Z,25f6b97d252db12eb2b63d2b1bf6996dc0432666def958dd4a3ca1ab7acf5d8c,Org1MSP,Func7,"[11"",""100"",""298"",""100""]""",Org1MSP Org2MSP ,VALID, 11 298, 11 298,,UT,189,18489,0
2022-04-07T17:26:30.655Z,ca6fae4aba310601c992af0215f76e8c2ed5947488ab2f2db09f8c847fb995fe,Org1MSP,Func4,"[10012"",""1001200"",""10005"",""1000500""]""",Org1MSP Org2MSP ,VALID,, 10005 10012,,WT,189,18543,0
2022-04-07T17:26:30.658Z,f54da3758e00ffc844971d67b3caae164ae9c7915686a9f774aae6848ec73848,Org1MSP,Func7,"[30"",""100"",""55"",""100""]""",Org1MSP Org2MSP ,VALID, 30 55, 30 55,,UT,189,18562,0
2022-04-07T17:26:30.659Z,8712e90eee7e196d88f53a014d85071ce34cd7f8ec45761e0e133b7b803d8500,Org1MSP,Func4,"[12284"",""1228400"",""11338"",""1133800""]""",Org1MSP Org2MSP ,VALID,, 11338 12284,,WT,189,18517,0
2022-04-07T17:26:30.661Z,0daafa1adaf2805f52581ec17035cca9a39fe56c5b189f76fd26e74e2086741d,Org1MSP,Func7,"[1"",""100"",""80"",""100""]""",Org1MSP Org2MSP ,VALID, 1 80, 1 80,,UT,189,18571,0
2022-04-07T17:26:30.662Z,1de2cc3d87be4582c07ad653632256378f2347de67f24a34c50b879f4fb53add,Org1MSP,Func4,"[10268"",""1026800"",""11927"",""1192700""]""",Org1MSP Org2MSP ,VALID,, 10268 11927,,WT,189,18488,0
2022-04-07T17:26:30.662Z,4d30a494c8347a7f946e4472359a6cecbd95594f1cd9e444ffe16c8c77a4d0a6,Org1MSP,Func4,"[10086"",""1008600"",""10092"",""1009200""]""",Org1MSP Org2MSP ,VALID,, 10086 10092,,WT,189,18500,0
2022-04-07T17:26:30.663Z,300809c5a672b48493de3c0e32f34bb432335063a067151ef01cdadb01a23e58,Org1MSP,Func4,"[10070"",""1007000"",""10005"",""1000500""]""",Org1MSP Org2MSP ,VALID,, 10005 10070,,WT,189,18493,0
2022-04-07T17:26:30.664Z,a41bfee9768246eedf36cd98a4bd9afcef16944daff6626a9f0c4055735662f0,Org1MSP,Func7,"[113"",""100"",""7"",""100""]""",Org1MSP Org2MSP ,VALID, 113 7, 113 7,,UT,189,18559,0
2022-04-07T17:26:30.668Z,dc534e09a02b4922ae14a8648c35aa284b495bc92d9aa27b360a0f02e8eb2c83,Org1MSP,Func1,"[30"",""573""]""",Org1MSP Org2MSP ,VALID, 30 573,,,RT,189,18547,0
2022-04-07T17:26:30.757Z,dfdb590eb4cfc63a5d4973a340a18ea40f372551e78828691c2be7714858544f,Org1MSP,Func4,"[10263"",""1026300"",""10011"",""1001100""]""",Org1MSP Org2MSP ,VALID,, 10011 10263,,WT,189,18550,0
2022-04-07T17:26:30.758Z,8f806eb4725f8a49f50f93b35399ce1d4e040ea12ff4be11553b7bc10efc6e01,Org1MSP,Func1,"[48"",""214""]""",Org1MSP Org2MSP ,VALID, 214 48,,,RT,189,18522,0
2022-04-07T17:26:30.758Z,c8122ec303ff78f66e4a22b314d27ae861e5c62178bcea4eef810d1898073b8a,Org1MSP,Func4,"[10000"",""1000000"",""10064"",""1006400""]""",Org1MSP Org2MSP ,VALID,, 10000 10064,,WT,189,18542,0
2022-04-07T17:26:30.759Z,deb3d954439076bf9bba83e37c3e11eb5eba78a99b2bbd3f17298990c07e6623,Org1MSP,Func7,"[5"",""100"",""1297"",""100""]""",Org1MSP Org2MSP ,VALID, 1297 5, 1297 5,,UT,189,18569,0
2022-04-07T17:26:30.760Z,adec39cc89b1360f15381672024f20ec248f61a34d992706b82a26cbd73cc110,Org1MSP,Func1,"[157"",""10""]""",Org1MSP Org2MSP ,VALID, 10 157,,,RT,189,18535,0
2022-04-07T17:26:30.761Z,1304f303a9a8198c1956b66f1ddb21f2b1c9496402599448f3f12c78250a20ee,Org1MSP,Func1,"[1"",""3""]""",Org1MSP Org2MSP ,VALID, 1 3,,,RT,189,18564,0
2022-04-07T17:26:30.763Z,660d26281f0e9a5b0c0712865ea07269b2b526fd1aaf224be3ac1c30eb364dc2,Org1MSP,Func4,"[11143"",""1114300"",""18802"",""1880200""]""",Org1MSP Org2MSP ,VALID,, 11143 18802,,WT,189,18507,0
2022-04-07T17:26:30.763Z,b59db37a3c898b43627e2446e60e4d70da705657cb7cb079006c5ce4eac15ac6,Org1MSP,Func4,"[10006"",""1000600"",""10043"",""1004300""]""",Org1MSP Org2MSP ,VALID,, 10006 10043,,WT,189,18538,0
2022-04-07T17:26:30.764Z,57d692309fedaa4f4e59dd56d9fe6dc0bf6d1076a2296805d96641b51c5a459a,Org1MSP,Func1,"[3"",""254""]""",Org1MSP Org2MSP ,VALID, 254 3,,,RT,189,18503,0
2022-04-07T17:26:30.768Z,ddb98a365398c4d8a88d1ab6c56e718a80f2086453440999b720b3686538be42,Org1MSP,Func4,"[10059"",""1005900"",""10461"",""1046100""]""",Org1MSP Org2MSP ,VALID,, 10059 10461,,WT,189,18548,0
2022-04-07T17:26:30.855Z,aeafda78e7f826742b06516a84226598b479ee348b41a7954847acbdd07d6e18,Org1MSP,Func7,"[70"",""100"",""9787"",""100""]""",Org1MSP Org2MSP ,VALID, 70 9787, 70 9787,,UT,189,18536,0
2022-04-07T17:26:30.856Z,7d15d15d82649d59a8344171b8cbf31687d7c519f46fafc458f30205d7008dcc,Org1MSP,Func4,"[10127"",""1012700"",""10006"",""1000600""]""",Org1MSP Org2MSP ,VALID,, 10006 10127,,WT,189,18514,0
2022-04-07T17:26:30.858Z,7e0dbc8d83f420e763a342858d60bfa291584d12f3171f22e1c4abb5ce77fcc9,Org1MSP,Func1,"[9"",""4129""]""",Org1MSP Org2MSP ,VALID, 4129 9,,,RT,189,18515,0
2022-04-07T17:26:30.860Z,3e6577208456e371563cf48008dca66df47709199bf13785677866cf31e2e782,Org1MSP,Func1,"[1"",""5""]""",Org1MSP Org2MSP ,VALID, 1 5,,,RT,189,18565,0
2022-04-07T17:26:30.866Z,4bc31075fb9f0151baa121412fdfb56f58ea14b44dddbe680a6fcacce180f05c,Org1MSP,Func4,"[10001"",""1000100"",""10274"",""1027400""]""",Org1MSP Org2MSP ,VALID,, 10001 10274,,WT,189,18499,0
2022-04-07T17:26:30.868Z,6165b9abd9f463de727742ae505e08f06e656e948f92126b528a85b340a5a48b,Org1MSP,Func1,"[32"",""177""]""",Org1MSP Org2MSP ,VALID, 177 32,,,RT,189,18506,0
2022-04-07T17:26:30.872Z,67a9c3fb02813064b5979e16184b4094df0fd55cb744d7866f5e1ebec7d91e28,Org1MSP,Func4,"[10648"",""1064800"",""10029"",""1002900""]""",Org1MSP Org2MSP ,VALID,, 10029 10648,,WT,189,18508,0
2022-04-07T17:26:30.872Z,914e91b050b4bdc406d37b895f74bb019e54609860774b8d8a21ba9d6d7f4986,Org1MSP,Func4,"[10016"",""1001600"",""10000"",""1000000""]""",Org1MSP Org2MSP ,VALID,, 10000 10016,,WT,189,18524,0
2022-04-07T17:26:30.956Z,0062566892b84ef5482bd7d401dccee4ee1cd14eba71d44016f638360965dd2d,Org1MSP,Func4,"[13442"",""1344200"",""10723"",""1072300""]""",Org1MSP Org2MSP ,VALID,, 10723 13442,,WT,189,18475,0
2022-04-07T17:26:30.957Z,177de60790c93baf185db591f338b6ac363f7f61ffd419669dcae02111641e95,Org1MSP,Func4,"[10002"",""1000200"",""10001"",""1000100""]""",Org1MSP Org2MSP ,VALID,, 10001 10002,,WT,189,18484,0
2022-04-07T17:26:30.958Z,320c736a3681ae082754c6ab661e5283d410c6dbb63f9dd11fe790671b5ba808,Org1MSP,Func1,"[1"",""136""]""",Org1MSP Org2MSP ,VALID, 1 136,,,RT,189,18566,0
2022-04-07T17:26:30.959Z,a6bacefb808eccf33c0893714ac396c67d84705448493b4135646b88b6953991,Org1MSP,Func1,"[599"",""2""]""",Org1MSP Org2MSP ,VALID, 2 599,,,RT,189,18563,0
2022-04-07T17:26:30.960Z,e939aa2358ede21796daaeea206349cf4ee77cabe9a8d21e32f86c931f23ae42,Org1MSP,Func4,"[10057"",""1005700"",""17722"",""1772200""]""",Org1MSP Org2MSP ,VALID,, 10057 17722,,WT,189,18552,0
2022-04-07T17:26:30.962Z,963e518fa1e5a3562d76e1d78ffca22e31790bfba1aa46638155a13dcac3964d,Org1MSP,Func7,"[7649"",""100"",""8003"",""100""]""",Org1MSP Org2MSP ,VALID, 7649 8003, 7649 8003,,UT,189,18526,0
2022-04-07T17:26:30.962Z,cb3e9f3e598803171f248ed98e10e666b72093cb30ef369c41461877df6097a8,Org1MSP,Func4,"[14010"",""1401000"",""11499"",""1149900""]""",Org1MSP Org2MSP ,VALID,, 11499 14010,,WT,189,18544,0
2022-04-07T17:26:30.965Z,dddf27c4f061dbe63c639782581d880badc5ef9227f4f9f746a2dd819e809a20,Org1MSP,Func7,"[5462"",""100"",""157"",""100""]""",Org1MSP Org2MSP ,VALID, 157 5462, 157 5462,,UT,189,18561,0
2022-04-07T17:26:30.966Z,801a36503d8a27c3b8db53f6074b0176870cddd3b3cd7f4f953fe6e466075390,Org1MSP,Func4,"[10064"",""1006400"",""10000"",""1000000""]""",Org1MSP Org2MSP ,VALID,, 10000 10064,,WT,189,18516,0
2022-04-07T17:26:31.056Z,ba37458f570cb7efe0a78da2bacf5ff1decfacebcbf04f6a1bf1f5b1210b1137,Org1MSP,Func4,"[10001"",""1000100"",""13601"",""1360100""]""",Org1MSP Org2MSP ,VALID,, 10001 13601,,WT,189,18539,0
2022-04-07T17:26:31.057Z,fb4c2cf819d301e2fdb2194357eef32a025ee63d5ba643ecb1b24b1aeed0d8ab,Org1MSP,Func4,"[10006"",""1000600"",""10695"",""1069500""]""",Org1MSP Org2MSP ,VALID,, 10006 10695,,WT,189,18557,0
2022-04-07T17:26:31.058Z,2b4a1d465f8e0447b8986e30cc7c2639e26766d576763adb21bce8b72243d8aa,Org1MSP,Func4,"[10001"",""1000100"",""10204"",""1020400""]""",Org1MSP Org2MSP ,VALID,, 10001 10204,,WT,189,18491,0
2022-04-07T17:26:31.059Z,764f17348efef4d675c49d01d889176ccb8e4c2400781a8a62591c98995947ae,Org1MSP,Func4,"[10000"",""1000000"",""10023"",""1002300""]""",Org1MSP Org2MSP ,VALID,, 10000 10023,,WT,189,18511,0
2022-04-07T17:26:31.061Z,1bddeb5a38dd4b62c7afa5654d1265866e46aefc4241a19995a501a68b21cabe,Org1MSP,Func4,"[10005"",""1000500"",""10029"",""1002900""]""",Org1MSP Org2MSP ,VALID,, 10005 10029,,WT,189,18485,0
2022-04-07T17:26:31.061Z,49dda0350861c881f6a5878aa5cc06d1cea6077ffdb2e7e37f979046ceb5b5e6,Org1MSP,Func1,"[12"",""1""]""",Org1MSP Org2MSP ,VALID, 1 12,,,RT,189,18567,0
2022-04-07T17:26:31.062Z,110d63676c6b3fe56abd6f151afb293ef1520e843e6658611839a62e60f9ccb1,Org1MSP,Func7,"[1242"",""100"",""18"",""100""]""",Org1MSP Org2MSP ,VALID, 1242 18, 1242 18,,UT,189,18483,0
2022-04-07T17:26:31.063Z,8e0f2409e7ac93deff91dfd6b3ab324e016897bf05c44e851b22feb4c1fb051e,Org1MSP,Func4,"[11368"",""1136800"",""10977"",""1097700""]""",Org1MSP Org2MSP ,VALID,, 10977 11368,,WT,189,18521,0
2022-04-07T17:26:31.064Z,3a21633ef17320067ab25029084c7032d761f0ccde49c7b97ddb6fed6e9dc5bb,Org1MSP,Func4,"[10001"",""1000100"",""12616"",""1261600""]""",Org1MSP Org2MSP ,VALID,, 10001 12616,,WT,189,18495,0
2022-04-07T17:26:31.068Z,4eb5c1f7ea8aab1c1e6edb243490c2aff4c61b20a883a788aa794c0d8cbb07e5,Org1MSP,Func4,"[10014"",""1001400"",""10013"",""1001300""]""",Org1MSP Org2MSP ,VALID,, 10013 10014,,WT,189,18501,0
2022-04-07T17:26:31.156Z,5f0bd5f96a86a47d2f87efb9986adbeed79741571add91f29b62457234fce90f,Org1MSP,Func4,"[10011"",""1001100"",""10000"",""1000000""]""",Org1MSP Org2MSP ,VALID,, 10000 10011,,WT,190,18602,0
2022-04-07T17:26:31.159Z,906f5802e6de4b3fe1129d9ed0ac513b54e7c743c7e92a5a83e9fccf07dc7877,Org1MSP,Func4,"[16138"",""1613800"",""10002"",""1000200""]""",Org1MSP Org2MSP ,VALID,, 10002 16138,,WT,190,18627,0
2022-04-07T17:26:31.159Z,f197461f95719c87d3e407cd40edba27b6693a335d9ea813c633e71b751623e8,Org1MSP,Func4,"[13296"",""1329600"",""11052"",""1105200""]""",Org1MSP Org2MSP ,VALID,, 11052 13296,,WT,190,18657,0
2022-04-07T17:26:31.160Z,688eab2f3ce6b4175ed386b47de961dc9b880af2344225417ee6b12db0c37701,Org1MSP,Func4,"[10003"",""1000300"",""16083"",""1608300""]""",Org1MSP Org2MSP ,VALID,, 10003 16083,,WT,190,18605,0
2022-04-07T17:26:31.161Z,aa1ae3210cec597feac39076c251951344e2302d3f17a018d7bc9f3336403ef5,Org1MSP,Func4,"[10001"",""1000100"",""10000"",""1000000""]""",Org1MSP Org2MSP ,VALID,, 10000 10001,,WT,189,18533,0
2022-04-07T17:26:31.162Z,7097a054bbcd3f21aa84598073ff9aeb36bb38f3795d81cf72c446eff9df7e1c,Org1MSP,Func7,"[966"",""100"",""148"",""100""]""",Org1MSP Org2MSP ,VALID, 148 966, 148 966,,UT,190,18608,0
2022-04-07T17:26:31.164Z,095cbea3b9f5e27846bb4af30156f329b894f8db645c44d3ed1b4442ac75cef0,Org1MSP,Func4,"[10039"",""1003900"",""10096"",""1009600""]""",Org1MSP Org2MSP ,VALID,, 10039 10096,,WT,190,18577,0
2022-04-07T17:26:31.167Z,b14047cea46a184501eb8bab72485abec542adf69cd83b7cdba632d123179a8f,Org1MSP,Func4,"[10059"",""1005900"",""16430"",""1643000""]""",Org1MSP Org2MSP ,VALID,, 10059 16430,,WT,189,18537,0
2022-04-07T17:26:31.167Z,43cbabb8a8710aa2421bb78b43e438e45622869487a9f7131fd00057271e41bf,Org1MSP,Func4,"[10253"",""1025300"",""10006"",""1000600""]""",Org1MSP Org2MSP ,VALID,, 10006 10253,,WT,190,18595,0
2022-04-07T17:26:31.255Z,463460891ca5bf4bd3aa00e64d64152c2d6f70588f879bcfd9539942297cd7fd,Org1MSP,Func7,"[394"",""100"",""630"",""100""]""",Org1MSP Org2MSP ,VALID, 394 630, 394 630,,UT,190,18598,0
2022-04-07T17:26:31.257Z,0350820ead4ab7d158da68d1f7c75caf255fdb712642fa1302c09b3de8847b62,Org1MSP,Func1,"[1"",""14""]""",Org1MSP Org2MSP ,VALID, 1 14,,,RT,190,18573,0
2022-04-07T17:26:31.259Z,747a43ec69e37282b0ab3be0a7927a11b4a81b111eebd3a0dfa87fbee0664b58,Org1MSP,Func4,"[10054"",""1005400"",""10184"",""1018400""]""",Org1MSP Org2MSP ,VALID,, 10054 10184,,WT,190,18611,0
2022-04-07T17:26:31.260Z,2163d7e5b92a4f92a5c0e3577b60440e7f705dee878f0c1cf0c0d279609e8003,Org1MSP,Func7,"[105"",""100"",""2"",""100""]""",Org1MSP Org2MSP ,VALID, 105 2, 105 2,,UT,190,18664,0
2022-04-07T17:26:31.262Z,36d18c38740f753460d7124132cbeb481a1ca5cbcc15ef67899473babbea38f0,Org1MSP,Func4,"[10090"",""1009000"",""10004"",""1000400""]""",Org1MSP Org2MSP ,VALID,, 10004 10090,,WT,190,18590,0
2022-04-07T17:26:31.262Z,4e8e9ec7f324d927a2f59f3dc8e1c43c8ec68f632c90f89873e082dbe6820c28,Org1MSP,Func4,"[10122"",""1012200"",""10002"",""1000200""]""",Org1MSP Org2MSP ,VALID,, 10002 10122,,WT,190,18601,0
2022-04-07T17:26:31.262Z,b3642735ea84239b91537dcc4706149ed69cf1f465cff26edcdb36280c547375,Org1MSP,Func4,"[10165"",""1016500"",""15639"",""1563900""]""",Org1MSP Org2MSP ,VALID,, 10165 15639,,WT,190,18635,0
2022-04-07T17:26:31.264Z,82b05202bdff6d2532583593a40509f0a402059290fc4a9007685bc7ca05bd52,Org1MSP,Func7,"[4"",""100"",""24"",""100""]""",Org1MSP Org2MSP ,VALID, 24 4, 24 4,,UT,190,18620,0
2022-04-07T17:26:31.265Z,61eddafa294ec05d9fb98c0650df7c1fb7784c5e909f07685b41e67a2a531a59,Org1MSP,Func4,"[10444"",""1044400"",""10041"",""1004100""]""",Org1MSP Org2MSP ,VALID,, 10041 10444,,WT,190,18604,0
2022-04-07T17:26:31.266Z,33b72998a0a13b1ecd46e756a47ca721f7c5631c60b31c94f01d1575dd083ff3,Org1MSP,Func4,"[10005"",""1000500"",""10004"",""1000400""]""",Org1MSP Org2MSP ,VALID,, 10004 10005,,WT,190,18587,0
2022-04-07T17:26:31.356Z,1a5ad9c36a2a7c7a6bef53eb4976e31e92462f87187ea2e0bbef260758611910,Org1MSP,Func4,"[10012"",""1001200"",""10008"",""1000800""]""",Org1MSP Org2MSP ,VALID,, 10008 10012,,WT,190,18584,0
2022-04-07T17:26:31.358Z,5f03d6d663bfb0a037a23f3abdb65a7fee74780660173d2db335e130142a7484,Org1MSP,Func7,"[2333"",""100"",""286"",""100""]""",Org1MSP Org2MSP ,VALID, 2333 286, 2333 286,,UT,190,18667,0
2022-04-07T17:26:31.359Z,c3697ab5d202bfc7a72fe8c7babaee5cf00149163048b850cb613f22af8e9a10,Org1MSP,Func4,"[10030"",""1003000"",""10057"",""1005700""]""",Org1MSP Org2MSP ,VALID,, 10030 10057,,WT,190,18640,0
2022-04-07T17:26:31.360Z,0fbec28c26eb653781f08fdc2a1645e2381a7c5fe8ec04680d41bb1a546f1fc5,Org1MSP,Func7,"[209"",""100"",""17"",""100""]""",Org1MSP Org2MSP ,VALID, 17 209, 17 209,,UT,190,18666,0
2022-04-07T17:26:31.362Z,868d8db46be09a5c1910788f627fe0067e94cb534737c9bf9de0c59e198de58e,Org1MSP,Func1,"[307"",""2""]""",Org1MSP Org2MSP ,VALID, 2 307,,,RT,190,18623,0
2022-04-07T17:26:31.363Z,47fa0551084d77f00600981f8bb278075dd51be75e88a936187df0094c2f3389,Org1MSP,Func4,"[10050"",""1005000"",""10025"",""1002500""]""",Org1MSP Org2MSP ,VALID,, 10025 10050,,WT,190,18599,0
2022-04-07T17:26:31.366Z,0c659ff2e6c064c842704c5ceb03a741c5774846ea6784d6300123e5ee242926,Org1MSP,Func4,"[10094"",""1009400"",""10025"",""1002500""]""",Org1MSP Org2MSP ,VALID,, 10025 10094,,WT,190,18578,0
2022-04-07T17:26:31.455Z,eda3fd89a78fdf018ff99e0a7290f5223958776a2aea50653bd7b8e745a158bc,Org1MSP,Func4,"[10152"",""1015200"",""11293"",""1129300""]""",Org1MSP Org2MSP ,VALID,, 10152 11293,,WT,190,18655,0
2022-04-07T17:26:31.457Z,06c582c88ee7a7269c99c22ba4cfe4fbd6fb799f2dcc019e7899927600507308,Org1MSP,Func4,"[10002"",""1000200"",""10349"",""1034900""]""",Org1MSP Org2MSP ,VALID,, 10002 10349,,WT,190,18576,0
2022-04-07T17:26:31.458Z,75df270153e7448173fec7bb35744b96c4f43138f740e581bef48fdeb0029932,Org1MSP,Func1,"[2"",""3628""]""",Org1MSP Org2MSP ,VALID, 2 3628,,,RT,190,18613,0
2022-04-07T17:26:31.462Z,771a92907676d9a84c12e48ea6116467b653eeaccfe53212f9b1d4e0eb1af1ad,Org1MSP,Func7,"[826"",""100"",""8846"",""100""]""",Org1MSP Org2MSP ,VALID, 826 8846, 826 8846,,UT,190,18614,0
2022-04-07T17:26:31.462Z,aec25f11caedb7e0856ac669356580bd521088046f2109a9311e91ff1d60160f,Org1MSP,Func4,"[10772"",""1077200"",""13981"",""1398100""]""",Org1MSP Org2MSP ,VALID,, 10772 13981,,WT,190,18633,0
2022-04-07T17:26:31.462Z,c67b40f95629ad6055ecf1befd5c978a4aa8510af4833d5ce5c3beb85ac994ad,Org1MSP,Func4,"[10059"",""1005900"",""10002"",""1000200""]""",Org1MSP Org2MSP ,VALID,, 10002 10059,,WT,190,18641,0
2022-04-07T17:26:31.463Z,7851daa102bafcffba271b14ff654fae26608ebe27ceb329ab92332b9072d618,Org1MSP,Func4,"[12277"",""1227700"",""10005"",""1000500""]""",Org1MSP Org2MSP ,VALID,, 10005 12277,,WT,190,18615,0
2022-04-07T17:26:31.464Z,c08e5c065c2724c171660ffe7235152c50ef32e6cc21657712a5309a014c6770,Org1MSP,Func1,"[243"",""221""]""",Org1MSP Org2MSP ,VALID, 221 243,,,RT,190,18639,0
2022-04-07T17:26:31.466Z,b16ab2d1857d002ab3cb8a646323a98e12684e8e77ea5ec7112c7f0d5da9da17,Org1MSP,Func4,"[10002"",""1000200"",""10001"",""1000100""]""",Org1MSP Org2MSP ,VALID,, 10001 10002,,WT,190,18634,0
2022-04-07T17:26:31.556Z,35b1bd1a7c7622d387d314bef2e6fb2732d491e5a0994f422cf648bc01c1b4c8,Org1MSP,Func4,"[10039"",""1003900"",""10079"",""1007900""]""",Org1MSP Org2MSP ,VALID,, 10039 10079,,WT,190,18589,0
2022-04-07T17:26:31.557Z,b933f10d770e7a157b36be8e1e996bd306eeb8560d336e969764a4350a1c1660,Org1MSP,Func7,"[9428"",""100"",""4002"",""100""]""",Org1MSP Org2MSP ,VALID, 4002 9428, 4002 9428,,UT,190,18637,0
2022-04-07T17:26:31.558Z,12552dfee095185694c2770f3af37122d1cd0f4a70e2cbe8c40bb97ee0790f72,Org1MSP,Func4,"[10059"",""1005900"",""17273"",""1727300""]""",Org1MSP Org2MSP ,VALID,, 10059 17273,,WT,190,18580,0
2022-04-07T17:26:31.559Z,ed070b02549758c27b8c3ef709dff05eaed4dce59006c7e89bbabab34431aafc,Org1MSP,Func4,"[10717"",""1071700"",""10505"",""1050500""]""",Org1MSP Org2MSP ,VALID,, 10505 10717,,WT,190,18654,0
2022-04-07T17:26:31.560Z,d5ec493039dd8ab294a9fb08a3a9e1550c101cf0ed9262e01e73d55e1d901ab6,Org1MSP,Func4,"[10080"",""1008000"",""11670"",""1167000""]""",Org1MSP Org2MSP ,VALID,, 10080 11670,,WT,190,18651,0
2022-04-07T17:26:31.563Z,16501f20aea300b3705464eb8e692842bc133b4d8cb1dac8781a115a0d7d7a34,Org1MSP,Func4,"[10200"",""1020000"",""10000"",""1000000""]""",Org1MSP Org2MSP ,VALID,, 10000 10200,,WT,190,18583,0
2022-04-07T17:26:31.563Z,b68320a9eda31374ced01fd89a2db93d055a5117e480a5be780af9525d2e52ab,Org1MSP,Func4,"[12258"",""1225800"",""10000"",""1000000""]""",Org1MSP Org2MSP ,VALID,, 10000 12258,,WT,190,18636,0
2022-04-07T17:26:31.566Z,f64b8194c1ae2aa7ab550de99f19ca898a0a888618eda9afe940f8b560339214,Org1MSP,Func1,"[1"",""1""]""",Org1MSP Org2MSP ,VALID, 1,,,RT,190,18661,0
2022-04-07T17:26:31.658Z,8b643ad534b84da5297370611dd9ebeb4b229c31d4fc077e6fd78742bdb50c31,Org1MSP,Func4,"[10016"",""1001600"",""18791"",""1879100""]""",Org1MSP Org2MSP ,VALID,, 10016 18791,,WT,190,18625,0
2022-04-07T17:26:31.659Z,73c94bec1a63272a9b95a1bfecdb5e32d36110481a6fa450b42dfb4ed43b71de,Org1MSP,Func4,"[10061"",""1006100"",""10021"",""1002100""]""",Org1MSP Org2MSP ,VALID,, 10021 10061,,WT,190,18610,0
2022-04-07T17:26:31.659Z,cc3f88cfd8f93a483af14df16c630d00544ab3823feec32de507136aa4598ae4,Org1MSP,Func7,"[133"",""100"",""1"",""100""]""",Org1MSP Org2MSP ,VALID, 1 133, 1 133,,UT,190,18668,0
2022-04-07T17:26:31.660Z,707aa913d8214035cf31cc42ef7ed9b535c291917715e75dcb481f767e7298e3,Org1MSP,Func4,"[11646"",""1164600"",""15259"",""1525900""]""",Org1MSP Org2MSP ,VALID,, 11646 15259,,WT,190,18607,0
2022-04-07T17:26:31.662Z,15c1d8bfd709cc5fd24c1ac7b38fad2910535efbfce2ea4fba0b32b2da33d6e7,Org1MSP,Func4,"[10085"",""1008500"",""10521"",""1052100""]""",Org1MSP Org2MSP ,VALID,, 10085 10521,,WT,190,18582,0
2022-04-07T17:26:31.663Z,efca18b5eb75d8247698767996333a323b6900ce85cb224951fad65f90c0696c,Org1MSP,Func4,"[10088"",""1008800"",""13155"",""1315500""]""",Org1MSP Org2MSP ,VALID,, 10088 13155,,WT,190,18656,0
2022-04-07T17:26:31.663Z,b8ce981f1476e54e16ef6b70490cfbc5b69fa73aef0ffa7770dfd507897bfe17,Org1MSP,Func7,"[97"",""100"",""2791"",""100""]""",Org1MSP Org2MSP ,VALID, 2791 97, 2791 97,,UT,190,18663,0
2022-04-07T17:26:31.666Z,79b5ea379e3fefabb68e20198292cf2fe930641935635d9dee0028fe157028c9,Org1MSP,Func4,"[10003"",""1000300"",""10879"",""1087900""]""",Org1MSP Org2MSP ,VALID,, 10003 10879,,WT,190,18616,0
2022-04-07T17:26:31.666Z,1250a33ff729b790f831ad6d09508b840634dca5e0297eb8d109039b3892702d,Org1MSP,Func7,"[26"",""100"",""7"",""100""]""",Org1MSP Org2MSP ,VALID, 26 7, 26 7,,UT,190,18665,0
2022-04-07T17:26:31.756Z,05c2b9ba2d78c7f8802c7cf8fe1bf02ddd0363cfcf3b3b21a11f557cf2c2166d,Org1MSP,Func4,"[10014"",""1001400"",""11612"",""1161200""]""",Org1MSP Org2MSP ,VALID,, 10014 11612,,WT,190,18575,0
2022-04-07T17:26:31.758Z,041433da879efc0160366c14c7f4ce25295884b35469b33a9b562d62d74676e9,Org1MSP,Func1,"[2804"",""1653""]""",Org1MSP Org2MSP ,VALID, 1653 2804,,,RT,190,18574,0
2022-04-07T17:26:31.758Z,f21d3b90ac0947956d6e3b9dfa7cc72feb66dd7dd38ef77efb3ae4342b552bf7,Org1MSP,Func1,"[310"",""286""]""",Org1MSP Org2MSP ,VALID, 286 310,,,RT,190,18659,0
2022-04-07T17:26:31.759Z,445cb0306c01224643329c97ce6034201c89aa34cadb4fe7a2d4bba7ee3b3f70,Org1MSP,Func4,"[10001"",""1000100"",""18359"",""1835900""]""",Org1MSP Org2MSP ,VALID,, 10001 18359,,WT,190,18596,0
2022-04-07T17:26:31.761Z,851cc051db0cde762aafd8704c970af33e085ae0d6c5255e9b2127efbbaf5de1,Org1MSP,Func4,"[10041"",""1004100"",""10016"",""1001600""]""",Org1MSP Org2MSP ,VALID,, 10016 10041,,WT,190,18621,0
2022-04-07T17:26:31.762Z,7204e0aed380ab4b33275290acd04953e53ab1c9618c88b707aee15c3223f2b4,Org1MSP,Func1,"[8"",""5""]""",Org1MSP Org2MSP ,VALID, 5 8,,,RT,190,18609,0
2022-04-07T17:26:31.763Z,d1563e7b53afb210db1c935b512df4b05510256595d808b182fbacef04487b9f,Org1MSP,Func7,"[405"",""100"",""126"",""100""]""",Org1MSP Org2MSP ,VALID, 126 405, 126 405,,UT,190,18649,0
2022-04-07T17:26:31.764Z,37374948e1f4f9064f05d3632aa18a450fe102910c0fd801f352c3150a463a27,Org1MSP,Func1,"[95"",""34""]""",Org1MSP Org2MSP ,VALID, 34 95,,,RT,190,18591,0
2022-04-07T17:26:31.764Z,ce9d85f9468698ec579444da9a59e8947b2d40b589ee3426dd0b8da8a752a090,Org1MSP,Func1,"[3"",""17""]""",Org1MSP Org2MSP ,VALID, 17 3,,,RT,190,18647,0
2022-04-07T17:26:31.766Z,75237ba811fc7d0829ce90f002d2e1b3cf48891c617d1a2914ba037ceb5325ac,Org1MSP,Func1,"[5"",""2941""]""",Org1MSP Org2MSP ,VALID, 2941 5,,,RT,190,18612,0
2022-04-07T17:26:31.855Z,fcd60ec31a54585b91c1e749d07ec857ba0c5a4c9eefff369c3f6a03e450ed02,Org1MSP,Func4,"[10021"",""1002100"",""10016"",""1001600""]""",Org1MSP Org2MSP ,VALID,, 10016 10021,,WT,190,18660,0
2022-04-07T17:26:31.857Z,cbbc0433b55852c05be59e282c015c9d42b758a663a086b422b65cfc1ef29efa,Org1MSP,Func4,"[10000"",""1000000"",""12283"",""1228300""]""",Org1MSP Org2MSP ,VALID,, 10000 12283,,WT,190,18645,0
2022-04-07T17:26:31.859Z,dbc74bc972907b54c8220b25e7053963a695bf4df3eeff727f1dd3ad07d25355,Org1MSP,Func4,"[10027"",""1002700"",""10000"",""1000000""]""",Org1MSP Org2MSP ,VALID,, 10000 10027,,WT,190,18652,0
2022-04-07T17:26:31.860Z,0ca5dad7e983fb1a8f7d1bbb45330ab4ae0f7fd53ef2681c9586b3deb9d2b56a,Org1MSP,Func1,"[2152"",""141""]""",Org1MSP Org2MSP ,VALID, 141 2152,,,RT,190,18579,0
2022-04-07T17:26:31.862Z,69b8c7c1987387ee3f79267160de35099a30c95f45c1cf90eb9ad7e19b170a1c,Org1MSP,Func4,"[11553"",""1155300"",""11116"",""1111600""]""",Org1MSP Org2MSP ,VALID,, 11116 11553,,WT,190,18606,0
2022-04-07T17:26:31.862Z,bd0b6ed78ada061f5d63c0be533401d0e77e3aa375e5a9eecced8e5c7847b8dc,Org1MSP,Func4,"[10000"",""1000000"",""10027"",""1002700""]""",Org1MSP Org2MSP ,VALID,, 10000 10027,,WT,190,18638,0
2022-04-07T17:26:31.863Z,7a716fc32f168f2304a198388015d1ceef6f6590d7ee4fbcdc8caf807ba1d19b,Org1MSP,Func4,"[10385"",""1038500"",""10022"",""1002200""]""",Org1MSP Org2MSP ,VALID,, 10022 10385,,WT,190,18617,0
2022-04-07T17:26:31.864Z,c894cc0a18c8af89a55f0a3dca42365a73a0c88df09cc66b9136240a05d7d6ec,Org1MSP,Func4,"[14626"",""1462600"",""10077"",""1007700""]""",Org1MSP Org2MSP ,VALID,, 10077 14626,,WT,190,18644,0
2022-04-07T17:26:31.865Z,13f07fa4ba2fcb16950292e3405cd9ff0626aa7b9845d13afd2d7a0fe845382b,Org1MSP,Func1,"[58"",""3""]""",Org1MSP Org2MSP ,VALID, 3 58,,,RT,190,18581,0
2022-04-07T17:26:31.866Z,d17af5a749937c697232455fc44857877cd7ac2b5503ff7ba676d5e1c6fac1eb,Org1MSP,Func1,"[6026"",""7985""]""",Org1MSP Org2MSP ,VALID, 6026 7985,,,RT,190,18650,0
2022-04-07T17:26:31.955Z,3d088f1741163578461c3397655500fe55099095ecabc80cb13a70354bf4fc4e,Org1MSP,Func4,"[10000"",""1000000"",""18349"",""1834900""]""",Org1MSP Org2MSP ,VALID,, 10000 18349,,WT,190,18594,0
2022-04-07T17:26:31.957Z,a087c740e3d7713670ba1bae338459151ed2d3d3019f8a98f60c1f15e563d443,Org1MSP,Func4,"[10001"",""1000100"",""10007"",""1000700""]""",Org1MSP Org2MSP ,VALID,, 10001 10007,,WT,190,18629,0
2022-04-07T17:26:31.958Z,1eadc67e23e66872975aeeec892779ca90eab1dcab919f543066a18b76b59f43,Org1MSP,Func4,"[16759"",""1675900"",""10008"",""1000800""]""",Org1MSP Org2MSP ,VALID,, 10008 16759,,WT,190,18585,0
2022-04-07T17:26:31.959Z,265d9ab8a54c8ad014e7807bb6086136fb676113f0a4633787a48af022ebe2a8,Org1MSP,Func1,"[1"",""75""]""",Org1MSP Org2MSP ,VALID, 1 75,,,RT,190,18662,0
2022-04-07T17:26:31.960Z,45c09bc14d7a449ae55401059be1a5a91ad1df03a8775506665e733dcd1965e5,Org1MSP,Func4,"[10001"",""1000100"",""11071"",""1107100""]""",Org1MSP Org2MSP ,VALID,, 10001 11071,,WT,190,18597,0
2022-04-07T17:26:31.962Z,a6d23d5aa7b2bd72b953f62eb2bedfb38fa1a09dc1cc5f3f58f6b4122c81f54d,Org1MSP,Func1,"[297"",""533""]""",Org1MSP Org2MSP ,VALID, 297 533,,,RT,190,18631,0
2022-04-07T17:26:31.962Z,e1b71d32cb046e799ec59e8488fcd0de80d91cbc0d10a8473dbb0babf758c827,Org1MSP,Func4,"[12002"",""1200200"",""10012"",""1001200""]""",Org1MSP Org2MSP ,VALID,, 10012 12002,,WT,190,18653,0
2022-04-07T17:26:31.963Z,f21bcbcaad9ed9eb56c6f9f8ba35030e9e00158f6f705e353e58f7149cd1ea43,Org1MSP,Func4,"[10809"",""1080900"",""18373"",""1837300""]""",Org1MSP Org2MSP ,VALID,, 10809 18373,,WT,190,18658,0
2022-04-07T17:26:31.964Z,3878e84b5aea55d11a67c034c557c915129878b40b5474fe395de61973286a5d,Org1MSP,Func4,"[10292"",""1029200"",""10017"",""1001700""]""",Org1MSP Org2MSP ,VALID,, 10017 10292,,WT,190,18592,0
2022-04-07T17:26:31.967Z,ce5aa761767a84ef1949d0a15dc1b8e1cab939903d377d8a2c4730f26c7c85d1,Org1MSP,Func4,"[10008"",""1000800"",""10063"",""1006300""]""",Org1MSP Org2MSP ,VALID,, 10008 10063,,WT,190,18646,0
2022-04-07T17:26:32.055Z,c714347af55e64b48e70de34b718a93dee7601ece70bafca1eac3da9988763fe,Org1MSP,Func7,"[43"",""100"",""1264"",""100""]""",Org1MSP Org2MSP ,VALID, 1264 43, 1264 43,,UT,190,18642,0
2022-04-07T17:26:32.057Z,c724e7d075e4d9c313a0e840c8a3bff3c82530423555e85fdb94dca6010d8f5a,Org1MSP,Func4,"[10071"",""1007100"",""10304"",""1030400""]""",Org1MSP Org2MSP ,VALID,, 10071 10304,,WT,190,18643,0
2022-04-07T17:26:32.059Z,00ad7aa9144ecbbb2e986d94ccd4afefe6b82c8d7e743e6a1150ff2f9dd5c325,Org1MSP,Func4,"[11021"",""1102100"",""10126"",""1012600""]""",Org1MSP Org2MSP ,VALID,, 10126 11021,,WT,190,18572,0
2022-04-07T17:26:32.059Z,33818d8c7d470408455a9707843742814283b74617fa86eb76cede603817f149,Org1MSP,Func4,"[12489"",""1248900"",""10001"",""1000100""]""",Org1MSP Org2MSP ,VALID,, 10001 12489,,WT,190,18586,0
2022-04-07T17:26:32.059Z,8fbfd439ee45895d933d73286cea914fb9c58eebd47373e362caa4d70272e5da,Org1MSP,Func4,"[10375"",""1037500"",""10012"",""1001200""]""",Org1MSP Org2MSP ,VALID,, 10012 10375,,WT,190,18626,0
2022-04-07T17:26:32.062Z,603c533e59b3b41cd5b946c1eecd548b9379d38840b7f7bb093b063005d1fa1a,Org1MSP,Func4,"[13337"",""1333700"",""13216"",""1321600""]""",Org1MSP Org2MSP ,VALID,, 13216 13337,,WT,190,18603,0
2022-04-07T17:26:32.062Z,7c617c86b4edd3f09291aee22e7360b7980d5d36c04f15ee61da57a63c777d75,Org1MSP,Func4,"[10011"",""1001100"",""10000"",""1000000""]""",Org1MSP Org2MSP ,VALID,, 10000 10011,,WT,190,18618,0
2022-04-07T17:26:32.063Z,ac7625ffeac68b46349f2dd9c733cd8be4631a297edc3794bb630101ae7931c8,Org1MSP,Func4,"[10010"",""1001000"",""10010"",""1001000""]""",Org1MSP Org2MSP ,VALID,, 10010,,WT,190,18632,0
2022-04-07T17:26:32.064Z,97fe14c40222d417a1e2d122150c5cb992cb1c8f7cdf201c85750a2705f69e21,Org1MSP,Func1,"[7"",""3""]""",Org1MSP Org2MSP ,VALID, 3 7,,,RT,190,18628,0
2022-04-07T17:26:32.067Z,3a7fe77cef8a9ef22394afaec11af7fbd250df4935fe45c96afedc0fbcf04032,Org1MSP,Func1,"[2791"",""398""]""",Org1MSP Org2MSP ,VALID, 2791 398,,,RT,190,18593,0
2022-04-07T17:26:32.155Z,86ab1e8b84eb264a349e289139d5eb1ad42478f00ebb01056cd03be21185eb97,Org1MSP,Func1,"[4440"",""53""]""",Org1MSP Org2MSP ,VALID, 4440 53,,,RT,190,18624,0
2022-04-07T17:26:32.158Z,d0e9294a8f4342e7e20a8c22a162b29207ee7963f6553c658870f2e5f731a13b,Org1MSP,Func4,"[10004"",""1000400"",""10060"",""1006000""]""",Org1MSP Org2MSP ,VALID,, 10004 10060,,WT,190,18648,0
2022-04-07T17:26:32.159Z,8552a8112ccb91a88f1b1668d6a81b938b4674411c054dad57e42e1d4a74ab0c,Org1MSP,Func7,"[45"",""100"",""25"",""100""]""",Org1MSP Org2MSP ,VALID, 25 45, 25 45,,UT,190,18622,0
2022-04-07T17:26:32.160Z,81db393d36a03fbbf5993a863489e7dbfc2b24654b2b22a411aa7f27ed45fc46,Org1MSP,Func1,"[1495"",""28""]""",Org1MSP Org2MSP ,VALID, 1495 28,,,RT,190,18619,0
2022-04-07T17:26:32.162Z,33f38be21476cafdd6a81c3d903ffb4ed7aa843470fd5ab854e643f23c2f9cd2,Org1MSP,Func4,"[12108"",""1210800"",""10003"",""1000300""]""",Org1MSP Org2MSP ,VALID,, 10003 12108,,WT,190,18588,0
2022-04-07T17:26:32.162Z,61e69fa50573a16b8210a7edd3095c0c5ea8a9b0e2a57943528d80394a7afa40,Org1MSP,Func1,"[29"",""4""]""",Org1MSP Org2MSP ,VALID, 29 4,,,RT,191,18683,0
2022-04-07T17:26:32.163Z,a2ef5c3542ac8f0b199f25cc6b9bae06e6214794124cd95df0e839ce718568cb,Org1MSP,Func1,"[9321"",""11""]""",Org1MSP Org2MSP ,VALID, 11 9321,,,RT,190,18630,0
2022-04-07T17:26:32.164Z,378300decf779c205365778c6695252a3438aa0545bde109266a57e3b59211a0,Org1MSP,Func4,"[10063"",""1006300"",""10007"",""1000700""]""",Org1MSP Org2MSP ,VALID,, 10007 10063,,WT,191,18674,0
2022-04-07T17:26:32.166Z,4d8f940a154fbcba84c6d65922516669babe11835ee54e4f1e6826e42aa6bfa7,Org1MSP,Func4,"[11165"",""1116500"",""10001"",""1000100""]""",Org1MSP Org2MSP ,VALID,, 10001 11165,,WT,190,18600,0
2022-04-07T17:26:32.255Z,17690afcef4809e61fbfa6254c64d262e68af0161e6195a067c40641cce6ec68,Org1MSP,Func4,"[10119"",""1011900"",""10568"",""1056800""]""",Org1MSP Org2MSP ,VALID,, 10119 10568,,WT,191,18671,0
2022-04-07T17:26:32.257Z,75dc0f30de97b5041fa9c84e1f3be04945ad6125c1231e257727740200c8d0ec,Org1MSP,Func1,"[1"",""60""]""",Org1MSP Org2MSP ,VALID, 1 60,,,RT,191,18689,0
2022-04-07T17:26:32.260Z,402a67d8e0ce912bc72ca0ad21e0bab54cdbd3947641eaa164b72822042f7c5e,Org1MSP,Func4,"[19979"",""1997900"",""10000"",""1000000""]""",Org1MSP Org2MSP ,VALID,, 10000 19979,,WT,191,18677,0
2022-04-07T17:26:32.260Z,e7fbda237919b6e653fbe6d9bd1fc6168ba59e8d72a2b803be04ff96a37d63fd,Org1MSP,Func4,"[14636"",""1463600"",""10102"",""1010200""]""",Org1MSP Org2MSP ,VALID,, 10102 14636,,WT,191,18706,0
2022-04-07T17:26:32.261Z,d2a6e2c5b8045672f2b45bee97d10a3998af266edbfb19fb52a3e3cace033a03,Org1MSP,Func1,"[2"",""1""]""",Org1MSP Org2MSP ,VALID, 1 2,,,RT,191,18701,0
2022-04-07T17:26:32.262Z,64acccca2fb119ea8cb11554f7ade963b4d1c1bc9fdf2592d270af72c4f4e0f2,Org1MSP,Func1,"[3173"",""316""]""",Org1MSP Org2MSP ,VALID, 316 3173,,,RT,191,18685,0
2022-04-07T17:26:32.262Z,784c055860d8901ae1191546327ef8fb024332a2604b27bf428a706e62a9798c,Org1MSP,Func4,"[10003"",""1000300"",""10003"",""1000300""]""",Org1MSP Org2MSP ,VALID,, 10003,,WT,191,18691,0
2022-04-07T17:26:32.263Z,6881ea73ff744428138839fab2d08054b6c4acaf74ff29aebc237f06e2da43f2,Org1MSP,Func4,"[14078"",""1407800"",""10042"",""1004200""]""",Org1MSP Org2MSP ,VALID,, 10042 14078,,WT,191,18687,0
2022-04-07T17:26:32.264Z,bb0cb0113f1bd5925422c1eb48a606751f41e402afcd58830910c1576e645011,Org1MSP,Func4,"[10148"",""1014800"",""10156"",""1015600""]""",Org1MSP Org2MSP ,VALID,, 10148 10156,,WT,191,18698,0
2022-04-07T17:26:32.266Z,565a6a6b8748ca29acb32d89ac2cddefedd7fea24c1999e25d1a51f851137563,Org1MSP,Func4,"[12718"",""1271800"",""10004"",""1000400""]""",Org1MSP Org2MSP ,VALID,, 10004 12718,,WT,191,18681,0
2022-04-07T17:26:32.355Z,434cf9bc8b0cf93e849a8c9635d45a9a12b38f8a81e836cfe3cbeb9164bcf8dd,Org1MSP,Func4,"[10000"",""1000000"",""12646"",""1264600""]""",Org1MSP Org2MSP ,VALID,, 10000 12646,,WT,191,18678,0
2022-04-07T17:26:32.357Z,fa8ab6e40619ee59008ef1303663d0d807584eb6d76c8e88e866a3dbf5891f77,Org1MSP,Func1,"[4937"",""416""]""",Org1MSP Org2MSP ,VALID, 416 4937,,,RT,191,18709,0
2022-04-07T17:26:32.359Z,22a346c63f63e3c5a3403d81a72e6678c2c459c6eca15e0775d0b03e8b28ec8f,Org1MSP,Func4,"[10015"",""1001500"",""10029"",""1002900""]""",Org1MSP Org2MSP ,VALID,, 10015 10029,,WT,191,18672,0
2022-04-07T17:26:32.359Z,f7279710c761cb1d390a2788172676f2ef59be351af18a3bfbe46e787d256785,Org1MSP,Func4,"[11021"",""1102100"",""10001"",""1000100""]""",Org1MSP Org2MSP ,VALID,, 10001 11021,,WT,191,18708,0
2022-04-07T17:26:32.361Z,3ae23bc2a2856d17637931910eac64bd53cebdaab26aa23b83d60e1a9c831911,Org1MSP,Func1,"[1198"",""2465""]""",Org1MSP Org2MSP ,VALID, 1198 2465,,,RT,191,18675,0
2022-04-07T17:26:32.362Z,e65bd26a27a51a759d4d9914a60065b686d5bd211115363adf0f5e39f6d39f83,Org1MSP,Func1,"[113"",""146""]""",Org1MSP Org2MSP ,VALID, 113 146,,,RT,191,18705,0
2022-04-07T17:26:32.367Z,04fdaacb3ced1e508c49f3beb7b955d720ba5dd86b46af38e6a942a23a098551,Org1MSP,Func1,"[2"",""2""]""",Org1MSP Org2MSP ,VALID, 2,,,RT,191,18670,0
2022-04-07T17:26:32.456Z,71c7ec9b0bff9765189a2507200f1dc4caf2365bcf01657ca03c9853b105d505,Org1MSP,Func4,"[10029"",""1002900"",""10074"",""1007400""]""",Org1MSP Org2MSP ,VALID,, 10029 10074,,WT,191,18688,0
2022-04-07T17:26:32.456Z,da19f53eab8c178905e7d5ee21336646e0fc9ddaaaf093aa69a9cfdb99af0787,Org1MSP,Func1,"[39"",""200""]""",Org1MSP Org2MSP ,VALID, 200 39,,,RT,191,18702,0
2022-04-07T17:26:32.459Z,65bdfa7b3c6b87ce86c9bf4ff8044945e875d04e7725a4507bc1b0229fa7fd22,Org1MSP,Func4,"[10002"",""1000200"",""10135"",""1013500""]""",Org1MSP Org2MSP ,VALID,, 10002 10135,,WT,191,18686,0
2022-04-07T17:26:32.459Z,ac5ad2288e3e0b9ad713e20fe0451df6353f00b4025f8bf808f7264bfbf8e916,Org1MSP,Func4,"[10013"",""1001300"",""10008"",""1000800""]""",Org1MSP Org2MSP ,VALID,, 10008 10013,,WT,191,18695,0
2022-04-07T17:26:32.461Z,250fd154ba425eeea05d161a17613394e0407a161aae4c560f8c95461f91fdfd,Org1MSP,Func4,"[10032"",""1003200"",""10794"",""1079400""]""",Org1MSP Org2MSP ,VALID,, 10032 10794,,WT,191,18673,0
2022-04-07T17:26:32.461Z,77f4edb35a9cb21a602775ff2c7fc1504580a7962d9e139bcf2dbcce9b12eb9a,Org1MSP,Func4,"[10000"",""1000000"",""10000"",""1000000""]""",Org1MSP Org2MSP ,VALID,, 10000,,WT,191,18690,0
2022-04-07T17:26:32.462Z,c3f9b60ce8bc199839006d8370d1e1f1323dd1b946eea59201b6ced6423c728d,Org1MSP,Func1,"[114"",""12""]""",Org1MSP Org2MSP ,VALID, 114 12,,,RT,191,18700,0
2022-04-07T17:26:32.464Z,019a2648340813b47e714e5dcc0a0ebd79b124282c465a57d803ced497d80bb5,Org1MSP,Func4,"[17320"",""1732000"",""10000"",""1000000""]""",Org1MSP Org2MSP ,VALID,, 10000 17320,,WT,191,18669,0
2022-04-07T17:26:32.466Z,accbe63e6d755c2b497bf0335358e36e924f7b6fc0e804bf7da217da6e7da8c3,Org1MSP,Func4,"[10000"",""1000000"",""10807"",""1080700""]""",Org1MSP Org2MSP ,VALID,, 10000 10807,,WT,191,18696,0
2022-04-07T17:26:32.466Z,bf0643d660f7bb6422fcbea22afc70ec1bbe27c40d11518b7b189cd2f092ca1e,Org1MSP,Func7,"[21"",""100"",""6"",""100""]""",Org1MSP Org2MSP ,VALID, 21 6, 21 6,,UT,191,18699,0
2022-04-07T17:26:32.555Z,7dfea0408de8099dad87580ba7f9e733849a1cc89c82cd8d2c83f56f81c54c63,Org1MSP,Func4,"[11048"",""1104800"",""10032"",""1003200""]""",Org1MSP Org2MSP ,VALID,, 10032 11048,,WT,191,18692,0
2022-04-07T17:26:32.557Z,e324a680edf1af133022be0f459368096ec2aab2b7e9736a492200a9fb8d8be6,Org1MSP,Func1,"[274"",""4125""]""",Org1MSP Org2MSP ,VALID, 274 4125,,,RT,191,18704,0
2022-04-07T17:26:32.559Z,a9209dd7dc61937cf21d5ad9ca3e4e8e56e57d0857da4fc8b6512e3d61acc0bb,Org1MSP,Func1,"[134"",""3243""]""",Org1MSP Org2MSP ,VALID, 134 3243,,,RT,191,18694,0
2022-04-07T17:26:32.560Z,b47fff63e0994bc65ed8b4eba55be5ed56f4c561a9da0992567890efe0a96668,Org1MSP,Func1,"[84"",""38""]""",Org1MSP Org2MSP ,VALID, 38 84,,,RT,191,18697,0
2022-04-07T17:26:32.560Z,dcbdafe90e4cbc838895f854ac634a78e0bab8ad6d668d571fb873ffa340409f,Org1MSP,Func4,"[10004"",""1000400"",""12116"",""1211600""]""",Org1MSP Org2MSP ,VALID,, 10004 12116,,WT,191,18703,0
2022-04-07T17:26:32.562Z,a8e50f1dc6361abce4ea22ef23cf5bc8c607156a48e4e41931d81e12bd62929b,Org1MSP,Func1,"[3511"",""931""]""",Org1MSP Org2MSP ,VALID, 3511 931,,,RT,191,18693,0
2022-04-07T17:26:32.564Z,4ed9cca28bfba95db891188b3dd3e38525d5ae8db16c73254c96d7fa893b7d86,Org1MSP,Func4,"[15283"",""1528300"",""10001"",""1000100""]""",Org1MSP Org2MSP ,VALID,, 10001 15283,,WT,191,18679,0
2022-04-07T17:26:32.566Z,599a744651d92e03e4b0ead005c3a06aebff59bae5f333a67a1e81971292317a,Org1MSP,Func4,"[12637"",""1263700"",""18963"",""1896300""]""",Org1MSP Org2MSP ,VALID,, 12637 18963,,WT,191,18682,0
2022-04-07T17:26:32.567Z,549e3864230c808c11275b1984ba77bd5c8f135ba571187b08a3fdb739a5aaf1,Org1MSP,Func1,"[650"",""10""]""",Org1MSP Org2MSP ,VALID, 10 650,,,RT,191,18680,0
2022-04-07T17:26:32.568Z,ec714350e67f8e449a43e2ae84cc64ce1a795230e51fc4e94d89310eac3a3ee4,Org1MSP,Func4,"[13122"",""1312200"",""10032"",""1003200""]""",Org1MSP Org2MSP ,VALID,, 10032 13122,,WT,191,18707,0
2022-04-07T17:26:32.656Z,3da7eabc6944ea2e9851b2637b29c5fca6657bfcb8b07a90dc1cefa73a7490f0,Org1MSP,Func4,"[10079"",""1007900"",""10000"",""1000000""]""",Org1MSP Org2MSP ,VALID,, 10000 10079,,WT,191,18676,0
2022-04-07T17:26:32.656Z,6326792e36151c17b56d445f985213d36240cc709803302e6f7887b8ebfd86c9,Org1MSP,Func4,"[10000"",""1000000"",""10000"",""1000000""]""",Org1MSP Org2MSP ,VALID,, 10000,,WT,191,18684,0
2022-04-07T17:26:32.658Z,ea4175673f4d6d886cf94c7991b9bc446132b79db780cd5501906cc1b1b07091,Org1MSP,Func1,"[1"",""198""]""",Org1MSP Org2MSP ,VALID, 1 198,,,RT,191,18710,0
2022-04-07T17:26:32.659Z,b3d50010ed253ea74ce888520112756121844fa3487123d086ea59ea254afa25,Org1MSP,Func4,"[10536"",""1053600"",""11735"",""1173500""]""",Org1MSP Org2MSP ,VALID,, 10536 11735,,WT,192,18807,0
2022-04-07T17:26:32.661Z,3f97bcdadc31e9e7bb929d82e65e629ce6fea6f5a59d152b1270ea2ad363dab8,Org1MSP,Func1,"[802"",""4""]""",Org1MSP Org2MSP ,VALID, 4 802,,,RT,192,18743,0
2022-04-07T17:26:32.663Z,977f6ebbdaaa8a04166039f5017bec0d8fd16524a1baa1a369d4ba49e6735f21,Org1MSP,Func4,"[10002"",""1000200"",""10003"",""1000300""]""",Org1MSP Org2MSP ,VALID,, 10002 10003,,WT,192,18789,0
2022-04-07T17:26:32.663Z,ba87d7606abd8c4e88283f3c81e98186797d5f8837f0f7229b123ac67912091f,Org1MSP,Func4,"[11079"",""1107900"",""16796"",""1679600""]""",Org1MSP Org2MSP ,VALID,, 11079 16796,,WT,192,18812,0
2022-04-07T17:26:32.664Z,e61d332b6200dff5a9b7a0e4c237cc3a5f6a4f050b5a70cfdc6a2ce98d6c3ac6,Org1MSP,Func4,"[10000"",""1000000"",""10017"",""1001700""]""",Org1MSP Org2MSP ,VALID,, 10000 10017,,WT,192,18832,0
2022-04-07T17:26:32.668Z,65d3863ba3c7e1f9af9d07b516b54a4f74040ec9f3e65c11ae93b506b4790b67,Org1MSP,Func1,"[26"",""52""]""",Org1MSP Org2MSP ,VALID, 26 52,,,RT,192,18761,0
2022-04-07T17:26:32.755Z,7f1e902b7e8daacd958db6e80dd2b2ba833afc34c1b41017346809efb2b07cf1,Org1MSP,Func4,"[10013"",""1001300"",""10013"",""1001300""]""",Org1MSP Org2MSP ,VALID,, 10013,,WT,192,18773,0
2022-04-07T17:26:32.757Z,89979b0433f608fbe924549674a67cdc8276f2d528f402dd525567a89b0574b9,Org1MSP,Func4,"[10000"",""1000000"",""10125"",""1012500""]""",Org1MSP Org2MSP ,VALID,, 10000 10125,,WT,192,18780,0
2022-04-07T17:26:32.759Z,1d04965b11ca36f2b7f5c7f38bb33dfa5300d6970fc79691cb3bab093e5a8fc9,Org1MSP,Func4,"[10257"",""1025700"",""10124"",""1012400""]""",Org1MSP Org2MSP ,VALID,, 10124 10257,,WT,192,18726,0
2022-04-07T17:26:32.760Z,1080bff56ab30de223f3484d18d71cc5427e47031be6c2c8dee97066a14abb6e,Org1MSP,Func4,"[12031"",""1203100"",""10006"",""1000600""]""",Org1MSP Org2MSP ,VALID,, 10006 12031,,WT,192,18720,0
2022-04-07T17:26:32.760Z,9e083bfd7fcd859b4897c831e8da07fe3063e14881f7d08c1bbafd375e88d11e,Org1MSP,Func4,"[12873"",""1287300"",""10213"",""1021300""]""",Org1MSP Org2MSP ,VALID,, 10213 12873,,WT,192,18795,0
2022-04-07T17:26:32.762Z,53193b2743ae6645b4f67eb2b50b9bd2fcfbdd7ed4b49ab2c1e1e638dbb88210,Org1MSP,Func4,"[14956"",""1495600"",""10596"",""1059600""]""",Org1MSP Org2MSP ,VALID,, 10596 14956,,WT,192,18752,0
2022-04-07T17:26:32.762Z,5b25f57e54998257961d6018c457e721b1f4447769695af5d4f96a0fde1bd15c,Org1MSP,Func4,"[10000"",""1000000"",""10077"",""1007700""]""",Org1MSP Org2MSP ,VALID,, 10000 10077,,WT,192,18756,0
2022-04-07T17:26:32.763Z,f84cb03fdefbe4b519f2ce0e9a215ce8aa82be054fba3e315abd821d3ab52841,Org1MSP,Func1,"[4820"",""29""]""",Org1MSP Org2MSP ,VALID, 29 4820,,,RT,192,18843,0
2022-04-07T17:26:32.764Z,532d42f9ed8cab4114977f1c7c40fed0190c036aa6a0019fedc6c5a7ddff5e7c,Org1MSP,Func7,"[3356"",""100"",""2263"",""100""]""",Org1MSP Org2MSP ,VALID, 2263 3356, 2263 3356,,UT,192,18753,0
2022-04-07T17:26:32.767Z,32c13305cfadff30b0593d55b41b5dfb173de5417442f1e2c7e560b300858cd4,Org1MSP,Func1,"[45"",""785""]""",Org1MSP Org2MSP ,VALID, 45 785,,,RT,192,18738,0
2022-04-07T17:26:32.855Z,233d3c5e6ba06258552255a6f342722638ee23eaad1817c047312696e72decc0,Org1MSP,Func4,"[10071"",""1007100"",""10010"",""1001000""]""",Org1MSP Org2MSP ,VALID,, 10010 10071,,WT,192,18729,0
2022-04-07T17:26:32.857Z,851f777caa11079a76b437d81bb72dbe141898b4210040a451013cdc841744f4,Org1MSP,Func4,"[12846"",""1284600"",""10027"",""1002700""]""",Org1MSP Org2MSP ,VALID,, 10027 12846,,WT,192,18776,0
2022-04-07T17:26:32.859Z,d7c386107c88863e7ed7667ac55d32e6d0bf90fc988f7fbac00493fdade35458,Org1MSP,Func1,"[1"",""8979""]""",Org1MSP Org2MSP ,VALID, 1 8979,,,RT,192,18823,0
2022-04-07T17:26:32.860Z,040960395e3be119591016b65f90c9e29fa75141c6335c7a1dcb1e928f8f9dd0,Org1MSP,Func7,"[61"",""100"",""447"",""100""]""",Org1MSP Org2MSP ,VALID, 447 61, 447 61,,UT,192,18715,0
2022-04-07T17:26:32.860Z,1283dfe40f39a7944efbcbfa3409358a695569a2f058bfae04b0188b87bcbc7f,Org1MSP,Func1,"[462"",""5928""]""",Org1MSP Org2MSP ,VALID, 462 5928,,,RT,192,18721,0
2022-04-07T17:26:32.861Z,3b38f014fad421c08bb880965bd2fed99527adbb319e1f6c54e5698a7e987393,Org1MSP,Func7,"[1398"",""100"",""712"",""100""]""",Org1MSP Org2MSP ,VALID, 1398 712, 1398 712,,UT,192,18741,0
2022-04-07T17:26:32.863Z,50678f1183c47ad375c9f84a127c42ede98b87565e90daa8fb80ffe59fde0ebe,Org1MSP,Func4,"[10200"",""1020000"",""10042"",""1004200""]""",Org1MSP Org2MSP ,VALID,, 10042 10200,,WT,192,18749,0
2022-04-07T17:26:32.864Z,021e78adf7c19f625699f3e161a4b91ce8551be35dde103513904bd15e339868,Org1MSP,Func7,"[12"",""100"",""4"",""100""]""",Org1MSP Org2MSP ,VALID, 12 4, 12 4,,UT,192,18852,0
2022-04-07T17:26:32.868Z,9c5b6fad33405c23703bc0da25b9f24dd1c816bfada75e7763a37eede236d3dc,Org1MSP,Func4,"[10010"",""1001000"",""10235"",""1023500""]""",Org1MSP Org2MSP ,VALID,, 10010 10235,,WT,192,18793,0
2022-04-07T17:26:32.954Z,742e2626cfc162c162bf53f69a0bcb89bfec6ecaf68f59e3c6a6f5a76f157abf,Org1MSP,Func4,"[17625"",""1762500"",""16760"",""1676000""]""",Org1MSP Org2MSP ,VALID,, 16760 17625,,WT,192,18768,0
2022-04-07T17:26:32.958Z,50c167c2b1f1375a6e271268cf3b8bed3e0adad6143f49e0f3021e35ef7d51d3,Org1MSP,Func4,"[12438"",""1243800"",""10024"",""1002400""]""",Org1MSP Org2MSP ,VALID,, 10024 12438,,WT,192,18750,0
2022-04-07T17:26:32.958Z,b98daf9ffe55b3ab9b50fa5a501f8b6a13fd42a95692f80b55087b44c5a14b4d,Org1MSP,Func7,"[1"",""100"",""1378"",""100""]""",Org1MSP Org2MSP ,VALID, 1 1378, 1 1378,,UT,192,18854,0
2022-04-07T17:26:32.959Z,161e9edd317a073b8c68e0578afabbf802ce31f326ef79b484b380091935f7ef,Org1MSP,Func4,"[10002"",""1000200"",""10008"",""1000800""]""",Org1MSP Org2MSP ,VALID,, 10002 10008,,WT,192,18724,0
2022-04-07T17:26:32.960Z,aeca7cdd04ac8b24ac2a8131408c92bd327ea60e11e3dc85aec8f5d7744e03c7,Org1MSP,Func7,"[35"",""100"",""7263"",""100""]""",Org1MSP Org2MSP ,VALID, 35 7263, 35 7263,,UT,192,18805,0
2022-04-07T17:26:32.961Z,c4c7381205b5d3e0d729cd91a8ce780c6aadd3e901a6a7a5fc764a290febb2b6,Org1MSP,Func4,"[10139"",""1013900"",""10020"",""1002000""]""",Org1MSP Org2MSP ,VALID,, 10020 10139,,WT,192,18816,0
2022-04-07T17:26:32.964Z,3aec0abf609dfd69745e9342fd6cc0634aa368c674be6874ba105148723e706d,Org1MSP,Func1,"[8"",""7949""]""",Org1MSP Org2MSP ,VALID, 7949 8,,,RT,192,18740,0
2022-04-07T17:26:32.964Z,de50de0f9eeda6312e6bc84010e59f2f9711f34993dd892e9bff5b3fd55b487f,Org1MSP,Func1,"[5"",""1166""]""",Org1MSP Org2MSP ,VALID, 1166 5,,,RT,192,18828,0
2022-04-07T17:26:32.968Z,f917d3f48493d2a2ca90f8358591d7ba9d161f22168d0a31ebc56654d58db622,Org1MSP,Func4,"[10245"",""1024500"",""10000"",""1000000""]""",Org1MSP Org2MSP ,VALID,, 10000 10245,,WT,192,18844,0
2022-04-07T17:26:33.056Z,1ad7461c6c0ef3bda0ee6355238a3be92708844f1d23086f224d0ca2f0e94534,Org1MSP,Func1,"[7"",""1""]""",Org1MSP Org2MSP ,VALID, 1 7,,,RT,192,18725,0
2022-04-07T17:26:33.057Z,23980665fd57f863af6d34e5528362fc1abcb198c8c0ae2ae7ec9099226676be,Org1MSP,Func4,"[10007"",""1000700"",""10004"",""1000400""]""",Org1MSP Org2MSP ,VALID,, 10004 10007,,WT,192,18730,0
2022-04-07T17:26:33.058Z,a0ec40a749eac1bf105b785534b762663d44460c5adeacb26c70865991153889,Org1MSP,Func1,"[94"",""235""]""",Org1MSP Org2MSP ,VALID, 235 94,,,RT,192,18799,0
2022-04-07T17:26:33.060Z,1d8afea1164c4fde04f7d08e50b974654a73f39bcd68ba6c42e3528aa28fd247,Org1MSP,Func4,"[10262"",""1026200"",""10002"",""1000200""]""",Org1MSP Org2MSP ,VALID,, 10002 10262,,WT,192,18727,0
2022-04-07T17:26:33.060Z,316222e87530803726feb7f313682e1eebdd8194a5e5b79de59f9dec8736b408,Org1MSP,Func4,"[13536"",""1353600"",""10041"",""1004100""]""",Org1MSP Org2MSP ,VALID,, 10041 13536,,WT,192,18737,0
2022-04-07T17:26:33.062Z,02eadcdb1d47fa7705d53a92321f9c77d9b8c60fa26a5a87925a220fd4f188a3,Org1MSP,Func4,"[10391"",""1039100"",""10001"",""1000100""]""",Org1MSP Org2MSP ,VALID,, 10001 10391,,WT,192,18713,0
2022-04-07T17:26:33.063Z,9c3c69a54cf761e8996e4c957193e45039d7269f1c71ac6c71f636ea579753f4,Org1MSP,Func4,"[10009"",""1000900"",""10355"",""1035500""]""",Org1MSP Org2MSP ,VALID,, 10009 10355,,WT,192,18792,0
2022-04-07T17:26:33.064Z,bb407455802de9d2e85123a35aaad73a6fde78b438920e44bcbb917320949754,Org1MSP,Func4,"[10017"",""1001700"",""10016"",""1001600""]""",Org1MSP Org2MSP ,VALID,, 10016 10017,,WT,192,18813,0
2022-04-07T17:26:33.066Z,2ef02cbdc028c0b2a0f4ea11cf41115da834e01d8cbddccf1b7519d8199d6cb9,Org1MSP,Func1,"[2"",""201""]""",Org1MSP Org2MSP ,VALID, 2 201,,,RT,192,18735,0
2022-04-07T17:26:33.155Z,36ed79a7d588bf06b0c2c6ee401af3dd1894968f1418958a962c863f4e30f6b6,Org1MSP,Func4,"[18682"",""1868200"",""10554"",""1055400""]""",Org1MSP Org2MSP ,VALID,, 10554 18682,,WT,192,18739,0
2022-04-07T17:26:33.157Z,3c8165d21d7ee17932cf190d97e7aa4ad37b1dde60f0cce1fa21c5db70de4d1a,Org1MSP,Func4,"[10002"",""1000200"",""10320"",""1032000""]""",Org1MSP Org2MSP ,VALID,, 10002 10320,,WT,192,18742,0
2022-04-07T17:26:33.158Z,677133b39844a3150f08cf5705f75db9c3fb67dcaced5ba32b5e3458a6251ae0,Org1MSP,Func4,"[10000"",""1000000"",""13856"",""1385600""]""",Org1MSP Org2MSP ,VALID,, 10000 13856,,WT,192,18763,0
2022-04-07T17:26:33.161Z,accdfcb82235f8db71577feb661f176a610880f6ac42be8788b37c0a002985b6,Org1MSP,Func7,"[23"",""100"",""1112"",""100""]""",Org1MSP Org2MSP ,VALID, 1112 23, 1112 23,,UT,192,18851,0
2022-04-07T17:26:33.163Z,aa6c81adb3ff523578d693a336a30b386c9239050f0d0a7da85a0e75bf9bc603,Org1MSP,Func1,"[13"",""1018""]""",Org1MSP Org2MSP ,VALID, 1018 13,,,RT,192,18802,0
2022-04-07T17:26:33.163Z,e53d1b80db82348744840ed4b32c1442c78e55c8ee5c4b4fea0017d02395aa6f,Org1MSP,Func4,"[10022"",""1002200"",""13122"",""1312200""]""",Org1MSP Org2MSP ,VALID,, 10022 13122,,WT,192,18831,0
2022-04-07T17:26:33.164Z,1fc196bdb96c0271ecf5b4397780147d3f2c027ae3d79211d53cf15c876d77ad,Org1MSP,Func7,"[934"",""100"",""3"",""100""]""",Org1MSP Org2MSP ,VALID, 3 934, 3 934,,UT,192,18850,0
2022-04-07T17:26:33.166Z,015f1ed7e031eee48708568ffc1a4a7f1797e61d3b1c962788bcfb259c31afe4,Org1MSP,Func4,"[11050"",""1105000"",""14635"",""1463500""]""",Org1MSP Org2MSP ,VALID,, 11050 14635,,WT,192,18711,0
2022-04-07T17:26:33.169Z,fe620293e5e1157c9615dc29e2dd6bdc58f4954b500577f82f23d6db13a0823b,Org1MSP,Func4,"[10007"",""1000700"",""10000"",""1000000""]""",Org1MSP Org2MSP ,VALID,, 10000 10007,,WT,192,18848,0
2022-04-07T17:26:33.176Z,9f5ee7351ece489542dde9439dfa8b4ab0f75304e9904a2f15b6adde181d6518,Org1MSP,Func4,"[10000"",""1000000"",""10335"",""1033500""]""",Org1MSP Org2MSP ,VALID,, 10000 10335,,WT,192,18797,0
2022-04-07T17:26:33.255Z,9e99733adc27caddde041a2dc8bf01f33e102292a718263fffcdb786acbc56a6,Org1MSP,Func4,"[12668"",""1266800"",""13854"",""1385400""]""",Org1MSP Org2MSP ,VALID,, 12668 13854,,WT,192,18796,0
2022-04-07T17:26:33.257Z,44881c6588fe20ec6adc10ae3ec9e5738471a82f10277b8b7ec68f38b13331db,Org1MSP,Func4,"[10000"",""1000000"",""10003"",""1000300""]""",Org1MSP Org2MSP ,VALID,, 10000 10003,,WT,192,18745,0
2022-04-07T17:26:33.259Z,4b2fb5764e5b3249a6d32f835a77bf5f865d865de2bfed02d89d02dff01d4706,Org1MSP,Func4,"[11437"",""1143700"",""10295"",""1029500""]""",Org1MSP Org2MSP ,VALID,, 10295 11437,,WT,192,18748,0
2022-04-07T17:26:33.261Z,23ca447795aefae9c758223e653668e232815ba6884d3112ff865393c270afdc,Org1MSP,Func4,"[14631"",""1463100"",""10441"",""1044100""]""",Org1MSP Org2MSP ,VALID,, 10441 14631,,WT,192,18731,0
2022-04-07T17:26:33.262Z,9bffae15f9ec0e29b79a4b95b96cc96eb490d26c541045179e1f7388e7a5e0c7,Org1MSP,Func4,"[10000"",""1000000"",""10452"",""1045200""]""",Org1MSP Org2MSP ,VALID,, 10000 10452,,WT,192,18791,0
2022-04-07T17:26:33.264Z,de1ea2812287ec28bab8bc34d2f71e9ba6c9d1ed21aa961e758826f84564f52e,Org1MSP,Func7,"[130"",""100"",""1696"",""100""]""",Org1MSP Org2MSP ,VALID, 130 1696, 130 1696,,UT,192,18827,0
2022-04-07T17:26:33.265Z,cbcd11d79ec19e02a3c5825af0becc52e7c73db7d7788c385b156b681a324ea9,Org1MSP,Func4,"[10971"",""1097100"",""10019"",""1001900""]""",Org1MSP Org2MSP ,VALID,, 10019 10971,,WT,192,18820,0
2022-04-07T17:26:33.266Z,fa56f8008e47598d37b58572d4a5a8394aa6665019585f55a8fa6da74aeceecb,Org1MSP,Func4,"[10033"",""1003300"",""10000"",""1000000""]""",Org1MSP Org2MSP ,VALID,, 10000 10033,,WT,192,18845,0
2022-04-07T17:26:33.357Z,c22923f71d9e8846ef5a6fbd032eea29d5f8fd8c623fd25a0c8ce1998210eaaf,Org1MSP,Func7,"[5"",""100"",""26"",""100""]""",Org1MSP Org2MSP ,VALID, 26 5, 26 5,,UT,192,18853,0
2022-04-07T17:26:33.358Z,daf37a0c972f8ae5814c1aaae39ad537ef83086eaf6e89321120ee303698faa9,Org1MSP,Func4,"[18893"",""1889300"",""10284"",""1028400""]""",Org1MSP Org2MSP ,VALID,, 10284 18893,,WT,192,18825,0
2022-04-07T17:26:33.358Z,e06a17e0df645437c5626fdfb3afccea609622e05a7988345ca1f550ee401353,Org1MSP,Func4,"[10145"",""1014500"",""10767"",""1076700""]""",Org1MSP Org2MSP ,VALID,, 10145 10767,,WT,192,18829,0
2022-04-07T17:26:33.360Z,75a76d1590285d5662df0c10fbed9b2157ba9d103f79fa24ec1758e66a162799,Org1MSP,Func1,"[7"",""95""]""",Org1MSP Org2MSP ,VALID, 7 95,,,RT,192,18769,0
2022-04-07T17:26:33.360Z,e9db6e24c5f9da8bc6ff42651029e224b198ca7e3ff2d7a169be937bf62acb90,Org1MSP,Func4,"[10118"",""1011800"",""10609"",""1060900""]""",Org1MSP Org2MSP ,VALID,, 10118 10609,,WT,192,18833,0
2022-04-07T17:26:33.362Z,1432cf4768c63d73cfde485f4625d1d793ada2b1f38942d34008eafb9a52ec5f,Org1MSP,Func1,"[38"",""21""]""",Org1MSP Org2MSP ,VALID, 21 38,,,RT,192,18722,0
2022-04-07T17:26:33.362Z,5703d86f7e7a5204568725cfae2910a5c602396401c424a20dba76327bfe16d7,Org1MSP,Func4,"[10034"",""1003400"",""15909"",""1590900""]""",Org1MSP Org2MSP ,VALID,, 10034 15909,,WT,192,18754,0
2022-04-07T17:26:33.363Z,9cdf284b0d846bf5f3c262965e5f662e02056cc22ad49fc79ef3401d1935589b,Org1MSP,Func4,"[10041"",""1004100"",""10039"",""1003900""]""",Org1MSP Org2MSP ,VALID,, 10039 10041,,WT,192,18794,0
2022-04-07T17:26:33.366Z,9318b516f16fb19052d85be554a3a0d9ca126d79142a195e065ae7cb816ad399,Org1MSP,Func4,"[10859"",""1085900"",""11852"",""1185200""]""",Org1MSP Org2MSP ,VALID,, 10859 11852,,WT,192,18785,0
2022-04-07T17:26:33.456Z,8be63e58433e68b6e12ee30b364b02f80fa669b9e463d5d6205470bc992c2571,Org1MSP,Func7,"[3298"",""100"",""1155"",""100""]""",Org1MSP Org2MSP ,VALID, 1155 3298, 1155 3298,,UT,192,18781,0
2022-04-07T17:26:33.457Z,ec42780fc92b4cfa8830183cbf53680929a7683ce245745859cd373a9021fa7d,Org1MSP,Func4,"[10315"",""1031500"",""10077"",""1007700""]""",Org1MSP Org2MSP ,VALID,, 10077 10315,,WT,192,18835,0
2022-04-07T17:26:33.458Z,7b3a65f8bc2cd5e03c03e04ba4a77a1fd660d7f944bd27569cddf8c49a5460b0,Org1MSP,Func4,"[10006"",""1000600"",""10335"",""1033500""]""",Org1MSP Org2MSP ,VALID,, 10006 10335,,WT,192,18772,0
2022-04-07T17:26:33.459Z,6353e7682ffa0b14440920e90917f5814d0edaedc6e85626a973d40cf2e6f7ec,Org1MSP,Func4,"[10000"",""1000000"",""10006"",""1000600""]""",Org1MSP Org2MSP ,VALID,, 10000 10006,,WT,192,18760,0
2022-04-07T17:26:33.460Z,64ae196f5b20ecf99fb83b8b056ba9d86bff4fd9d26bc4e6ce9d86a8966151dc,Org1MSP,Func7,"[17"",""100"",""66"",""100""]""",Org1MSP Org2MSP ,VALID, 17 66, 17 66,,UT,192,18855,0
2022-04-07T17:26:33.461Z,93443645f8193f70665b58df0e4eeca773936840818f82ee2e7b68971c6f5bbf,Org1MSP,Func4,"[10260"",""1026000"",""11633"",""1163300""]""",Org1MSP Org2MSP ,VALID,, 10260 11633,,WT,192,18786,0
2022-04-07T17:26:33.462Z,3078104dea26ae21c569e2ef5f33c801cb72d20621f1e776128c5ce3c8a8ba9d,Org1MSP,Func4,"[10004"",""1000400"",""10000"",""1000000""]""",Org1MSP Org2MSP ,VALID,, 10000 10004,,WT,192,18736,0
2022-04-07T17:26:33.464Z,911683c29e7b8a6827a7d348628a40026356e128661d3422dd004a6115967875,Org1MSP,Func4,"[10267"",""1026700"",""10035"",""1003500""]""",Org1MSP Org2MSP ,VALID,, 10035 10267,,WT,192,18784,0
2022-04-07T17:26:33.471Z,a51ba1f390acea14912490e34de046ba631618a5fd72b0dc36f60c74f1bccadc,Org1MSP,Func4,"[10074"",""1007400"",""10008"",""1000800""]""",Org1MSP Org2MSP ,VALID,, 10008 10074,,WT,192,18800,0
2022-04-07T17:26:33.556Z,ecb138ad33ad6be93b58cfb72a82d7d3fdff67aa136633a5730187784ab7689e,Org1MSP,Func4,"[10008"",""1000800"",""10579"",""1057900""]""",Org1MSP Org2MSP ,VALID,, 10008 10579,,WT,192,18836,0
2022-04-07T17:26:33.557Z,150ac9c92cb1f3cc74f36668130fbecb7b37cc30b4cd593d1a35ad3a06cc83d5,Org1MSP,Func4,"[10860"",""1086000"",""10004"",""1000400""]""",Org1MSP Org2MSP ,VALID,, 10004 10860,,WT,192,18723,0
2022-04-07T17:26:33.559Z,20a4333f25c9dfe3ecefa5505211ecd042d08c0e1876a354af951a0fe1e886d6,Org1MSP,Func4,"[10003"",""1000300"",""10026"",""1002600""]""",Org1MSP Org2MSP ,VALID,, 10003 10026,,WT,192,18728,0
2022-04-07T17:26:33.560Z,9b336958b9fac1d32e47f0de9a0c9e3316204ff03987c9c82dce2de78d0b3997,Org1MSP,Func1,"[1"",""243""]""",Org1MSP Org2MSP ,VALID, 1 243,,,RT,192,18790,0
2022-04-07T17:26:33.562Z,86040689b5910f6da4951c6d2ba997136d6f6ce9a65fc5ffd72c906f13c5d0ad,Org1MSP,Func7,"[6208"",""100"",""5400"",""100""]""",Org1MSP Org2MSP ,VALID, 5400 6208, 5400 6208,,UT,192,18777,0
2022-04-07T17:26:33.562Z,d2ffb67f43081cf9817fd75c573923a28bc07c8cf20aef8e1d75d00557a55585,Org1MSP,Func4,"[18503"",""1850300"",""10003"",""1000300""]""",Org1MSP Org2MSP ,VALID,, 10003 18503,,WT,192,18822,0
2022-04-07T17:26:33.563Z,f16847a55bb0405fd95239a6333a4740470aab714f2c85fa1e49984932f78560,Org1MSP,Func1,"[2401"",""180""]""",Org1MSP Org2MSP ,VALID, 180 2401,,,RT,192,18840,0
2022-04-07T17:26:33.566Z,017f7202fc5f9064c25f658c4f82f192055462a278e9ff6e0490adde422c9410,Org1MSP,Func1,"[19"",""4094""]""",Org1MSP Org2MSP ,VALID, 19 4094,,,RT,192,18712,0
2022-04-07T17:26:33.566Z,0977cdecbdce26da49001259e212fd908efa80bf2b0720aceb337b47cacd5d81,Org1MSP,Func7,"[15"",""100"",""78"",""100""]""",Org1MSP Org2MSP ,VALID, 15 78, 15 78,,UT,192,18716,0
2022-04-07T17:26:33.655Z,f09ba4da7185bc843e709c699290122329a773e7f207f242c42db0763f06ee7c,Org1MSP,Func4,"[14510"",""1451000"",""10003"",""1000300""]""",Org1MSP Org2MSP ,VALID,, 10003 14510,,WT,192,18839,0
2022-04-07T17:26:33.657Z,ee65d9a10cf73bf25818edc46ff1c3e94067e81ac484b1383f77f56ae4701b11,Org1MSP,Func4,"[10035"",""1003500"",""10015"",""1001500""]""",Org1MSP Org2MSP ,VALID,, 10015 10035,,WT,192,18837,0
2022-04-07T17:26:33.659Z,f7eef0c944e432bdb9a7cad21d524fa235f1b6551667ad93251f160493e774a0,Org1MSP,Func1,"[5782"",""208""]""",Org1MSP Org2MSP ,VALID, 208 5782,,,RT,192,18842,0
2022-04-07T17:26:33.659Z,fb47b06229a7086082abc4b1c6f5d124ea0a816d286e3f99e5fcd619edca190c,Org1MSP,Func7,"[6"",""100"",""1353"",""100""]""",Org1MSP Org2MSP ,VALID, 1353 6, 1353 6,,UT,192,18849,0
2022-04-07T17:26:33.660Z,95ac160b6f1d19bf8f85642d140125332ab0c182a4958eae49889e6722f2ef70,Org1MSP,Func4,"[10018"",""1001800"",""10842"",""1084200""]""",Org1MSP Org2MSP ,VALID,, 10018 10842,,WT,192,18787,0
2022-04-07T17:26:33.662Z,79c84ad80675bdf1e75315edc5501c10935a0e76b0f297ff618ce4399145a260,Org1MSP,Func4,"[12295"",""1229500"",""10005"",""1000500""]""",Org1MSP Org2MSP ,VALID,, 10005 12295,,WT,192,18771,0
2022-04-07T17:26:33.662Z,b92a41066bdc4b636f1265aa1e05690b84a13589ea1920063a3e81911be9d9d9,Org1MSP,Func1,"[11"",""23""]""",Org1MSP Org2MSP ,VALID, 11 23,,,RT,192,18809,0
2022-04-07T17:26:33.664Z,4789680e6bd37f90febac3f4f79ee86f7a47143be4df7ed9ab22dd789fced381,Org1MSP,Func1,"[709"",""4209""]""",Org1MSP Org2MSP ,VALID, 4209 709,,,RT,192,18746,0
2022-04-07T17:26:33.664Z,a5b28ccaa7eae0717624ad2a90a1060f34ee1560bd9da70398d22f0e461aecc5,Org1MSP,Func4,"[10047"",""1004700"",""10015"",""1001500""]""",Org1MSP Org2MSP ,VALID,, 10015 10047,,WT,192,18801,0
2022-04-07T17:26:33.666Z,2abdfbafcf115def6a380ebd66cf5d242bc3c4a5b4469d793e1f1e55b1d6e6d8,Org1MSP,Func4,"[10000"",""1000000"",""10990"",""1099000""]""",Org1MSP Org2MSP ,VALID,, 10000 10990,,WT,192,18732,0
2022-04-07T17:26:33.754Z,2d38417b596104afbd247edde5d915b127690d4d3cd4b2758aadc6e355ad8bde,Org1MSP,Func1,"[1"",""9792""]""",Org1MSP Org2MSP ,VALID, 1 9792,,,RT,192,18734,0
2022-04-07T17:26:33.756Z,814cf8e1d048fab1c260620104aac3eefd0a85abccc1d048ed6c008ff18f5f2b,Org1MSP,Func4,"[11701"",""1170100"",""10186"",""1018600""]""",Org1MSP Org2MSP ,VALID,, 10186 11701,,WT,192,18774,0
2022-04-07T17:26:33.759Z,ca27d9e4253e324ce3b5b8f84f8423eb693fd002453905631e07c0683bcfcf5f,Org1MSP,Func1,"[4"",""44""]""",Org1MSP Org2MSP ,VALID, 4 44,,,RT,192,18819,0
2022-04-07T17:26:33.759Z,daa93cfcc1ee0dde3af002f18d1ae47f080a28b7972cf3353f56e00b1432e349,Org1MSP,Func4,"[10007"",""1000700"",""10001"",""1000100""]""",Org1MSP Org2MSP ,VALID,, 10001 10007,,WT,192,18824,0
2022-04-07T17:26:33.760Z,683af6e921c5a6f6fee26dea28a2654c415cfb8d1f5479165cf3191f92c3c8f0,Org1MSP,Func4,"[10012"",""1001200"",""19937"",""1993700""]""",Org1MSP Org2MSP ,VALID,, 10012 19937,,WT,192,18766,0
2022-04-07T17:26:33.763Z,5d23d119afd562bb4f40c229c2b7116ede4beef7907dff23bdbe3e32471fc85e,Org1MSP,Func4,"[10051"",""1005100"",""10835"",""1083500""]""",Org1MSP Org2MSP ,VALID,, 10051 10835,,WT,192,18757,0
2022-04-07T17:26:33.763Z,5ddb8b69da61a635962e13fd521eff01f20f11fb482f0cbaf22ebf069ddd5ad2,Org1MSP,Func1,"[1"",""26""]""",Org1MSP Org2MSP ,VALID, 1 26,,,RT,192,18759,0
2022-04-07T17:26:33.764Z,9620e080cf77bb02304118a3159243ba0b8506938e9210d6047b8991307c156a,Org1MSP,Func7,"[6014"",""100"",""364"",""100""]""",Org1MSP Org2MSP ,VALID, 364 6014, 364 6014,,UT,192,18788,0
2022-04-07T17:26:33.766Z,67c57cc27147f93774ab941c6404ec5ba2814c0096e8567c4e3d30887673e2b1,Org1MSP,Func4,"[10746"",""1074600"",""10020"",""1002000""]""",Org1MSP Org2MSP ,VALID,, 10020 10746,,WT,192,18765,0
2022-04-07T17:26:33.855Z,ae8c390a67bc3a6c6ffc685912e92d041cec14500ebc7fb60a94a65ab4f1e0f1,Org1MSP,Func1,"[1"",""1""]""",Org1MSP Org2MSP ,VALID, 1,,,RT,192,18804,0
2022-04-07T17:26:33.856Z,b632be88f7a9603a7f1119f641be6b2849005f56cf6cd6d677b08e04cf451658,Org1MSP,Func7,"[365"",""100"",""316"",""100""]""",Org1MSP Org2MSP ,VALID, 316 365, 316 365,,UT,192,18808,0
2022-04-07T17:26:33.859Z,f0673c926a408ce56e68214aa21645d29037e6966aec1a2c0ebd8d5d1dddff04,Org1MSP,Func1,"[110"",""484""]""",Org1MSP Org2MSP ,VALID, 110 484,,,RT,192,18838,0
2022-04-07T17:26:33.859Z,f5574aaab10356f81e3bf18d2df5d86e963ebf231cbf076b35deaa86c6278538,Org1MSP,Func4,"[10000"",""1000000"",""10006"",""1000600""]""",Org1MSP Org2MSP ,VALID,, 10000 10006,,WT,192,18841,0
2022-04-07T17:26:33.860Z,8fd700f6e1a2d26749738c44e66498e86d846ab1f0c6980c7684c9a936b44b57,Org1MSP,Func7,"[158"",""100"",""399"",""100""]""",Org1MSP Org2MSP ,VALID, 158 399, 158 399,,UT,192,18783,0
2022-04-07T17:26:33.862Z,8c99f9c666188b002d84324c267afd3ed65db6cdeb27f5352db9c7fb9143184d,Org1MSP,Func4,"[10027"",""1002700"",""10000"",""1000000""]""",Org1MSP Org2MSP ,VALID,, 10000 10027,,WT,192,18782,0
2022-04-07T17:26:33.864Z,8655149b384c16f9034c28f0c5eadf2d324601d8cdad0912376429035f39e271,Org1MSP,Func7,"[3924"",""100"",""1118"",""100""]""",Org1MSP Org2MSP ,VALID, 1118 3924, 1118 3924,,UT,192,18778,0
2022-04-07T17:26:33.864Z,c77df698a66313a153066fdb21224a7805e3438e130dbfc13b0e83017f362ef0,Org1MSP,Func1,"[1"",""2724""]""",Org1MSP Org2MSP ,VALID, 1 2724,,,RT,192,18817,0
2022-04-07T17:26:33.864Z,ec3890eca38e8ae712e6f6c417d1653e1186f8824783ced1aacc5ebedb70b364,Org1MSP,Func7,"[11"",""100"",""34"",""100""]""",Org1MSP Org2MSP ,VALID, 11 34, 11 34,,UT,192,18856,0
2022-04-07T17:26:33.866Z,fdef9c716ccc6b6bc693515c95f7d7227feb7628f18434aacf92c9d3f761de5b,Org1MSP,Func1,"[36"",""11""]""",Org1MSP Org2MSP ,VALID, 11 36,,,RT,192,18847,0
2022-04-07T17:26:33.955Z,b9ceaf132220c7f1bd3f053dd34c31b88e0678f979c43236598aebb7577f8853,Org1MSP,Func4,"[14143"",""1414300"",""10736"",""1073600""]""",Org1MSP Org2MSP ,VALID,, 10736 14143,,WT,192,18810,0
2022-04-07T17:26:33.957Z,c0070a14e796bb0cf15ee90e19131b38aaad6b36cbb0603b848d4a83e1044611,Org1MSP,Func4,"[10043"",""1004300"",""10097"",""1009700""]""",Org1MSP Org2MSP ,VALID,, 10043 10097,,WT,192,18814,0
2022-04-07T17:26:33.959Z,4a5edaaf7a0c878bbf69ac5727ed3a6d73f7b65c278066b3f0c8bb7701d7286e,Org1MSP,Func4,"[10830"",""1083000"",""10006"",""1000600""]""",Org1MSP Org2MSP ,VALID,, 10006 10830,,WT,192,18747,0
2022-04-07T17:26:33.959Z,af608bd3c4b506f038431335c4a053ec21a83bad3256ee7d13056928e1e18ddd,Org1MSP,Func1,"[1276"",""4496""]""",Org1MSP Org2MSP ,VALID, 1276 4496,,,RT,192,18806,0
2022-04-07T17:26:33.960Z,2c1d5c5706b5d57691f90c3d9ec74629207874c1336138dcd945f28904efbf5e,Org1MSP,Func4,"[10000"",""1000000"",""10001"",""1000100""]""",Org1MSP Org2MSP ,VALID,, 10000 10001,,WT,192,18733,0
2022-04-07T17:26:33.963Z,431a085ee1c024e8d8193f3dbfff3c42d456710d0ca1ed843bef8b2412196aae,Org1MSP,Func4,"[10236"",""1023600"",""10080"",""1008000""]""",Org1MSP Org2MSP ,VALID,, 10080 10236,,WT,192,18744,0
2022-04-07T17:26:33.963Z,67b38d1d64d1df867af096a96e2ec1b2f1f3f058a58b1f447cf8736efb76fb20,Org1MSP,Func7,"[135"",""100"",""1450"",""100""]""",Org1MSP Org2MSP ,VALID, 135 1450, 135 1450,,UT,192,18764,0
2022-04-07T17:26:33.963Z,ba244566a0f71c06641739a28748df3efd3857caa52b6d4329b1f66dd70c17aa,Org1MSP,Func4,"[10729"",""1072900"",""10021"",""1002100""]""",Org1MSP Org2MSP ,VALID,, 10021 10729,,WT,192,18811,0
2022-04-07T17:26:33.964Z,67698f281fe60d00f0316e4f1ea56ced503dcfd96bdd37655c9f681a12407763,Org1MSP,Func4,"[10003"",""1000300"",""18239"",""1823900""]""",Org1MSP Org2MSP ,VALID,, 10003 18239,,WT,192,18762,0
2022-04-07T17:26:33.966Z,5ad6a5ea265a52b0ab650c725dcebaba1c6508dd14b236477d550aa6539d8e51,Org1MSP,Func4,"[10001"",""1000100"",""10000"",""1000000""]""",Org1MSP Org2MSP ,VALID,, 10000 10001,,WT,192,18755,0
2022-04-07T17:26:34.054Z,ec06803ddab8dd4436a243fcb187f35b377d213d4d4c701135fa50a2b8f3f9e6,Org1MSP,Func4,"[10238"",""1023800"",""13007"",""1300700""]""",Org1MSP Org2MSP ,VALID,, 10238 13007,,WT,192,18834,0
2022-04-07T17:26:34.057Z,098447e7bb7d91b315a2587c0cc07873d42d30474cdc745d3fa5f2b65b5860db,Org1MSP,Func1,"[1970"",""73""]""",Org1MSP Org2MSP ,VALID, 1970 73,,,RT,192,18717,0
2022-04-07T17:26:34.057Z,e16b11b9893357bc4959fb4f97becf449b2e56fdb81ae84afbc1cbfebf11de6e,Org1MSP,Func1,"[1"",""17""]""",Org1MSP Org2MSP ,VALID, 1 17,,,RT,192,18830,0
2022-04-07T17:26:34.060Z,0e78a47290881da676c74ebdf4ee34b2fe3bdb0fc963bfcc36ce6f9605c12f9f,Org1MSP,Func4,"[10014"",""1001400"",""10468"",""1046800""]""",Org1MSP Org2MSP ,VALID,, 10014 10468,,WT,192,18719,0
2022-04-07T17:26:34.060Z,9f7d7207f3c54dc84d81ce5d0baa2db58c879308ba6d2a0f27d003734ddaee4e,Org1MSP,Func4,"[10003"",""1000300"",""10037"",""1003700""]""",Org1MSP Org2MSP ,VALID,, 10003 10037,,WT,192,18798,0
2022-04-07T17:26:34.062Z,87bc4a51d9eb5fbe46e9e3b73bc6796609b30fbba81df14d07ebd2759cc5a101,Org1MSP,Func1,"[5"",""1""]""",Org1MSP Org2MSP ,VALID, 1 5,,,RT,192,18779,0
2022-04-07T17:26:34.063Z,fbdcdb7d23c01be2bc5d5c4da95b2404f57754ef59b64712e3cbab0fb590f90e,Org1MSP,Func4,"[10065"",""1006500"",""10093"",""1009300""]""",Org1MSP Org2MSP ,VALID,, 10065 10093,,WT,192,18846,0
2022-04-07T17:26:34.064Z,81565deecb2c35ffb4b7b3eb52cb695bd268cbfefae81f9cbc23f83f7294845f,Org1MSP,Func4,"[10020"",""1002000"",""10558"",""1055800""]""",Org1MSP Org2MSP ,VALID,, 10020 10558,,WT,192,18775,0
2022-04-07T17:26:34.066Z,75cfb802769e95410ca647629d71b647d9ce7f8282c6ab05900c1d383984e9ba,Org1MSP,Func1,"[8"",""1""]""",Org1MSP Org2MSP ,VALID, 1 8,,,RT,192,18770,0
2022-04-07T17:26:34.158Z,03b6a96e8db7a89bec6e8e05731d4d6eada1779194bec722b7c4e9840419ff93,Org1MSP,Func4,"[10078"",""1007800"",""10001"",""1000100""]""",Org1MSP Org2MSP ,VALID,, 10001 10078,,WT,192,18714,0
2022-04-07T17:26:34.160Z,db5209ceb7536b0a28c14e9803c16b77c25e1d58c179a13b98cb80a70ba73085,Org1MSP,Func4,"[10059"",""1005900"",""19508"",""1950800""]""",Org1MSP Org2MSP ,VALID,, 10059 19508,,WT,192,18826,0
2022-04-07T17:26:34.162Z,adcf3bf591116f8aea999607dd35cd3a56232a0d6387ef34a4a6d8a2f34453cc,Org1MSP,Func1,"[3"",""382""]""",Org1MSP Org2MSP ,VALID, 3 382,,,RT,192,18803,0
2022-04-07T17:26:34.162Z,c7bbca7445bc24685e5aaafc99f4186a7bbd4e5b32c53125387f6cf31e5c8a97,Org1MSP,Func4,"[10003"",""1000300"",""10394"",""1039400""]""",Org1MSP Org2MSP ,VALID,, 10003 10394,,WT,192,18818,0
2022-04-07T17:26:34.162Z,d2193fa6e8e311e4feccbfceead6f06a77612c2a519ad10fc79109aaaefe49ab,Org1MSP,Func4,"[12224"",""1222400"",""10001"",""1000100""]""",Org1MSP Org2MSP ,VALID,, 10001 12224,,WT,192,18821,0
2022-04-07T17:26:34.163Z,5dc43dd4100d465f84d5241db0e94923ea2075ad3a9e38313226b9b81a34c5ca,Org1MSP,Func4,"[10039"",""1003900"",""10020"",""1002000""]""",Org1MSP Org2MSP ,VALID,, 10020 10039,,WT,192,18758,0
2022-04-07T17:26:34.166Z,0b3a7a99248e50634df2c8ab872e8d28ff68019fed1b8862e6a01b6376d6a03a,Org1MSP,Func1,"[4338"",""30""]""",Org1MSP Org2MSP ,VALID, 30 4338,,,RT,192,18718,0
2022-04-07T17:26:34.166Z,c35d3265f4585d08f5a0d2a9f9a937940536d9bbc9bb2b09dc4df9d3fe1953c5,Org1MSP,Func4,"[10000"",""1000000"",""10000"",""1000000""]""",Org1MSP Org2MSP ,VALID,, 10000,,WT,192,18815,0
2022-04-07T17:26:34.170Z,5135035c92474d7ae09b61ed3d7eaada4afe85d51d6f9132a2639de5bf0a0712,Org1MSP,Func4,"[17580"",""1758000"",""10012"",""1001200""]""",Org1MSP Org2MSP ,VALID,, 10012 17580,,WT,192,18751,0
2022-04-07T17:26:34.171Z,6e4ae3768664b39140de8cf90f5c02df1037eb70476a53db077e1bac0bb92989,Org1MSP,Func4,"[10123"",""1012300"",""18180"",""1818000""]""",Org1MSP Org2MSP ,VALID,, 10123 18180,,WT,192,18767,0
2022-04-07T17:26:34.255Z,a449488d65993d513a3540cfc81ebb5707e3d89ed258495b405af0bfd557731f,Org1MSP,Func4,"[10004"",""1000400"",""10005"",""1000500""]""",Org1MSP Org2MSP ,VALID,, 10004 10005,,WT,193,18910,0
2022-04-07T17:26:34.257Z,2c2e27ac294d5b87fa74f6661fa07552a89b31511ea34d05e41e628157800152,Org1MSP,Func4,"[10038"",""1003800"",""10234"",""1023400""]""",Org1MSP Org2MSP ,VALID,, 10038 10234,,WT,193,18868,0
2022-04-07T17:26:34.259Z,5e0f5c8a6424519e451123a918460ccec36e16581c2875581b1521df3953e8e2,Org1MSP,Func4,"[10019"",""1001900"",""10000"",""1000000""]""",Org1MSP Org2MSP ,VALID,, 10000 10019,,WT,193,18888,0
2022-04-07T17:26:34.260Z,122ef4c9e3d6a8b66f179a27d8cede78d93dfc1f749ee7cb75c3fd913befb4eb,Org1MSP,Func4,"[10002"",""1000200"",""10023"",""1002300""]""",Org1MSP Org2MSP ,VALID,, 10002 10023,,WT,193,18864,0
2022-04-07T17:26:34.260Z,74c775f9b5367f91333de86e0f5eb5af4daee97206b581fc073c494c59735181,Org1MSP,Func4,"[11967"",""1196700"",""10003"",""1000300""]""",Org1MSP Org2MSP ,VALID,, 10003 11967,,WT,193,18895,0
2022-04-07T17:26:34.261Z,086bb2a3aba17252b0dbe595d3b76a92e2ab74eb2bca28edc1789fdd71f2514f,Org1MSP,Func4,"[10102"",""1010200"",""11114"",""1111400""]""",Org1MSP Org2MSP ,VALID,, 10102 11114,,WT,193,18859,0
2022-04-07T17:26:34.265Z,52f92578c5568e97f7ccfb06074c90dc44061dc0520eec1f001ba8c040efaf98,Org1MSP,Func4,"[10014"",""1001400"",""10402"",""1040200""]""",Org1MSP Org2MSP ,VALID,, 10014 10402,,WT,193,18883,0
2022-04-07T17:26:34.265Z,7da9a18ccad05bb1fb9e1a30ff3f9f048d921e0594f4236f6e2ba0429868b082,Org1MSP,Func1,"[143"",""1""]""",Org1MSP Org2MSP ,VALID, 1 143,,,RT,193,18899,0
2022-04-07T17:26:34.266Z,53fb892b5d006371a032b79c6cb480000f0b6b4bd7d6da9dd28421f3930f89e8,Org1MSP,Func4,"[10063"",""1006300"",""10001"",""1000100""]""",Org1MSP Org2MSP ,VALID,, 10001 10063,,WT,193,18885,0
2022-04-07T17:26:34.266Z,5a1129431e262b5832a1d321dc285da9da96e484786fee523aa2e229f6e2b510,Org1MSP,Func4,"[10001"",""1000100"",""10119"",""1011900""]""",Org1MSP Org2MSP ,VALID,, 10001 10119,,WT,193,18886,0
2022-04-07T17:26:34.355Z,3428ffa2ad92fd58c8203da8cfbcf6123e2b8e8489c537ae460788a041da54d3,Org1MSP,Func4,"[10005"",""1000500"",""10003"",""1000300""]""",Org1MSP Org2MSP ,VALID,, 10003 10005,,WT,193,18873,0
2022-04-07T17:26:34.357Z,0cc8c6b48bffe4b636d5517d9f8562c85df9ee83350d607c60cddaf0811ca0c3,Org1MSP,Func4,"[11087"",""1108700"",""11749"",""1174900""]""",Org1MSP Org2MSP ,VALID,, 11087 11749,,WT,193,18863,0
2022-04-07T17:26:34.359Z,6bde4c56419ed3aa94592b6822b2c0acdae6674102a1fb6ef5eb97bc343e403c,Org1MSP,Func1,"[4"",""27""]""",Org1MSP Org2MSP ,VALID, 27 4,,,RT,193,18893,0
2022-04-07T17:26:34.360Z,696fb1e7cbb689fce6b46a21063550e3f5eac1bb0ab1a434b20985c298ca5039,Org1MSP,Func7,"[8747"",""100"",""459"",""100""]""",Org1MSP Org2MSP ,VALID, 459 8747, 459 8747,,UT,193,18891,0
2022-04-07T17:26:34.361Z,3816ec5eb99cf0cb68d6b58ca296e024a258dafbd55e0b2435d433e7610a1438,Org1MSP,Func7,"[310"",""100"",""39"",""100""]""",Org1MSP Org2MSP ,VALID, 310 39, 310 39,,UT,193,18875,0
2022-04-07T17:26:34.362Z,522d9cb2c3b4f719e1a926bd8cfbadff55130cef4e41ecf453102fd038aa9940,Org1MSP,Func4,"[10014"",""1001400"",""16149"",""1614900""]""",Org1MSP Org2MSP ,VALID,, 10014 16149,,WT,193,18882,0
2022-04-07T17:26:34.363Z,8c4454f70191369bb076951f02d0f5b7f0021eab03500bbf040362002d91e732,Org1MSP,Func1,"[97"",""6""]""",Org1MSP Org2MSP ,VALID, 6 97,,,RT,193,18904,0
2022-04-07T17:26:34.363Z,ca2444caf7a075af1abd7a53e1f08a0b608d276aded0136b2a81059827a85805,Org1MSP,Func4,"[10803"",""1080300"",""10138"",""1013800""]""",Org1MSP Org2MSP ,VALID,, 10138 10803,,WT,193,18924,0
2022-04-07T17:26:34.365Z,951c6793bd873bd6c5408c62659456eb7e88f527e28369bf0d2f0496495af634,Org1MSP,Func7,"[7"",""100"",""2"",""100""]""",Org1MSP Org2MSP ,VALID, 2 7, 2 7,,UT,193,18950,0
2022-04-07T17:26:34.366Z,757af0f6d46d32bd085ee0e92c0fd27960e55db571754489d2e82254af3b50a8,Org1MSP,Func1,"[13"",""15""]""",Org1MSP Org2MSP ,VALID, 13 15,,,RT,193,18896,0
2022-04-07T17:26:34.458Z,6439252feb50d61deba593fa98ef1d85ed60236e5908d7f798d700ce71e568b8,Org1MSP,Func4,"[11260"",""1126000"",""10011"",""1001100""]""",Org1MSP Org2MSP ,VALID,, 10011 11260,,WT,193,18889,0
2022-04-07T17:26:34.458Z,f25195a2d62918c21371efe58d94ab48ee82c4df16bb0e3ed16cf22eaa867066,Org1MSP,Func4,"[10006"",""1000600"",""10152"",""1015200""]""",Org1MSP Org2MSP ,VALID,, 10006 10152,,WT,193,18940,0
2022-04-07T17:26:34.459Z,2fc87bc89ab53c1bde63db63805d859234621097cfce710f7ab2dd0c394156ef,Org1MSP,Func4,"[10041"",""1004100"",""10002"",""1000200""]""",Org1MSP Org2MSP ,VALID,, 10002 10041,,WT,193,18871,0
2022-04-07T17:26:34.462Z,db9fafd0adf78915c864fea2191b2d6e93f7d5df11fbf97191d744b5a49d913a,Org1MSP,Func4,"[10634"",""1063400"",""10263"",""1026300""]""",Org1MSP Org2MSP ,VALID,, 10263 10634,,WT,193,18932,0
2022-04-07T17:26:34.462Z,f6246b84cee41f41904505ac9c0f1eb6a703a82d48e3b51e7c234635705088d9,Org1MSP,Func4,"[10070"",""1007000"",""10019"",""1001900""]""",Org1MSP Org2MSP ,VALID,, 10019 10070,,WT,193,18943,0
2022-04-07T17:26:34.463Z,3c177742270e9ea12d012460d9bfbaa8daf3d24852ad03b95e2bcf5c58601431,Org1MSP,Func4,"[10002"",""1000200"",""10087"",""1008700""]""",Org1MSP Org2MSP ,VALID,, 10002 10087,,WT,193,18878,0
2022-04-07T17:26:34.463Z,de16917dfc5ad1f6fc810ca199d7720588b2321b289fe3e75109502f092fb45c,Org1MSP,Func4,"[10000"",""1000000"",""10000"",""1000000""]""",Org1MSP Org2MSP ,VALID,, 10000,,WT,193,18935,0
2022-04-07T17:26:34.469Z,fc58d15997727ac7c60f3c3f2bca2a616753cbbbeaf6da53720eb43c3478db81,Org1MSP,Func4,"[13156"",""1315600"",""13963"",""1396300""]""",Org1MSP Org2MSP ,VALID,, 13156 13963,,WT,193,18944,0
2022-04-07T17:26:34.555Z,89c3b2ed4ab0050d877f39812396c9af3b7516d8232fe616a31523f4c22b8452,Org1MSP,Func1,"[1201"",""1""]""",Org1MSP Org2MSP ,VALID, 1 1201,,,RT,193,18902,0
2022-04-07T17:26:34.558Z,1bf68a9aae3e42616161a9cc7ef630b82c194a2bcbb00a46f880199cc6b81bd9,Org1MSP,Func4,"[12202"",""1220200"",""10031"",""1003100""]""",Org1MSP Org2MSP ,VALID,, 10031 12202,,WT,193,18866,0
2022-04-07T17:26:34.558Z,f51d08580aa4e994552b837ef27c2f6f8c7b89205ae2e8d94fd137ab7fbab267,Org1MSP,Func4,"[10187"",""1018700"",""10083"",""1008300""]""",Org1MSP Org2MSP ,VALID,, 10083 10187,,WT,193,18942,0
2022-04-07T17:26:34.559Z,d81bb272be76c20b0638d8ba968fb563730f6748b9e8a9060dc4cf62d36101df,Org1MSP,Func4,"[10045"",""1004500"",""10175"",""1017500""]""",Org1MSP Org2MSP ,VALID,, 10045 10175,,WT,193,18929,0
2022-04-07T17:26:34.563Z,a72dc18cb6a0528ff8eb44bc7e89b722e43ca9c45fd7b4905152872a97d341a7,Org1MSP,Func4,"[10192"",""1019200"",""10041"",""1004100""]""",Org1MSP Org2MSP ,VALID,, 10041 10192,,WT,193,18911,0
2022-04-07T17:26:34.564Z,906f5912ea39ec1392fae547e3d65d2e44d79834641c5e6f2b92c20c48971caa,Org1MSP,Func4,"[10003"",""1000300"",""10004"",""1000400""]""",Org1MSP Org2MSP ,VALID,, 10003 10004,,WT,193,18905,0
2022-04-07T17:26:34.567Z,b35da232b9f0c4899873f0a3e39069810ab1894f736e86b6a6ef06f3508a92b8,Org1MSP,Func1,"[393"",""223""]""",Org1MSP Org2MSP ,VALID, 223 393,,,RT,193,18916,0
2022-04-07T17:26:34.655Z,1de9e2c1fc768a19c5744b543834c732eab073c8e6cf5748f2bf1181db9a40e5,Org1MSP,Func7,"[2384"",""100"",""21"",""100""]""",Org1MSP Org2MSP ,VALID, 21 2384, 21 2384,,UT,193,18867,0
2022-04-07T17:26:34.657Z,15b647d5cde35ffcd411ae2d3d030d5b14065fa3431995e3e7a05fe0f42ee26c,Org1MSP,Func1,"[1289"",""4""]""",Org1MSP Org2MSP ,VALID, 1289 4,,,RT,193,18865,0
2022-04-07T17:26:34.659Z,f3ddf140ceba04816655145b26c23f43365420065703fd740961e252ddeef802,Org1MSP,Func4,"[10485"",""1048500"",""10031"",""1003100""]""",Org1MSP Org2MSP ,VALID,, 10031 10485,,WT,193,18941,0
2022-04-07T17:26:34.661Z,c29a8498b5a0374ff9034dd0156d2be6c77f9badd560af9b165c6c32ce31eff9,Org1MSP,Func1,"[163"",""2""]""",Org1MSP Org2MSP ,VALID, 163 2,,,RT,193,18921,0
2022-04-07T17:26:34.663Z,30020242e37bc4fc7a444dfaffc5cd757f83b6c1363677515298a19841253429,Org1MSP,Func4,"[19390"",""1939000"",""10000"",""1000000""]""",Org1MSP Org2MSP ,VALID,, 10000 19390,,WT,193,18872,0
2022-04-07T17:26:34.663Z,9eed1f3cae577a1524cd8726d934b6c37479311102cc3b77f3d8c9efeedacc1d,Org1MSP,Func7,"[89"",""100"",""114"",""100""]""",Org1MSP Org2MSP ,VALID, 114 89, 114 89,,UT,193,18907,0
2022-04-07T17:26:34.663Z,e4438be779eb49f7022a94c4f94624c43c447366f85651e37cb2c1f50c165185,Org1MSP,Func7,"[25"",""100"",""209"",""100""]""",Org1MSP Org2MSP ,VALID, 209 25, 209 25,,UT,193,18937,0
2022-04-07T17:26:34.666Z,a8dc61329ee2a0553455fb18c3b916dcdba52acf66a3e9d9cf13eb737acb605c,Org1MSP,Func4,"[11117"",""1111700"",""10002"",""1000200""]""",Org1MSP Org2MSP ,VALID,, 10002 11117,,WT,193,18912,0
2022-04-07T17:26:34.667Z,2d7bd10da4e517faf53e2aa56730546633dd2f532f078c170c85a50eb53d3702,Org1MSP,Func1,"[22"",""1""]""",Org1MSP Org2MSP ,VALID, 1 22,,,RT,193,18869,0
2022-04-07T17:26:34.755Z,cefe8f3f8b10b422934a6ccad68d81664fead87379fcf74e563a963a97970acc,Org1MSP,Func4,"[10060"",""1006000"",""10395"",""1039500""]""",Org1MSP Org2MSP ,VALID,, 10060 10395,,WT,193,18925,0
2022-04-07T17:26:34.758Z,7d963ba1087fbb2634c84a19dc2db2cc251c7659362c3104bbac3d4463f93ab6,Org1MSP,Func1,"[3"",""24""]""",Org1MSP Org2MSP ,VALID, 24 3,,,RT,193,18898,0
2022-04-07T17:26:34.758Z,de705230144fa167b8b5d26d0df3c110943310de4793ada25c624090192f5caa,Org1MSP,Func4,"[10130"",""1013000"",""10050"",""1005000""]""",Org1MSP Org2MSP ,VALID,, 10050 10130,,WT,193,18936,0
2022-04-07T17:26:34.759Z,d31b85e1a5ff938d38af7be4d5af3e4800a3cfa321481a5537350249930e3936,Org1MSP,Func4,"[10001"",""1000100"",""10075"",""1007500""]""",Org1MSP Org2MSP ,VALID,, 10001 10075,,WT,193,18926,0
2022-04-07T17:26:34.760Z,2f7ac352691fd15f92a53db935fcafe0039effc2f708cf280f6db281c2957cd6,Org1MSP,Func4,"[10347"",""1034700"",""15755"",""1575500""]""",Org1MSP Org2MSP ,VALID,, 10347 15755,,WT,193,18870,0
2022-04-07T17:26:34.762Z,a9ae4c25ac245ef3a6d00b0525a65b3b9d85e6c4fdd7bfcf54e5e39948b69cd0,Org1MSP,Func4,"[10002"",""1000200"",""14726"",""1472600""]""",Org1MSP Org2MSP ,VALID,, 10002 14726,,WT,193,18913,0
2022-04-07T17:26:34.763Z,ff9392993b921f2fa6173b0b0dac8ca4d33abf9b0b34e3e3f9fe182c3538185a,Org1MSP,Func4,"[13734"",""1373400"",""12650"",""1265000""]""",Org1MSP Org2MSP ,VALID,, 12650 13734,,WT,193,18947,0
2022-04-07T17:26:34.764Z,09d823f57a5db6bf2734a9e754791230f758fce245e1db627f7a4d5a4d7a56a9,Org1MSP,Func4,"[10191"",""1019100"",""12077"",""1207700""]""",Org1MSP Org2MSP ,VALID,, 10191 12077,,WT,193,18860,0
2022-04-07T17:26:34.764Z,a2241b3bf2ab9c949675f6007cff7b603b0cf20acdb7cacb1a06e3c8b3125fb6,Org1MSP,Func4,"[10000"",""1000000"",""11198"",""1119800""]""",Org1MSP Org2MSP ,VALID,, 10000 11198,,WT,193,18908,0
2022-04-07T17:26:34.766Z,d8ef929fc8f0a328773215a9b43a70849f696fd11b80aacd7225b9fdfc5f7b30,Org1MSP,Func4,"[10755"",""1075500"",""10000"",""1000000""]""",Org1MSP Org2MSP ,VALID,, 10000 10755,,WT,193,18930,0
2022-04-07T17:26:34.855Z,d683b7915d91415ddd0b59aaa03d0f5b77e82f3fb6eaf5cef79337c139086bca,Org1MSP,Func7,"[8"",""100"",""963"",""100""]""",Org1MSP Org2MSP ,VALID, 8 963, 8 963,,UT,193,18927,0
2022-04-07T17:26:34.857Z,ac848aeaf4375e7ed348fc71065b07f4ddfc5fe0a61b8a4c1a0cd440e46d1f5b,Org1MSP,Func4,"[10575"",""1057500"",""10037"",""1003700""]""",Org1MSP Org2MSP ,VALID,, 10037 10575,,WT,193,18915,0
2022-04-07T17:26:34.858Z,9bc1b5dc66a405e4dd2ca60d7a91c1b16712404f08326cc1d3f45ee956421c03,Org1MSP,Func4,"[10833"",""1083300"",""10000"",""1000000""]""",Org1MSP Org2MSP ,VALID,, 10000 10833,,WT,193,18906,0
2022-04-07T17:26:34.860Z,c63ca1007fb6436e86def916bbb915b4059bfa820a171e601871c5124c2e87dd,Org1MSP,Func4,"[10145"",""1014500"",""10049"",""1004900""]""",Org1MSP Org2MSP ,VALID,, 10049 10145,,WT,193,18922,0
2022-04-07T17:26:34.860Z,e95778596bef262e8f6d8c3dcc609baa0d66233236fce9d83781cacc7e4a451b,Org1MSP,Func4,"[10244"",""1024400"",""10003"",""1000300""]""",Org1MSP Org2MSP ,VALID,, 10003 10244,,WT,193,18938,0
2022-04-07T17:26:34.861Z,364e32ebd8ab910cea31c7bbf90d9b5a124bf084333158adb54bd444b000c88c,Org1MSP,Func4,"[10205"",""1020500"",""10008"",""1000800""]""",Org1MSP Org2MSP ,VALID,, 10008 10205,,WT,193,18874,0
2022-04-07T17:26:34.862Z,50a88b217153995bb0bcb8a65f89363b36df1f31cf91cf40591514aaff67cde6,Org1MSP,Func4,"[12504"",""1250400"",""10163"",""1016300""]""",Org1MSP Org2MSP ,VALID,, 10163 12504,,WT,193,18881,0
2022-04-07T17:26:34.863Z,dce76b2ddf12ba57b89d3445eaa30ddd8a0ae4b9885331d02ec178d1a4043172,Org1MSP,Func1,"[22"",""104""]""",Org1MSP Org2MSP ,VALID, 104 22,,,RT,193,18933,0
2022-04-07T17:26:34.864Z,3a1a969bd65b650e2866e39a1be7689209060c22e51a6ca595ceeddb643ade48,Org1MSP,Func4,"[10009"",""1000900"",""10006"",""1000600""]""",Org1MSP Org2MSP ,VALID,, 10006 10009,,WT,193,18876,0
2022-04-07T17:26:34.867Z,d7368e93fb37421573e0038c26a4070d268af600d9bfbc8a5a4610a4d1df866a,Org1MSP,Func4,"[10499"",""1049900"",""10304"",""1030400""]""",Org1MSP Org2MSP ,VALID,, 10304 10499,,WT,193,18928,0
2022-04-07T17:26:34.954Z,530a8d4fa597689899c56288074399f3ad68138aac4c9ce4c94f57cf3d8ce38f,Org1MSP,Func7,"[6027"",""100"",""208"",""100""]""",Org1MSP Org2MSP ,VALID, 208 6027, 208 6027,,UT,193,18884,0
2022-04-07T17:26:34.957Z,fd59c9f2042676548627df17ae8c5c7050d8e8eaf025b2eff0026d830287bd2f,Org1MSP,Func4,"[13463"",""1346300"",""10175"",""1017500""]""",Org1MSP Org2MSP ,VALID,, 10175 13463,,WT,193,18945,0
2022-04-07T17:26:34.958Z,818c17488ddcb701aef3f568afef7736f96ab8ab91344b7d8ae15f955df6e211,Org1MSP,Func4,"[10007"",""1000700"",""15826"",""1582600""]""",Org1MSP Org2MSP ,VALID,, 10007 15826,,WT,193,18900,0
2022-04-07T17:26:34.959Z,0135f959386ec668ffe0f8066b53e9bd1201735f3f92e3e5ed3362127cf2eda6,Org1MSP,Func7,"[38"",""100"",""8607"",""100""]""",Org1MSP Org2MSP ,VALID, 38 8607, 38 8607,,UT,193,18857,0
2022-04-07T17:26:34.962Z,0b5576cd27997684c320b0c3185a72c3959610f7b820ac2da3ac7d7644f20989,Org1MSP,Func1,"[13"",""306""]""",Org1MSP Org2MSP ,VALID, 13 306,,,RT,193,18862,0
2022-04-07T17:26:34.962Z,727db8ec19efd42eeeb6d25870823d3bd801800dc703f4fa11316f780b35a437,Org1MSP,Func4,"[10018"",""1001800"",""18074"",""1807400""]""",Org1MSP Org2MSP ,VALID,, 10018 18074,,WT,193,18894,0
2022-04-07T17:26:34.963Z,5bd960d80c42e5fb59603e565fb84660da4bbe36cadd65d5b8da85cf7be24ce1,Org1MSP,Func4,"[10006"",""1000600"",""10026"",""1002600""]""",Org1MSP Org2MSP ,VALID,, 10006 10026,,WT,193,18887,0
2022-04-07T17:26:34.964Z,3b1ff033e3a1dc81944143e31f1f71cafadb4f845149050d72efc8df0a532cf4,Org1MSP,Func1,"[2"",""10""]""",Org1MSP Org2MSP ,VALID, 10 2,,,RT,193,18877,0
2022-04-07T17:26:34.964Z,c1c0bc93029291face691ea0a71fe4b4bec0698cf2b4e69e5a81680f0f5752da,Org1MSP,Func7,"[1537"",""100"",""282"",""100""]""",Org1MSP Org2MSP ,VALID, 1537 282, 1537 282,,UT,193,18920,0
2022-04-07T17:26:34.966Z,a7469eaf9b4fe283cdb30fc51f22501682078e18ed84de190f5c983b238f04b2,Org1MSP,Func1,"[1"",""1""]""",Org1MSP Org2MSP ,VALID, 1,,,RT,193,18948,0
2022-04-07T17:26:35.055Z,867a348918c8b91ee04f189e92edb1870d7798b58237df10f8af39001cef40d4,Org1MSP,Func7,"[95"",""100"",""69"",""100""]""",Org1MSP Org2MSP ,VALID, 69 95, 69 95,,UT,193,18901,0
2022-04-07T17:26:35.057Z,655948a99be0889b5c3e8daae5fc8cc8d36160c89a4298a1acc6a877562535bc,Org1MSP,Func7,"[346"",""100"",""251"",""100""]""",Org1MSP Org2MSP ,VALID, 251 346, 251 346,,UT,193,18890,0
2022-04-07T17:26:35.058Z,d9382239f20a4eb48d4e5853ba06b31d46b612291f2026ccb671935fe7498fce,Org1MSP,Func4,"[10122"",""1012200"",""17297"",""1729700""]""",Org1MSP Org2MSP ,VALID,, 10122 17297,,WT,193,18931,0
2022-04-07T17:26:35.059Z,bc872c36673d4388ccd2d47c7410834d008ad1dbd00ca1bf1e409ed05666d28b,Org1MSP,Func4,"[14895"",""1489500"",""10012"",""1001200""]""",Org1MSP Org2MSP ,VALID,, 10012 14895,,WT,193,18918,0
2022-04-07T17:26:35.060Z,ac4f853b0a4715e614cf07894700128618983ea56b4c48964fe418c141df2550,Org1MSP,Func4,"[10000"",""1000000"",""13868"",""1386800""]""",Org1MSP Org2MSP ,VALID,, 10000 13868,,WT,193,18914,0
2022-04-07T17:26:35.062Z,fe417aca398ba3f5a0c343752ec4b0a905019d7f8549573cf7875a7cdb9e85bf,Org1MSP,Func4,"[10000"",""1000000"",""14387"",""1438700""]""",Org1MSP Org2MSP ,VALID,, 10000 14387,,WT,193,18946,0
2022-04-07T17:26:35.063Z,8b2597a352e736a871ccba955f644d04760de43a8a999b399b5b0ca660623ac9,Org1MSP,Func4,"[10043"",""1004300"",""15462"",""1546200""]""",Org1MSP Org2MSP ,VALID,, 10043 15462,,WT,193,18903,0
2022-04-07T17:26:35.063Z,fdfd65ba60de52a7d56ba2f059c8a74f584ab277fa9c9ed3806c0efd843adb1b,Org1MSP,Func7,"[1"",""100"",""247"",""100""]""",Org1MSP Org2MSP ,VALID, 1 247, 1 247,,UT,193,18951,0
2022-04-07T17:26:35.065Z,d0a559e3951c68665845ab9bdfdb6c4771529e91d4db2884676c9f4e1f9f70dd,Org1MSP,Func7,"[9"",""100"",""5"",""100""]""",Org1MSP Org2MSP ,VALID, 5 9, 5 9,,UT,193,18949,0
2022-04-07T17:26:35.066Z,de0f3b3333c2a4f35f52a505d3db144a5fe2f891d72ee51e9831f17064b35299,Org1MSP,Func4,"[10111"",""1011100"",""10038"",""1003800""]""",Org1MSP Org2MSP ,VALID,, 10038 10111,,WT,193,18934,0
2022-04-07T17:26:35.155Z,7ac61b9c3e680be48192bd0d1288358abb23b5051ac73ae9648ceb6aaf4fa31f,Org1MSP,Func4,"[12641"",""1264100"",""10000"",""1000000""]""",Org1MSP Org2MSP ,VALID,, 10000 12641,,WT,193,18897,0
2022-04-07T17:26:35.157Z,03202f34fa7bd4b89e559045e135b485d49231365c83b31767c41678b826cb7e,Org1MSP,Func1,"[3"",""94""]""",Org1MSP Org2MSP ,VALID, 3 94,,,RT,193,18858,0
2022-04-07T17:26:35.158Z,edbe9fba0ed4e0d9a58997bee91c61f5ea03a95e9338a5df55b1e6b33e2636b2,Org1MSP,Func4,"[16583"",""1658300"",""10025"",""1002500""]""",Org1MSP Org2MSP ,VALID,, 10025 16583,,WT,193,18939,0
2022-04-07T17:26:35.160Z,4e905d2d49aa3734e6381761415b2570be011652cb444a43031f605b72ecb755,Org1MSP,Func4,"[19392"",""1939200"",""10001"",""1000100""]""",Org1MSP Org2MSP ,VALID,, 10001 19392,,WT,193,18880,0
2022-04-07T17:26:35.160Z,c90a9a601b17f1d57975a3512fbc3d3b3a877681861c216e4052a0928efc7e62,Org1MSP,Func4,"[10084"",""1008400"",""10093"",""1009300""]""",Org1MSP Org2MSP ,VALID,, 10084 10093,,WT,193,18923,0
2022-04-07T17:26:35.161Z,bf037aebb3563419cf0c37f42ad8608033d2de25b8d157b1f051938b2851171f,Org1MSP,Func4,"[10000"",""1000000"",""10001"",""1000100""]""",Org1MSP Org2MSP ,VALID,, 10000 10001,,WT,193,18919,0
2022-04-07T17:26:35.162Z,69b6b5c294c9c2fec51831ce916e933277d7925429c9cc43824d75c07c713f1f,Org1MSP,Func4,"[10000"",""1000000"",""10004"",""1000400""]""",Org1MSP Org2MSP ,VALID,, 10000 10004,,WT,193,18892,0
2022-04-07T17:26:35.164Z,a24f2a730d20a986d88a921ec3a752d308138ca1ec917c0b85eb99a1f98ca6ec,Org1MSP,Func4,"[15279"",""1527900"",""10058"",""1005800""]""",Org1MSP Org2MSP ,VALID,, 10058 15279,,WT,193,18909,0
2022-04-07T17:26:35.182Z,b6ea55012b77d3bb6ef02cd112f3a2800488b89f1382f463f0ec6a58a49596f2,Org1MSP,Func1,"[5"",""667""]""",Org1MSP Org2MSP ,VALID, 5 667,,,RT,193,18917,0
2022-04-07T17:26:35.257Z,b992cf0e7ceaf0858f60fa8492508aff15aba31a8d23ec1844c31ce51da0b356,Org1MSP,Func4,"[10007"",""1000700"",""10012"",""1001200""]""",Org1MSP Org2MSP ,VALID,, 10007 10012,,WT,194,19020,0
2022-04-07T17:26:35.258Z,8aa6b4426c4c069e8e0481e3c3a77aaf9d1e6e4a12d9dbd910c56a0ff4cce3d7,Org1MSP,Func4,"[10062"",""1006200"",""11018"",""1101800""]""",Org1MSP Org2MSP ,VALID,, 10062 11018,,WT,194,19003,0
2022-04-07T17:26:35.259Z,b9ea2a0b83c2101018a3cddfb654ab28beebbfc84c5815639cbe69ddfb4afdb2,Org1MSP,Func4,"[10538"",""1053800"",""12270"",""1227000""]""",Org1MSP Org2MSP ,VALID,, 10538 12270,,WT,194,19021,0
2022-04-07T17:26:35.260Z,33182dd678c468b87addf791e2e8b2f768b89f77b23c3ceb0cc7608010a4c489,Org1MSP,Func4,"[10089"",""1008900"",""16441"",""1644100""]""",Org1MSP Org2MSP ,VALID,, 10089 16441,,WT,194,18969,0
2022-04-07T17:26:35.262Z,344a2e1f95e8d817a958a215f4f5456e324f3acdd7e625aa851ef165f34c268b,Org1MSP,Func4,"[13170"",""1317000"",""10001"",""1000100""]""",Org1MSP Org2MSP ,VALID,, 10001 13170,,WT,194,18970,0
2022-04-07T17:26:35.263Z,8b88f5664e8690db192b03945aa382702cae008b435afe508eee03acbfcf225f,Org1MSP,Func4,"[10095"",""1009500"",""10129"",""1012900""]""",Org1MSP Org2MSP ,VALID,, 10095 10129,,WT,194,19004,0
2022-04-07T17:26:35.264Z,0acd6a4cb49e1505de86f62a34d75cdfc17b21c1ce6b173d17f0ee19db1c7ee4,Org1MSP,Func4,"[10632"",""1063200"",""10000"",""1000000""]""",Org1MSP Org2MSP ,VALID,, 10000 10632,,WT,193,18861,0
2022-04-07T17:26:35.264Z,449460886d92bd42866bff1e9786b231753a117b5a866015855769edffec9ab0,Org1MSP,Func1,"[5"",""3346""]""",Org1MSP Org2MSP ,VALID, 3346 5,,,RT,193,18879,0
2022-04-07T17:26:35.266Z,bac0373971e4813cda9451bb3cedc223c67e014e95e288d80e286d403861db08,Org1MSP,Func1,"[7978"",""4""]""",Org1MSP Org2MSP ,VALID, 4 7978,,,RT,194,19022,0
2022-04-07T17:26:35.356Z,4261067b3496e2449ba1a43c42b27b6abd41b67eafa4cb619cdbef1336d012af,Org1MSP,Func4,"[10002"",""1000200"",""10012"",""1001200""]""",Org1MSP Org2MSP ,VALID,, 10002 10012,,WT,194,18977,0
2022-04-07T17:26:35.357Z,d46f2210e3b706858c84e0e6ab858a40a844e0d2905e6e7306576c56713bdab4,Org1MSP,Func1,"[2"",""7""]""",Org1MSP Org2MSP ,VALID, 2 7,,,RT,194,19026,0
2022-04-07T17:26:35.359Z,22760d55c48ba7167ddaeb4121e8dcc556da8e7a6d53e2fe5997df08bdda43a3,Org1MSP,Func1,"[219"",""1""]""",Org1MSP Org2MSP ,VALID, 1 219,,,RT,194,18964,0
2022-04-07T17:26:35.360Z,3a28e4d9bed42770d64513c6fe460486da48fe84da3888bb89022f2acfd1197b,Org1MSP,Func4,"[10001"",""1000100"",""10210"",""1021000""]""",Org1MSP Org2MSP ,VALID,, 10001 10210,,WT,194,18975,0
2022-04-07T17:26:35.361Z,0062e3b09f33ee1affecc881f62fe5a98745374adc978857f87a0381722f7829,Org1MSP,Func4,"[10051"",""1005100"",""10002"",""1000200""]""",Org1MSP Org2MSP ,VALID,, 10002 10051,,WT,194,18952,0
2022-04-07T17:26:35.363Z,3ad7d212533d20cc18c47d05f4c488b756cf455326175ca99708a1e295b71957,Org1MSP,Func4,"[11142"",""1114200"",""10023"",""1002300""]""",Org1MSP Org2MSP ,VALID,, 10023 11142,,WT,194,18976,0
2022-04-07T17:26:35.366Z,7ed332a102eca5510f9e0be330a3b7a5ec2fcced86cee8da084d15fa3d3bb919,Org1MSP,Func4,"[10055"",""1005500"",""19285"",""1928500""]""",Org1MSP Org2MSP ,VALID,, 10055 19285,,WT,194,18996,0
2022-04-07T17:26:35.367Z,8d805cea87cee24538fa5ad232eaa53c0cda84e44263da3ddb1ce186f7a3cf04,Org1MSP,Func4,"[10455"",""1045500"",""10000"",""1000000""]""",Org1MSP Org2MSP ,VALID,, 10000 10455,,WT,194,19006,0
2022-04-07T17:26:35.458Z,39f60781f3a38753c83b8ac549583e774490c72b2e6052a432eb81431d5cc2b6,Org1MSP,Func7,"[20"",""100"",""10"",""100""]""",Org1MSP Org2MSP ,VALID, 10 20, 10 20,,UT,194,18974,0
2022-04-07T17:26:35.459Z,5c9bd7a4fb9dd43e37a5b687b6611e8925a8c670184a38909ba6459f5ec40911,Org1MSP,Func7,"[22"",""100"",""2990"",""100""]""",Org1MSP Org2MSP ,VALID, 22 2990, 22 2990,,UT,194,18986,0
2022-04-07T17:26:35.462Z,86ad24402414e6ca93639117be80872759d8d70e64f081b70a87d5e159aeaf92,Org1MSP,Func4,"[13703"",""1370300"",""10477"",""1047700""]""",Org1MSP Org2MSP ,VALID,, 10477 13703,,WT,194,19000,0
2022-04-07T17:26:35.462Z,e00a4fe30acdae2bdf6550bb04cfe0892d09c381590f919d841de9da77adb1bc,Org1MSP,Func4,"[10296"",""1029600"",""10103"",""1010300""]""",Org1MSP Org2MSP ,VALID,, 10103 10296,,WT,194,19030,0
2022-04-07T17:26:35.464Z,32430b05e3bf2da85aec2cf273448e258673c3337b7d7ab8b7534c66b2f468ac,Org1MSP,Func1,"[4904"",""1""]""",Org1MSP Org2MSP ,VALID, 1 4904,,,RT,194,18968,0
2022-04-07T17:26:35.466Z,c01faa83185aea6a13597506d99dd11efa09b1eee60f000393483d3a38765a30,Org1MSP,Func4,"[10002"",""1000200"",""10001"",""1000100""]""",Org1MSP Org2MSP ,VALID,, 10001 10002,,WT,194,19024,0
2022-04-07T17:26:35.468Z,578a3b7bed5b3d361ccf3613e2bab93e168c395b425af3030c9b35959f54980c,Org1MSP,Func4,"[10132"",""1013200"",""10005"",""1000500""]""",Org1MSP Org2MSP ,VALID,, 10005 10132,,WT,194,18985,0
2022-04-07T17:26:35.470Z,fde8fd71eb87e98a7b6b93fb02fae81f07d43b227e6529c64db1fdfd6ab7a505,Org1MSP,Func1,"[150"",""3""]""",Org1MSP Org2MSP ,VALID, 150 3,,,RT,194,19038,0
2022-04-07T17:26:35.555Z,6c9d05144488ca45052f2418e8e9e5caec0b08c406cd729ffa20049a408fe013,Org1MSP,Func7,"[7270"",""100"",""12"",""100""]""",Org1MSP Org2MSP ,VALID, 12 7270, 12 7270,,UT,194,18990,0
2022-04-07T17:26:35.557Z,7292422e543b884beb8f966beb9cc6d28a0cdf80a4a63937e3de74353a4cc9e6,Org1MSP,Func4,"[10877"",""1087700"",""10000"",""1000000""]""",Org1MSP Org2MSP ,VALID,, 10000 10877,,WT,194,18991,0
2022-04-07T17:26:35.559Z,14ad3fd1db76259c898c87c7d9494f832e144e1e5bea0ab3365109ebbe0ffb1d,Org1MSP,Func1,"[50"",""176""]""",Org1MSP Org2MSP ,VALID, 176 50,,,RT,194,18961,0
2022-04-07T17:26:35.562Z,1b6f448c2d6964c12cd0b42304bb96263c6178ab62c05e51a4ae6879faba2f5e,Org1MSP,Func1,"[11"",""1045""]""",Org1MSP Org2MSP ,VALID, 1045 11,,,RT,194,18962,0
2022-04-07T17:26:35.563Z,f70b7190d0410c52bc29718baf8d1e6b9bf32e3efaa22b2b3debafd285226251,Org1MSP,Func4,"[10002"",""1000200"",""11202"",""1120200""]""",Org1MSP Org2MSP ,VALID,, 10002 11202,,WT,194,19037,0
2022-04-07T17:26:35.564Z,7ca297badde7a9671c9bb2cfc2e45675beb0ac3f17673c2dbeb6546180088d5f,Org1MSP,Func7,"[59"",""100"",""30"",""100""]""",Org1MSP Org2MSP ,VALID, 30 59, 30 59,,UT,194,18994,0
2022-04-07T17:26:35.564Z,d9862315e102ed90559e575a78b3768befaabd71974140f1370e0ead05d490bd,Org1MSP,Func4,"[10025"",""1002500"",""10000"",""1000000""]""",Org1MSP Org2MSP ,VALID,, 10000 10025,,WT,194,19027,0
2022-04-07T17:26:35.566Z,1cec76e9a244bb4b525619cfaf982dccaa5214e31e4f83e3ea6662684232d517,Org1MSP,Func1,"[14"",""266""]""",Org1MSP Org2MSP ,VALID, 14 266,,,RT,194,18963,0
2022-04-07T17:26:35.566Z,8db7f513b0efa65b77afb04fef6e1cfcd9dcbf001c0cb43f27b21dc690c7de4c,Org1MSP,Func1,"[19"",""7""]""",Org1MSP Org2MSP ,VALID, 19 7,,,RT,194,19007,0
2022-04-07T17:26:35.655Z,0b88d69165af15203aaf2a3431cc9a8d3e84bc5b30d5bbbdf04b636d92b0ab5f,Org1MSP,Func1,"[3"",""3354""]""",Org1MSP Org2MSP ,VALID, 3 3354,,,RT,194,18958,0
2022-04-07T17:26:35.658Z,d9a365c93d97fac4fe01fe5eee43cff58a33875f9ce0d96b7410731a366a6e1f,Org1MSP,Func1,"[166"",""535""]""",Org1MSP Org2MSP ,VALID, 166 535,,,RT,194,19028,0
2022-04-07T17:26:35.659Z,4a23e2a8a5ba87bfa4e6ae63a76a4b3c430648fbcc60c0de7f9edacd5608eec0,Org1MSP,Func4,"[10002"",""1000200"",""10487"",""1048700""]""",Org1MSP Org2MSP ,VALID,, 10002 10487,,WT,194,18981,0
2022-04-07T17:26:35.660Z,2d7da1dc0328bee3b14985bb756e3c5f8152239b0046d9ccb479ae8f76961a36,Org1MSP,Func1,"[151"",""5""]""",Org1MSP Org2MSP ,VALID, 151 5,,,RT,194,18966,0
2022-04-07T17:26:35.660Z,e57218510889df19e02be5792a691081b195ef9428d2faab253f4cbb92cb515e,Org1MSP,Func4,"[18891"",""1889100"",""10182"",""1018200""]""",Org1MSP Org2MSP ,VALID,, 10182 18891,,WT,194,19033,0
2022-04-07T17:26:35.661Z,04e85e08a92b44bbd8dbafc6185e57ee998d06145814e0746a38bf8f75303027,Org1MSP,Func4,"[11638"",""1163800"",""10007"",""1000700""]""",Org1MSP Org2MSP ,VALID,, 10007 11638,,WT,194,18954,0
2022-04-07T17:26:35.662Z,2b8e8889fed2dc9e7bb56d19d0c699b2aff4d81cbe6f7db5c7675d7d16f3ab43,Org1MSP,Func7,"[193"",""100"",""9927"",""100""]""",Org1MSP Org2MSP ,VALID, 193 9927, 193 9927,,UT,194,18965,0
2022-04-07T17:26:35.663Z,a8d3f404dde2a0efc3c0255b1bd4b9a0b75a0ec2c9d2cef25bf77f7eaf8f34c6,Org1MSP,Func7,"[470"",""100"",""970"",""100""]""",Org1MSP Org2MSP ,VALID, 470 970, 470 970,,UT,194,19015,0
2022-04-07T17:26:35.665Z,6a000659ed373c1910abe9079c46c50ae99e4161feb3504807056d58cf96f40d,Org1MSP,Func1,"[6"",""195""]""",Org1MSP Org2MSP ,VALID, 195 6,,,RT,194,18989,0
2022-04-07T17:26:35.668Z,d9d3231bb75227febf3e28d22a9b5a1293eae5cceebebdc1af40eca0c4ee02a9,Org1MSP,Func4,"[10008"",""1000800"",""10652"",""1065200""]""",Org1MSP Org2MSP ,VALID,, 10008 10652,,WT,194,19029,0
2022-04-07T17:26:35.755Z,42d01e7cd67f7ebf699de2dd77165a91de0f0a23ccd987f1123743432f5c1204,Org1MSP,Func1,"[3"",""386""]""",Org1MSP Org2MSP ,VALID, 3 386,,,RT,194,18979,0
2022-04-07T17:26:35.758Z,871b007c43c6246e31b5c0d5b7aaba08b0628306f1f27f18fe33246fbbe10018,Org1MSP,Func4,"[10040"",""1004000"",""10631"",""1063100""]""",Org1MSP Org2MSP ,VALID,, 10040 10631,,WT,194,19001,0
2022-04-07T17:26:35.758Z,8a3e09ace39e73eb235540b480208f16a9626101eaa212a868cf482c718e537e,Org1MSP,Func4,"[10257"",""1025700"",""10974"",""1097400""]""",Org1MSP Org2MSP ,VALID,, 10257 10974,,WT,194,19002,0
2022-04-07T17:26:35.759Z,8c7477610ee798e49a3016d590055756c571ee0adcec7d11c98515058e97e586,Org1MSP,Func4,"[10220"",""1022000"",""18232"",""1823200""]""",Org1MSP Org2MSP ,VALID,, 10220 18232,,WT,194,19005,0
2022-04-07T17:26:35.760Z,bcd76311097ff4482ed7d0e3bce211680c3b049bc95e5ff1fdc0846b1dc6b166,Org1MSP,Func4,"[10312"",""1031200"",""10026"",""1002600""]""",Org1MSP Org2MSP ,VALID,, 10026 10312,,WT,194,19023,0
2022-04-07T17:26:35.762Z,ff0ec7a35d9e0514748070e6bffaa9ca161d335cc1e118cb8f6f8fc4d1996a71,Org1MSP,Func4,"[10000"",""1000000"",""10160"",""1016000""]""",Org1MSP Org2MSP ,VALID,, 10000 10160,,WT,194,19039,0
2022-04-07T17:26:35.763Z,7cd5665a17812ca7e00139387381e3f6ea46c4c6439693216b134c9fdb9d40b6,Org1MSP,Func4,"[10003"",""1000300"",""12074"",""1207400""]""",Org1MSP Org2MSP ,VALID,, 10003 12074,,WT,194,18995,0
2022-04-07T17:26:35.764Z,e6741b20a26163dc719eceecb3c4d89a54b7b8f8e6b46308330e0c24ea86da67,Org1MSP,Func4,"[10020"",""1002000"",""10001"",""1000100""]""",Org1MSP Org2MSP ,VALID,, 10001 10020,,WT,194,19034,0
2022-04-07T17:26:35.766Z,0edd200504f323fd5cc24431eac04773d9b12c1ef52443583ae7583e55a30849,Org1MSP,Func4,"[12888"",""1288800"",""11713"",""1171300""]""",Org1MSP Org2MSP ,VALID,, 11713 12888,,WT,194,18959,0
2022-04-07T17:26:35.855Z,b13925686e2dcbff0ab184d5a370c92450506ea7f029a48c96354264ac03912f,Org1MSP,Func1,"[94"",""1384""]""",Org1MSP Org2MSP ,VALID, 1384 94,,,RT,194,19017,0
2022-04-07T17:26:35.857Z,a31097a230771abfb6126d8c1443f0de6c40690c962527f2edf017be484a1d7b,Org1MSP,Func4,"[10005"",""1000500"",""10215"",""1021500""]""",Org1MSP Org2MSP ,VALID,, 10005 10215,,WT,194,19011,0
2022-04-07T17:26:35.858Z,c2184007c60a6017d390c441c78dcf838140476ec988f7cb4d44b584ddf45372,Org1MSP,Func7,"[26"",""100"",""2"",""100""]""",Org1MSP Org2MSP ,VALID, 2 26, 2 26,,UT,194,19048,0
2022-04-07T17:26:35.859Z,0ab9605910f624b6fc0719c19f4508825693c452298adbd0c89d172eccb9b470,Org1MSP,Func4,"[10000"",""1000000"",""10860"",""1086000""]""",Org1MSP Org2MSP ,VALID,, 10000 10860,,WT,194,18956,0
2022-04-07T17:26:35.859Z,662890be71daac0ddac3b905d0c0e3414f9ce2be63c088425673d1b9be0f456a,Org1MSP,Func7,"[7307"",""100"",""1"",""100""]""",Org1MSP Org2MSP ,VALID, 1 7307, 1 7307,,UT,194,19047,0
2022-04-07T17:26:35.862Z,613b61111dc31447445a3c4074b94140921ef33e28d2a15076005f20a5c6aca8,Org1MSP,Func1,"[4"",""6""]""",Org1MSP Org2MSP ,VALID, 4 6,,,RT,194,18988,0
2022-04-07T17:26:35.863Z,35aa20979984da9548da6f10e5bbbd860fb8ab4b9150ebd30e9b2a5d2dca4fda,Org1MSP,Func4,"[10023"",""1002300"",""10000"",""1000000""]""",Org1MSP Org2MSP ,VALID,, 10000 10023,,WT,194,18971,0
2022-04-07T17:26:35.865Z,a736be3e96698647f323fc01b3f81e2b4a5349708f64f2b52e826e6ff98a935d,Org1MSP,Func4,"[10132"",""1013200"",""18750"",""1875000""]""",Org1MSP Org2MSP ,VALID,, 10132 18750,,WT,194,19012,0
2022-04-07T17:26:35.866Z,04edf173d64334372b0e1563f4cf9efaa6893f76e106b65300e15998c177116c,Org1MSP,Func4,"[10080"",""1008000"",""16323"",""1632300""]""",Org1MSP Org2MSP ,VALID,, 10080 16323,,WT,194,18955,0
2022-04-07T17:26:35.866Z,5f5b01d68fefbfc37e670406049a355502f9b4bcf854c317699dd7f7e1300e6e,Org1MSP,Func4,"[10005"",""1000500"",""10004"",""1000400""]""",Org1MSP Org2MSP ,VALID,, 10004 10005,,WT,194,18987,0
2022-04-07T17:26:35.959Z,9b5d35122919bb2ca12ea011140cf44ebf31f3d328fff681e1404c73aebf4de6,Org1MSP,Func7,"[2922"",""100"",""262"",""100""]""",Org1MSP Org2MSP ,VALID, 262 2922, 262 2922,,UT,194,19009,0
2022-04-07T17:26:35.961Z,c8b9e429e661b83c9e902a4a4c85ec7b50e5abb60f855fd6247120f4694ae42e,Org1MSP,Func1,"[3"",""1041""]""",Org1MSP Org2MSP ,VALID, 1041 3,,,RT,194,19025,0
2022-04-07T17:26:35.962Z,36115a863c368826b584700af025458da930eb633378e8dca5ec0e8a0f701792,Org1MSP,Func4,"[10351"",""1035100"",""10007"",""1000700""]""",Org1MSP Org2MSP ,VALID,, 10007 10351,,WT,194,18972,0
2022-04-07T17:26:35.963Z,5fa1fec5f06560bc85539cc6dea9922662bf3600b0bc27d7a9c0d3b9a86f6098,Org1MSP,Func7,"[3"",""100"",""1556"",""100""]""",Org1MSP Org2MSP ,VALID, 1556 3, 1556 3,,UT,194,19046,0
2022-04-07T17:26:35.965Z,428a6ca0b3bca97ddcb30ade7da84648d308d872d195636620103174bcb8f37c,Org1MSP,Func1,"[51"",""33""]""",Org1MSP Org2MSP ,VALID, 33 51,,,RT,194,18978,0
2022-04-07T17:26:35.965Z,627ad8fd3ef4bb63af27938d24115c31d27132ec0d731f8692fa3a3c4f44acd6,Org1MSP,Func7,"[6"",""100"",""21"",""100""]""",Org1MSP Org2MSP ,VALID, 21 6, 21 6,,UT,194,19042,0
2022-04-07T17:26:35.969Z,0af7c2996cd9614fa64fc49de389693da04380dd037bc2250df3656e43c9719b,Org1MSP,Func1,"[1376"",""147""]""",Org1MSP Org2MSP ,VALID, 1376 147,,,RT,194,18957,0
2022-04-07T17:26:35.971Z,01da92508ee4a58edfe6b58a9c6faa9cf70e7515135da5cdd7c608569aeb06e1,Org1MSP,Func4,"[10086"",""1008600"",""10070"",""1007000""]""",Org1MSP Org2MSP ,VALID,, 10070 10086,,WT,194,18953,0
2022-04-07T17:26:35.972Z,8fa21af629761c55cfc9b839cba59f5baf524e90f09a1865603411bf3d3b6cbe,Org1MSP,Func7,"[54"",""100"",""80"",""100""]""",Org1MSP Org2MSP ,VALID, 54 80, 54 80,,UT,194,19008,0
2022-04-07T17:26:36.055Z,f1d647de26acb34f7a9ae9fc13e985f68bfa332ad320c05283a6e4b396ba4dfe,Org1MSP,Func1,"[9829"",""7845""]""",Org1MSP Org2MSP ,VALID, 7845 9829,,,RT,194,19035,0
2022-04-07T17:26:36.057Z,740daf8e417e5105cf9b9775c2fadb2bfe505e7ee53903802eafa756c598415d,Org1MSP,Func4,"[10301"",""1030100"",""10000"",""1000000""]""",Org1MSP Org2MSP ,VALID,, 10000 10301,,WT,194,18993,0
2022-04-07T17:26:36.057Z,0e4898e7e4cc7aef298cda6d26649e7f9428d34225045d8a5eb795c5ee9741eb,Org1MSP,Func7,"[42"",""100"",""94"",""100""]""",Org1MSP Org2MSP ,VALID, 42 94, 42 94,,UT,194,19045,0
2022-04-07T17:26:36.059Z,b411538cf52776fe484fa0c5061c2841b718d373426d46b5a537fdf3a673d7f4,Org1MSP,Func1,"[276"",""520""]""",Org1MSP Org2MSP ,VALID, 276 520,,,RT,194,19019,0
2022-04-07T17:26:36.061Z,4ca98869e5fbf5b0188f71b771dd76aa1b9e4ccb502b15a5d427df8d2f4d3f0f,Org1MSP,Func4,"[10639"",""1063900"",""10001"",""1000100""]""",Org1MSP Org2MSP ,VALID,, 10001 10639,,WT,194,18982,0
2022-04-07T17:26:36.061Z,acfe255eac4f47cdb86afb5db640cf8355fbedf757d98ecef587fcc85e3e6d2b,Org1MSP,Func4,"[17671"",""1767100"",""10149"",""1014900""]""",Org1MSP Org2MSP ,VALID,, 10149 17671,,WT,194,19016,0
2022-04-07T17:26:36.063Z,0fdc3bbdc3ad1ddeb9bee73d30d89fdb227a04f3f28c489a0df5168dc90fefe2,Org1MSP,Func1,"[5"",""39""]""",Org1MSP Org2MSP ,VALID, 39 5,,,RT,194,18960,0
2022-04-07T17:26:36.063Z,8697a3c0226c6f590d940d410147fc2003dcc10f5911778b608c2b9c9796b5b1,Org1MSP,Func1,"[38"",""2""]""",Org1MSP Org2MSP ,VALID, 2 38,,,RT,194,19044,0
2022-04-07T17:26:36.064Z,b2e823f5b567e5d86a563c0ae2dfd7b5fcc90d532591c97b087524d82d0a7a80,Org1MSP,Func1,"[9729"",""521""]""",Org1MSP Org2MSP ,VALID, 521 9729,,,RT,194,19018,0
2022-04-07T17:26:36.066Z,c4525620214287f3a2df913c676371bbcec86cbb9c9a47bcd0350d46de413648,Org1MSP,Func7,"[1426"",""100"",""4"",""100""]""",Org1MSP Org2MSP ,VALID, 1426 4, 1426 4,,UT,194,19043,0
2022-04-07T17:26:36.154Z,48bf33b9219720ad7a8dfc574b8356b000a3922fd4ab81c2dc6f215f2f4757bd,Org1MSP,Func4,"[10002"",""1000200"",""10001"",""1000100""]""",Org1MSP Org2MSP ,VALID,, 10001 10002,,WT,194,18980,0
2022-04-07T17:26:36.159Z,4fc9cc6c042b2f453a0dec67c85f322c5dcb849487a60211bb593eb2f320582a,Org1MSP,Func4,"[10784"",""1078400"",""10392"",""1039200""]""",Org1MSP Org2MSP ,VALID,, 10392 10784,,WT,194,18983,0
2022-04-07T17:26:36.159Z,82290f6c5b405dad5085a3079d778b8b2daa373191c0a9f9bdcb4db92b0d4bce,Org1MSP,Func4,"[10800"",""1080000"",""10052"",""1005200""]""",Org1MSP Org2MSP ,VALID,, 10052 10800,,WT,194,18998,0
2022-04-07T17:26:36.159Z,847a3d711388a29d60a50c65e08fbe5c66c0a4471f81fe0e628a8ea0b14033ef,Org1MSP,Func1,"[6996"",""4948""]""",Org1MSP Org2MSP ,VALID, 4948 6996,,,RT,194,18999,0
2022-04-07T17:26:36.160Z,311d815d1ed7dddcd528e922d747a136fd6dd9c70a83738f5a76579998396c0d,Org1MSP,Func4,"[10001"",""1000100"",""10058"",""1005800""]""",Org1MSP Org2MSP ,VALID,, 10001 10058,,WT,194,18967,0
2022-04-07T17:26:36.160Z,f5d236ee7e8515fdd1c0f1453ed4ffa18ad55f5a89a0d23cea45779ff8af740d,Org1MSP,Func1,"[94"",""1276""]""",Org1MSP Org2MSP ,VALID, 1276 94,,,RT,194,19036,0
2022-04-07T17:26:36.162Z,8103373c7301de696f1870a5e8aab235b5c6da07acd8be45dc84d58e9aa191ac,Org1MSP,Func7,"[13"",""100"",""634"",""100""]""",Org1MSP Org2MSP ,VALID, 13 634, 13 634,,UT,194,18997,0
2022-04-07T17:26:36.163Z,e4de972eabfe89dcb687210c93bf52e9343d7e273b91a455e7fdcf7e60254d09,Org1MSP,Func1,"[7909"",""157""]""",Org1MSP Org2MSP ,VALID, 157 7909,,,RT,194,19032,0
2022-04-07T17:26:36.164Z,e2f111eb2b127c7d022ed75b5362a203853f57a2cf62baf64578fdfd697ed0ff,Org1MSP,Func4,"[10000"",""1000000"",""10391"",""1039100""]""",Org1MSP Org2MSP ,VALID,, 10000 10391,,WT,194,19031,0
2022-04-07T17:26:36.166Z,3915f0077e7c0f7ce915492a6dc0366cf556a672a561ad287c023b8dd7845ea6,Org1MSP,Func4,"[10005"",""1000500"",""12436"",""1243600""]""",Org1MSP Org2MSP ,VALID,, 10005 12436,,WT,194,18973,0
2022-04-07T17:26:36.255Z,735a1ad12cc4187ec996180f7120f109bbd43973aea9fea208a43211e257e456,Org1MSP,Func4,"[10039"",""1003900"",""10368"",""1036800""]""",Org1MSP Org2MSP ,VALID,, 10039 10368,,WT,194,18992,0
2022-04-07T17:26:36.257Z,53aaeab16f837881f7be43fc8d5db93f1aafbce885e225d64bc9fd06f34c65fd,Org1MSP,Func4,"[18112"",""1811200"",""10011"",""1001100""]""",Org1MSP Org2MSP ,VALID,, 10011 18112,,WT,194,18984,0
2022-04-07T17:26:36.258Z,a151cdb9cd3b590840cd858902dce15b909b8b0d437dd1e8f8fa558fe786e1b6,Org1MSP,Func4,"[10155"",""1015500"",""12570"",""1257000""]""",Org1MSP Org2MSP ,VALID,, 10155 12570,,WT,194,19010,0
2022-04-07T17:26:36.260Z,a812d6e5b983061902f2939cef0cb0a3bdabb3841121c0d08fd2dd7e51bba252,Org1MSP,Func4,"[10318"",""1031800"",""10000"",""1000000""]""",Org1MSP Org2MSP ,VALID,, 10000 10318,,WT,194,19013,0
2022-04-07T17:26:36.263Z,1d4419e2b066f4f0f223305a3f3adbe061171b527efcfbff8eb46945cfd7301d,Org1MSP,Func7,"[2671"",""100"",""14"",""100""]""",Org1MSP Org2MSP ,VALID, 14 2671, 14 2671,,UT,194,19040,0
2022-04-07T17:26:36.263Z,65ac42cfcc699b72dfc6be1509547f04b2af53497923f3fbbf4a7337cd6d6620,Org1MSP,Func1,"[4046"",""1""]""",Org1MSP Org2MSP ,VALID, 1 4046,,,RT,194,19041,0
2022-04-07T17:26:36.266Z,a86d4ed8e717c8efebce6c96cdb31ff93e8198a56a23c9552a729cfa46ffcdc1,Org1MSP,Func4,"[10003"",""1000300"",""10001"",""1000100""]""",Org1MSP Org2MSP ,VALID,, 10001 10003,,WT,194,19014,0
2022-04-07T17:26:36.354Z,353390f5e3a91d31a161ed0e65a121bb698e647e6b26b4b669add55944ee164e,Org1MSP,Func4,"[10015"",""1001500"",""10000"",""1000000""]""",Org1MSP Org2MSP ,VALID,, 10000 10015,,WT,195,19066,0
2022-04-07T17:26:36.358Z,0bd89e606338bcff7c401f2b9910c6e07bacf8d4356f3ecef354e2f178d960e3,Org1MSP,Func4,"[10002"",""1000200"",""10041"",""1004100""]""",Org1MSP Org2MSP ,VALID,, 10002 10041,,WT,195,19052,0
2022-04-07T17:26:36.359Z,9690105112d7d0f828d0dafc662f368f204298f22e39dff0ad092b1962dd2d00,Org1MSP,Func4,"[10569"",""1056900"",""10001"",""1000100""]""",Org1MSP Org2MSP ,VALID,, 10001 10569,,WT,195,19103,0
2022-04-07T17:26:36.360Z,221c3651e0d4acd106999b92f84f47124ee1cc153b5f4cb1fd2b2abd117ba373,Org1MSP,Func4,"[10504"",""1050400"",""10001"",""1000100""]""",Org1MSP Org2MSP ,VALID,, 10001 10504,,WT,195,19057,0
2022-04-07T17:26:36.361Z,784241fc43ae9748fd6b1a25031f51a4afc61a69ac3d66374632040aa2d81504,Org1MSP,Func4,"[10119"",""1011900"",""10007"",""1000700""]""",Org1MSP Org2MSP ,VALID,, 10007 10119,,WT,195,19092,0
2022-04-07T17:26:36.361Z,88f4f9ee58d7cf94ceb06030c5005f073432f13e55780b22b178e743b779378c,Org1MSP,Func4,"[10035"",""1003500"",""10002"",""1000200""]""",Org1MSP Org2MSP ,VALID,, 10002 10035,,WT,195,19096,0
2022-04-07T17:26:36.362Z,5717829556af2403a57c0e3a325ff2f41983e0c0b77e747b7636b8b7e7acfcfc,Org1MSP,Func4,"[10009"",""1000900"",""11321"",""1132100""]""",Org1MSP Org2MSP ,VALID,, 10009 11321,,WT,195,19080,0
2022-04-07T17:26:36.363Z,4c9cc48e2c57d4bb6e1d6fd5434f91a4053873f124f3fb408005c60c7f679555,Org1MSP,Func4,"[10433"",""1043300"",""10324"",""1032400""]""",Org1MSP Org2MSP ,VALID,, 10324 10433,,WT,195,19076,0
2022-04-07T17:26:36.364Z,73afd6ce5de78c901dcb3a2c89f467761e8e2a72da9d63673283915840401e4f,Org1MSP,Func4,"[10478"",""1047800"",""14286"",""1428600""]""",Org1MSP Org2MSP ,VALID,, 10478 14286,,WT,195,19087,0
2022-04-07T17:26:36.366Z,8b4820445469357983b28466f03be5f4d302f6ebec08b7e50a524b33dfb84414,Org1MSP,Func1,"[662"",""2""]""",Org1MSP Org2MSP ,VALID, 2 662,,,RT,195,19098,0
2022-04-07T17:26:36.455Z,c1ae9728d7306aaa1e82f616859811341dc5de6fbfb769de26e7ddd44c70a916,Org1MSP,Func1,"[32"",""8""]""",Org1MSP Org2MSP ,VALID, 32 8,,,RT,195,19114,0
2022-04-07T17:26:36.458Z,2547867e7dbb128645a680a3dbc3fb69231e2706d01978ca6fa01ed89450da97,Org1MSP,Func4,"[10001"",""1000100"",""10000"",""1000000""]""",Org1MSP Org2MSP ,VALID,, 10000 10001,,WT,195,19059,0
2022-04-07T17:26:36.458Z,f4a0533bab85cc640c2d6914862bbcd08344597655e295f59d53e004856cb556,Org1MSP,Func4,"[10007"",""1000700"",""12445"",""1244500""]""",Org1MSP Org2MSP ,VALID,, 10007 12445,,WT,195,19131,0
2022-04-07T17:26:36.460Z,020c5658cc7b5ad429f3f18505b9f4ab4cacff58ec8bdb844578f93e5fff6e6a,Org1MSP,Func4,"[19323"",""1932300"",""10173"",""1017300""]""",Org1MSP Org2MSP ,VALID,, 10173 19323,,WT,195,19050,0
2022-04-07T17:26:36.460Z,a345b82aaea93a9aaff841bac0942cc4b2fd4c22c5dc6b3f66efa7aeb7da7c9e,Org1MSP,Func7,"[3476"",""100"",""2125"",""100""]""",Org1MSP Org2MSP ,VALID, 2125 3476, 2125 3476,,UT,195,19109,0
2022-04-07T17:26:36.462Z,e1e290c11fb6cbf932eb8a0e96b0877d9a71760f3830747c2ab524ee1232316f,Org1MSP,Func4,"[10166"",""1016600"",""10109"",""1010900""]""",Org1MSP Org2MSP ,VALID,, 10109 10166,,WT,195,19124,0
2022-04-07T17:26:36.462Z,fb13e20726d84510ead42776af0d712de44607e0fedd98f21312fb7b109c1202,Org1MSP,Func4,"[10027"",""1002700"",""11013"",""1101300""]""",Org1MSP Org2MSP ,VALID,, 10027 11013,,WT,195,19133,0
2022-04-07T17:26:36.463Z,94f9873b6261e9af0bcc0d36b2870712acef1092c123c175ca01693c4e0fe996,Org1MSP,Func1,"[27"",""328""]""",Org1MSP Org2MSP ,VALID, 27 328,,,RT,195,19102,0
2022-04-07T17:26:36.466Z,3ed75b3be3462f724aadeb391a7a34d363fecf3401c92cd1fcb2d1917dd05107,Org1MSP,Func1,"[672"",""335""]""",Org1MSP Org2MSP ,VALID, 335 672,,,RT,195,19070,0
2022-04-07T17:26:36.554Z,3fb316104d39545dc35e77d9ab8db91e53da1cb687e1a43f97475f5bdb53d735,Org1MSP,Func4,"[10090"",""1009000"",""10391"",""1039100""]""",Org1MSP Org2MSP ,VALID,, 10090 10391,,WT,195,19071,0
2022-04-07T17:26:36.557Z,90bef11f686f15863a857746a5b190f91e7957427370fa1604726a5139efa9ea,Org1MSP,Func4,"[13842"",""1384200"",""10000"",""1000000""]""",Org1MSP Org2MSP ,VALID,, 10000 13842,,WT,195,19101,0
2022-04-07T17:26:36.559Z,4a845d39ce5922a23d8bfc526457a6fe9ab768aafe965cf1eedf825c44cbab75,Org1MSP,Func4,"[10442"",""1044200"",""10017"",""1001700""]""",Org1MSP Org2MSP ,VALID,, 10017 10442,,WT,195,19074,0
2022-04-07T17:26:36.559Z,a17864e929721cf8bf5c4180bedf3ee2da4db9417f697b0411cc40db4e111c33,Org1MSP,Func4,"[10158"",""1015800"",""10024"",""1002400""]""",Org1MSP Org2MSP ,VALID,, 10024 10158,,WT,195,19106,0
2022-04-07T17:26:36.559Z,c7398309463c7ae70e9e308924d853a0615b0604a19b76e33427aa56444d9c32,Org1MSP,Func4,"[14012"",""1401200"",""10173"",""1017300""]""",Org1MSP Org2MSP ,VALID,, 10173 14012,,WT,195,19119,0
2022-04-07T17:26:36.560Z,6cf385c067c019c34f85cf8241d1ce48dc30ba4fe3fda6337300d33f9e9f7b1c,Org1MSP,Func4,"[11026"",""1102600"",""10007"",""1000700""]""",Org1MSP Org2MSP ,VALID,, 10007 11026,,WT,195,19084,0
2022-04-07T17:26:36.563Z,8c3774f9e4cd37926c42676e4f7e9f30c3e9bc603fc290dfc338744e00532ba6,Org1MSP,Func4,"[11294"",""1129400"",""10012"",""1001200""]""",Org1MSP Org2MSP ,VALID,, 10012 11294,,WT,195,19099,0
2022-04-07T17:26:36.566Z,67f9c7516509903d15a7be350455817e274c171040a34c44aa4c0149779caa9c,Org1MSP,Func4,"[17784"",""1778400"",""16818"",""1681800""]""",Org1MSP Org2MSP ,VALID,, 16818 17784,,WT,195,19083,0
2022-04-07T17:26:36.567Z,caceb39dfb73baba9ab20e09ec20c23e07b016833c1e9c40de609a1a6f0ea972,Org1MSP,Func4,"[13788"",""1378800"",""10002"",""1000200""]""",Org1MSP Org2MSP ,VALID,, 10002 13788,,WT,195,19121,0
2022-04-07T17:26:36.654Z,0e57617be3f662ff347c0b84e17ddf7f4bbc684548c55d28dd0ca6760f7676c8,Org1MSP,Func4,"[10011"",""1001100"",""10029"",""1002900""]""",Org1MSP Org2MSP ,VALID,, 10011 10029,,WT,195,19053,0
2022-04-07T17:26:36.657Z,c555d5c0b248d1c8a2a50bf560b31426e1c20e8131ceef105d31a1a113acbe5e,Org1MSP,Func4,"[10000"",""1000000"",""10075"",""1007500""]""",Org1MSP Org2MSP ,VALID,, 10000 10075,,WT,195,19118,0
2022-04-07T17:26:36.658Z,dba0d3a008218e56e3a8df5c86f0733c5a8be43688845abeb1d8549963819e2a,Org1MSP,Func4,"[10065"",""1006500"",""10005"",""1000500""]""",Org1MSP Org2MSP ,VALID,, 10005 10065,,WT,195,19123,0
2022-04-07T17:26:36.660Z,6f8eea1d4dbf50a32d6b46f2feb4d863030774066c322f0dd575c59605a3de25,Org1MSP,Func4,"[10000"",""1000000"",""10670"",""1067000""]""",Org1MSP Org2MSP ,VALID,, 10000 10670,,WT,195,19086,0
2022-04-07T17:26:36.661Z,3a6bcc529b8406bcbd99244d1a463c9ae53c5b52a8a51430e5a41e3013cf2c5a,Org1MSP,Func7,"[176"",""100"",""169"",""100""]""",Org1MSP Org2MSP ,VALID, 169 176, 169 176,,UT,195,19067,0
2022-04-07T17:26:36.663Z,4d802e88481188b85ffebc02c28c2d8c4cfcca4652c6e91718dbc4cf79927ab9,Org1MSP,Func4,"[10207"",""1020700"",""10016"",""1001600""]""",Org1MSP Org2MSP ,VALID,, 10016 10207,,WT,195,19077,0
2022-04-07T17:26:36.664Z,0524d080f392cbadd91f75a7cf9d57f762f8d0fb3afd6c9401cd0afeb06de1de,Org1MSP,Func4,"[10001"",""1000100"",""10155"",""1015500""]""",Org1MSP Org2MSP ,VALID,, 10001 10155,,WT,195,19051,0
2022-04-07T17:26:36.664Z,250d1bf46c531320ef357bf3cd4e57ac5211ed3d5021d18c79e7e6cda6a142ab,Org1MSP,Func4,"[10003"",""1000300"",""10011"",""1001100""]""",Org1MSP Org2MSP ,VALID,, 10003 10011,,WT,195,19058,0
2022-04-07T17:26:36.667Z,b72beec7b898c8a0f00e641d54cccb3b5e2855859db47d4b3018ffa67a3e8f9c,Org1MSP,Func1,"[1203"",""18""]""",Org1MSP Org2MSP ,VALID, 1203 18,,,RT,195,19111,0
2022-04-07T17:26:36.754Z,2c24e1e1de8a06b5df78fba79dbb4df489f8060b53bd11bc4e4dbf6751606f97,Org1MSP,Func4,"[12182"",""1218200"",""10775"",""1077500""]""",Org1MSP Org2MSP ,VALID,, 10775 12182,,WT,195,19061,0
2022-04-07T17:26:36.756Z,78290b6f5dcdf98acb29ed2c5e7a7610902cf686fed0d8989f2f5f0c8c89b69d,Org1MSP,Func1,"[37"",""14""]""",Org1MSP Org2MSP ,VALID, 14 37,,,RT,195,19091,0
2022-04-07T17:26:36.757Z,c2e2b4775f2902aee7c8f03003e7c4aa2663bf9cba54df47c3a279c926934a8e,Org1MSP,Func4,"[10097"",""1009700"",""10000"",""1000000""]""",Org1MSP Org2MSP ,VALID,, 10000 10097,,WT,195,19116,0
2022-04-07T17:26:36.759Z,8f183ae314e38837ff64f2941922f77adcd0167a8623ef3e7701e20c129769d9,Org1MSP,Func1,"[7"",""1""]""",Org1MSP Org2MSP ,VALID, 1 7,,,RT,195,19100,0
2022-04-07T17:26:36.760Z,82c9ef14f7331e460e2c019d5997b8d225cf65fb72a11b34624109c52d46e31c,Org1MSP,Func4,"[10021"",""1002100"",""10004"",""1000400""]""",Org1MSP Org2MSP ,VALID,, 10004 10021,,WT,195,19094,0
2022-04-07T17:26:36.761Z,3388f29b2def2a67aafdecd0cd6d8ae807735593737763c245871760d571fe76,Org1MSP,Func4,"[10000"",""1000000"",""11801"",""1180100""]""",Org1MSP Org2MSP ,VALID,, 10000 11801,,WT,195,19065,0
2022-04-07T17:26:36.763Z,3c6d8e2a7686c2a286cfdd200a921a125ee564a2c893769a20bb7e7707e0b7cb,Org1MSP,Func4,"[10011"",""1001100"",""10350"",""1035000""]""",Org1MSP Org2MSP ,VALID,, 10011 10350,,WT,195,19069,0
2022-04-07T17:26:36.763Z,e6b2d2dfc208ea90a9b0651efe99c23868945d55a54510f8eb0ee0c6060be3df,Org1MSP,Func7,"[163"",""100"",""3310"",""100""]""",Org1MSP Org2MSP ,VALID, 163 3310, 163 3310,,UT,195,19135,0
2022-04-07T17:26:36.765Z,678a2bc7c64484d87a35a2bc0faead72b9a728733fe65468680bd18ece61c7ca,Org1MSP,Func7,"[7"",""100"",""2"",""100""]""",Org1MSP Org2MSP ,VALID, 2 7, 2 7,,UT,195,19140,0
2022-04-07T17:26:36.766Z,7ce8efc9d7af277b92b5b3a1bd470bed34d1463c6e647689a85a97fc96e48298,Org1MSP,Func4,"[11328"",""1132800"",""15758"",""1575800""]""",Org1MSP Org2MSP ,VALID,, 11328 15758,,WT,195,19093,0
2022-04-07T17:26:36.855Z,c99e9fe12cfcf36308cca6eaba04c52346ad74cab46424ae99499e70c71633e4,Org1MSP,Func4,"[10001"",""1000100"",""12405"",""1240500""]""",Org1MSP Org2MSP ,VALID,, 10001 12405,,WT,195,19120,0
2022-04-07T17:26:36.857Z,42387f767522eed59c3549c3fbf7d24d1ae43ee7113657cebdae5c13c61625dc,Org1MSP,Func1,"[25"",""163""]""",Org1MSP Org2MSP ,VALID, 163 25,,,RT,195,19072,0
2022-04-07T17:26:36.860Z,49eeb5542d1199df53b5659dfb40daca0d2667f72d053fe2837c12ffa9b54807,Org1MSP,Func4,"[10050"",""1005000"",""10070"",""1007000""]""",Org1MSP Org2MSP ,VALID,, 10050 10070,,WT,195,19073,0
2022-04-07T17:26:36.860Z,73dcb31c4e436247971b8b855d120080ae7f129a9e607a0caab423dc1163b859,Org1MSP,Func4,"[10010"",""1001000"",""14390"",""1439000""]""",Org1MSP Org2MSP ,VALID,, 10010 14390,,WT,195,19089,0
2022-04-07T17:26:36.860Z,ea9f56efe48545dc0277b569803aed9cf927dd959c760a38f7c171030f5d40cc,Org1MSP,Func4,"[10013"",""1001300"",""10026"",""1002600""]""",Org1MSP Org2MSP ,VALID,, 10013 10026,,WT,195,19128,0
2022-04-07T17:26:36.862Z,12ebd26dcc3e7e8a2f7efa8cc42f962e77822181d7df82d8b68de50332001138,Org1MSP,Func4,"[10045"",""1004500"",""10001"",""1000100""]""",Org1MSP Org2MSP ,VALID,, 10001 10045,,WT,195,19054,0
2022-04-07T17:26:36.862Z,6875a94c3b6c5d7fa10594f5f7caefbcf4d2d40251872a9ae79e7b541c0ed74e,Org1MSP,Func7,"[50"",""100"",""8"",""100""]""",Org1MSP Org2MSP ,VALID, 50 8, 50 8,,UT,195,19139,0
2022-04-07T17:26:36.865Z,3be76d895c3f5fc60225d63e137e99b80d347c996bb8527ac7312096844fa866,Org1MSP,Func7,"[5044"",""100"",""1890"",""100""]""",Org1MSP Org2MSP ,VALID, 1890 5044, 1890 5044,,UT,195,19068,0
2022-04-07T17:26:36.868Z,ee77705fffacbaeb2ffb01bb3c1e6b8f393cddc7292e4d7bd616e4cb6af03b66,Org1MSP,Func7,"[3"",""100"",""5"",""100""]""",Org1MSP Org2MSP ,VALID, 3 5, 3 5,,UT,195,19138,0
2022-04-07T17:26:36.957Z,01239ab33f79f3527fb687a0cf55b562f9234098a0a50e677c0a46e7112251a3,Org1MSP,Func4,"[10694"",""1069400"",""10017"",""1001700""]""",Org1MSP Org2MSP ,VALID,, 10017 10694,,WT,195,19049,0
2022-04-07T17:26:36.957Z,d84af1816922ced9d34e8f025947b81d9b863a48e22b4419d53549b1f4be330b,Org1MSP,Func7,"[1"",""100"",""31"",""100""]""",Org1MSP Org2MSP ,VALID, 1 31, 1 31,,UT,195,19137,0
2022-04-07T17:26:36.958Z,e3aafb5ef85a371f5eac84f25f998e054808001fa4fd5c2b6918ffd1fc982862,Org1MSP,Func4,"[10051"",""1005100"",""10006"",""1000600""]""",Org1MSP Org2MSP ,VALID,, 10006 10051,,WT,195,19125,0
2022-04-07T17:26:36.959Z,5febe6ca1585b309b4787918f62bd4a3ba39753322cdf52f3229e6520872db8c,Org1MSP,Func4,"[10067"",""1006700"",""10787"",""1078700""]""",Org1MSP Org2MSP ,VALID,, 10067 10787,,WT,195,19081,0
2022-04-07T17:26:36.961Z,854280ad1a5e2e3f7b16adaab036589f47e364771ca61de1b3ad1497d246f4f9,Org1MSP,Func4,"[10002"",""1000200"",""10026"",""1002600""]""",Org1MSP Org2MSP ,VALID,, 10002 10026,,WT,195,19095,0
2022-04-07T17:26:36.962Z,c1ba12acb4c94510e640024146c10e11e2fae496f37f10c070e7ba8c423ad97c,Org1MSP,Func4,"[10000"",""1000000"",""10031"",""1003100""]""",Org1MSP Org2MSP ,VALID,, 10000 10031,,WT,195,19115,0
2022-04-07T17:26:36.963Z,a189afc4c961da14ed3a0517d1cfdba2926e915680734ed043044c33890742d8,Org1MSP,Func4,"[11498"",""1149800"",""10011"",""1001100""]""",Org1MSP Org2MSP ,VALID,, 10011 11498,,WT,195,19107,0
2022-04-07T17:26:36.964Z,e8f309a310512b6c201bd51a0f194c9b0fb917c5d1741f35290a8a68d4566527,Org1MSP,Func4,"[17742"",""1774200"",""10253"",""1025300""]""",Org1MSP Org2MSP ,VALID,, 10253 17742,,WT,195,19126,0
2022-04-07T17:26:36.972Z,f9b60c89dcf1b70ec748e1efce625a83e63a3d2042080506d93b3101a93e270c,Org1MSP,Func4,"[10211"",""1021100"",""10120"",""1012000""]""",Org1MSP Org2MSP ,VALID,, 10120 10211,,WT,195,19132,0
2022-04-07T17:26:37.055Z,a196863378ad9c214334a01c57f05c784ccd35250d534adcf94eace956c0d827,Org1MSP,Func4,"[10235"",""1023500"",""10278"",""1027800""]""",Org1MSP Org2MSP ,VALID,, 10235 10278,,WT,195,19108,0
2022-04-07T17:26:37.057Z,d96488035d5d792ae262690193cbf205d29af640a556d01b26b48b934d1827b7,Org1MSP,Func7,"[16"",""100"",""23"",""100""]""",Org1MSP Org2MSP ,VALID, 16 23, 16 23,,UT,195,19122,0
2022-04-07T17:26:37.062Z,317eeac900cbd5de03f20c60c1167bf89c02e820ee724d8e5bf2534cb3eabfe7,Org1MSP,Func4,"[10000"",""1000000"",""10005"",""1000500""]""",Org1MSP Org2MSP ,VALID,, 10000 10005,,WT,195,19062,0
2022-04-07T17:26:37.062Z,ae5df819fdae4703ff79dcd71e4558875e218c8f29016079dd10d68a95b6c002,Org1MSP,Func1,"[13"",""1090""]""",Org1MSP Org2MSP ,VALID, 1090 13,,,RT,195,19110,0
2022-04-07T17:26:37.062Z,c3aedcee9481ea640d9604bafcf097403ed9e04945d766d6e37efd9a0a8b9b65,Org1MSP,Func4,"[10009"",""1000900"",""10016"",""1001600""]""",Org1MSP Org2MSP ,VALID,, 10009 10016,,WT,195,19117,0
2022-04-07T17:26:37.063Z,bc4499308316e112ae6138e50d25f87f144a032445efd2e25b82edf702899033,Org1MSP,Func4,"[15439"",""1543900"",""10101"",""1010100""]""",Org1MSP Org2MSP ,VALID,, 10101 15439,,WT,195,19113,0
2022-04-07T17:26:37.064Z,6f42be9da53f98b19546ec0ce6c5affef5265643793d6c1072e38d8490a22bba,Org1MSP,Func4,"[10009"",""1000900"",""10000"",""1000000""]""",Org1MSP Org2MSP ,VALID,, 10000 10009,,WT,195,19085,0
2022-04-07T17:26:37.068Z,6036416ddc5ba55a5952adface8f20d243a3a558578522a55d3418723b2757e5,Org1MSP,Func7,"[45"",""100"",""12"",""100""]""",Org1MSP Org2MSP ,VALID, 12 45, 12 45,,UT,195,19082,0
2022-04-07T17:26:37.069Z,1b19a60139bc42960eba568b2783cecf48074eb4ff92724d76cd07af4bc20936,Org1MSP,Func4,"[18538"",""1853800"",""10010"",""1001000""]""",Org1MSP Org2MSP ,VALID,, 10010 18538,,WT,195,19056,0
2022-04-07T17:26:37.073Z,73ba6560c6da7cc7dd7b77ffa7a36169e9b51c199f5797e208521289b85b83ad,Org1MSP,Func4,"[10005"",""1000500"",""10003"",""1000300""]""",Org1MSP Org2MSP ,VALID,, 10003 10005,,WT,195,19088,0
2022-04-07T17:26:37.155Z,b8bded3d192a3fa4aa0df914572c1cd7a5b882991e56de59da0215ed95d49e74,Org1MSP,Func1,"[91"",""5""]""",Org1MSP Org2MSP ,VALID, 5 91,,,RT,195,19112,0
2022-04-07T17:26:37.157Z,ecebe33a20a36aa455ce79d83abc81969373f29e8317ee9004b58c5f40e7e0c4,Org1MSP,Func1,"[2439"",""174""]""",Org1MSP Org2MSP ,VALID, 174 2439,,,RT,195,19130,0
2022-04-07T17:26:37.159Z,eaed8be048559dc6c6102101135c0d05fb69679e5914207f0c61929f228f6046,Org1MSP,Func4,"[10013"",""1001300"",""10013"",""1001300""]""",Org1MSP Org2MSP ,VALID,, 10013,,WT,195,19129,0
2022-04-07T17:26:37.160Z,31f5d451845e4aa5a8a7541b4fd41bf8a7f592195b0271029b74f53d7c6dd950,Org1MSP,Func1,"[6"",""2230""]""",Org1MSP Org2MSP ,VALID, 2230 6,,,RT,195,19063,0
2022-04-07T17:26:37.161Z,da25490fbfd45d8cb6e99abaa4cd8ba5443e24fc45b8e34ca5c70d776f94aaae,Org1MSP,Func7,"[92"",""100"",""6"",""100""]""",Org1MSP Org2MSP ,VALID, 6 92, 6 92,,UT,195,19134,0
2022-04-07T17:26:37.162Z,556d944637f656037b46058cfd8aa8f925e2f519b705cb65902d12d94e2927f6,Org1MSP,Func1,"[6226"",""2""]""",Org1MSP Org2MSP ,VALID, 2 6226,,,RT,195,19136,0
2022-04-07T17:26:37.163Z,160d791391525fc03b4606de557fde0a08c2823792c98c26db2da12300421621,Org1MSP,Func4,"[10000"",""1000000"",""10011"",""1001100""]""",Org1MSP Org2MSP ,VALID,, 10000 10011,,WT,195,19055,0
2022-04-07T17:26:37.163Z,e91a9502fa9c942110ec12fe409802160656807341c47313da6d052e9b3086a8,Org1MSP,Func4,"[10000"",""1000000"",""10021"",""1002100""]""",Org1MSP Org2MSP ,VALID,, 10000 10021,,WT,195,19127,0
2022-04-07T17:26:37.166Z,99268d90a899ac36b66395ce7dfedb1b5333e1ca295554fb4f1418c6e7baf8e1,Org1MSP,Func7,"[8373"",""100"",""367"",""100""]""",Org1MSP Org2MSP ,VALID, 367 8373, 367 8373,,UT,195,19104,0
2022-04-07T17:26:37.255Z,52925089572ebdebb5b56067abdbd3d10b9cadf6e5c63565254e29b711153c85,Org1MSP,Func4,"[10004"",""1000400"",""18217"",""1821700""]""",Org1MSP Org2MSP ,VALID,, 10004 18217,,WT,195,19078,0
2022-04-07T17:26:37.258Z,3337d9d7e40847622ae017fe1756979d6b9db4a5ba88bb92c8645fd210eeb3e5,Org1MSP,Func7,"[4356"",""100"",""9"",""100""]""",Org1MSP Org2MSP ,VALID, 4356 9, 4356 9,,UT,195,19064,0
2022-04-07T17:26:37.258Z,75121b99e0327536a3cf93b7f43a7c439b669b0927d51521f320d20857dbf1e8,Org1MSP,Func4,"[13208"",""1320800"",""10181"",""1018100""]""",Org1MSP Org2MSP ,VALID,, 10181 13208,,WT,195,19090,0
2022-04-07T17:26:37.259Z,4c3ae7f2836e8a0b864d08313e8151d0a9469116f9414f3cc58162735dc4a3bc,Org1MSP,Func4,"[10116"",""1011600"",""15965"",""1596500""]""",Org1MSP Org2MSP ,VALID,, 10116 15965,,WT,195,19075,0
2022-04-07T17:26:37.261Z,2ba23abb8aeb7e0b1b99334d17c3dfa7d71b2bae57a14ae5b11c59ad3b2dfed9,Org1MSP,Func1,"[24"",""8323""]""",Org1MSP Org2MSP ,VALID, 24 8323,,,RT,195,19060,0
2022-04-07T17:26:37.264Z,8913e2ed1f04f45279ccf3cbf94d678c480174bc7b8c04bf811795815720a98c,Org1MSP,Func4,"[10490"",""1049000"",""10000"",""1000000""]""",Org1MSP Org2MSP ,VALID,, 10000 10490,,WT,195,19097,0
2022-04-07T17:26:37.265Z,a0f076a031d05cc52ca193788a1d1abd58aff119ca2db84430b07017716a521f,Org1MSP,Func4,"[10469"",""1046900"",""10005"",""1000500""]""",Org1MSP Org2MSP ,VALID,, 10005 10469,,WT,195,19105,0
2022-04-07T17:26:37.267Z,54cd2da5403f435001229f0c9b6035f409a94fb16e7903f9c3f87ae3fe525f32,Org1MSP,Func4,"[10113"",""1011300"",""10262"",""1026200""]""",Org1MSP Org2MSP ,VALID,, 10113 10262,,WT,195,19079,0
2022-04-07T17:26:37.354Z,476e4ecb1a39d0ebef978c1053406b942c4cd42b567a72165c3f8ffd3f800016,Org1MSP,Func7,"[1081"",""100"",""262"",""100""]""",Org1MSP Org2MSP ,VALID, 1081 262, 1081 262,,UT,196,19170,0
2022-04-07T17:26:37.357Z,8c6d61950d8102d272607bf35fd98ec1c14aa9f8b4097b618a22f912b2403813,Org1MSP,Func7,"[24"",""100"",""2844"",""100""]""",Org1MSP Org2MSP ,VALID, 24 2844, 24 2844,,UT,196,19199,0
2022-04-07T17:26:37.357Z,ee68b43f4a95659b9110df997a81469f7d2eb60533bf5b9c799999cc4f773e16,Org1MSP,Func4,"[10179"",""1017900"",""10000"",""1000000""]""",Org1MSP Org2MSP ,VALID,, 10000 10179,,WT,196,19220,0
2022-04-07T17:26:37.359Z,6afb45198799b9320d67995b48d8adca12c43d28120df228c971eb1f9c847855,Org1MSP,Func1,"[630"",""6""]""",Org1MSP Org2MSP ,VALID, 6 630,,,RT,196,19188,0
2022-04-07T17:26:37.360Z,a7862d3553f04c08899465bac662d300ee9505c389782f658a2f19b0b4f6a035,Org1MSP,Func1,"[39"",""1""]""",Org1MSP Org2MSP ,VALID, 1 39,,,RT,196,19207,0
2022-04-07T17:26:37.363Z,10b61215174078756d4282bd728ca07f0ebac134bc2a9e2959c1a8c793a9d02d,Org1MSP,Func7,"[114"",""100"",""1733"",""100""]""",Org1MSP Org2MSP ,VALID, 114 1733, 114 1733,,UT,196,19150,0
2022-04-07T17:26:37.365Z,c65f1006a1c880c2c30e8e2e6a2e804c43be91fbeef1875649a5e61c253e811d,Org1MSP,Func7,"[13"",""100"",""141"",""100""]""",Org1MSP Org2MSP ,VALID, 13 141, 13 141,,UT,196,19227,0
2022-04-07T17:26:37.455Z,0bea1bb415ca8fda50fb5d6566e18df01e43ab553e522c5be4c192463e1d6f78,Org1MSP,Func4,"[10101"",""1010100"",""10000"",""1000000""]""",Org1MSP Org2MSP ,VALID,, 10000 10101,,WT,196,19145,0
2022-04-07T17:26:37.457Z,33acf928575a3b7b2cc0d8d37b9bca950d34ab09ef9bf57775d2c2893fbd2a72,Org1MSP,Func4,"[15442"",""1544200"",""10000"",""1000000""]""",Org1MSP Org2MSP ,VALID,, 10000 15442,,WT,196,19167,0
2022-04-07T17:26:37.457Z,f990cb37c42e53fabf065aeeb6ebd1fb0a093436010483d81eb7672f80846ca6,Org1MSP,Func4,"[11593"",""1159300"",""10002"",""1000200""]""",Org1MSP Org2MSP ,VALID,, 10002 11593,,WT,196,19223,0
2022-04-07T17:26:37.458Z,791e9b447048b29246fa9f9d44da914c76d52ceb525a826ca6ca39bce5ea3763,Org1MSP,Func4,"[10000"",""1000000"",""10000"",""1000000""]""",Org1MSP Org2MSP ,VALID,, 10000,,WT,196,19193,0
2022-04-07T17:26:37.460Z,22a58d7f9f4e2c607e24b8c83f933eb47e4a9f4d9aa49ebeacf214645e07cc41,Org1MSP,Func4,"[11436"",""1143600"",""10000"",""1000000""]""",Org1MSP Org2MSP ,VALID,, 10000 11436,,WT,196,19159,0
2022-04-07T17:26:37.462Z,900914fbefc2e32c33d096220b4c16b38b8a468941a0b9015272b25acfebccb8,Org1MSP,Func1,"[13"",""1182""]""",Org1MSP Org2MSP ,VALID, 1182 13,,,RT,196,19200,0
2022-04-07T17:26:37.464Z,1021b362ae00b1cf9b9b1d2ec5b4e2342719cf0f484bd3d4182806ed001600a8,Org1MSP,Func1,"[21"",""41""]""",Org1MSP Org2MSP ,VALID, 21 41,,,RT,196,19147,0
2022-04-07T17:26:37.464Z,7556819c6158519db62f1bed7b3b484005ae469f7ec176dc28611db376f3b8f4,Org1MSP,Func4,"[10002"",""1000200"",""10496"",""1049600""]""",Org1MSP Org2MSP ,VALID,, 10002 10496,,WT,196,19192,0
2022-04-07T17:26:37.467Z,c5d9084fd110c4d7440f902cf115aefbd17f27ac391a9c1802c805c11152ed83,Org1MSP,Func1,"[2"",""1""]""",Org1MSP Org2MSP ,VALID, 1 2,,,RT,196,19212,0
2022-04-07T17:26:37.555Z,1a6fd59860fd1aa99481af2fc866b7cf5d3254b16508962c1721b45daddae6b5,Org1MSP,Func4,"[10001"",""1000100"",""10003"",""1000300""]""",Org1MSP Org2MSP ,VALID,, 10001 10003,,WT,196,19154,0
2022-04-07T17:26:37.557Z,9809aae71a5757aef9f33c726635540d3a4e1adaf0117726aae3491a91a0ad63,Org1MSP,Func4,"[12102"",""1210200"",""10125"",""1012500""]""",Org1MSP Org2MSP ,VALID,, 10125 12102,,WT,196,19202,0
2022-04-07T17:26:37.559Z,1cbd66e399c322aa03f3b7623b4cbcd6507fd58c17bf3915e3460e9fc5a649e5,Org1MSP,Func7,"[4734"",""100"",""3401"",""100""]""",Org1MSP Org2MSP ,VALID, 3401 4734, 3401 4734,,UT,196,19156,0
2022-04-07T17:26:37.560Z,726f6074bfe564f0ef8a082403b055791c2c257762ee9f52b1b2dd67237f5093,Org1MSP,Func1,"[80"",""20""]""",Org1MSP Org2MSP ,VALID, 20 80,,,RT,196,19191,0
2022-04-07T17:26:37.560Z,f7cb10fed44aa295bc611e1dc5d424b5d899ecd69fe461458d0b734b40cf5731,Org1MSP,Func4,"[10004"",""1000400"",""11495"",""1149500""]""",Org1MSP Org2MSP ,VALID,, 10004 11495,,WT,196,19221,0
2022-04-07T17:26:37.561Z,53122e38d527fcaf17e6638402e0ae5d188017bdcab8afdb85e07d4294415c4b,Org1MSP,Func4,"[10006"",""1000600"",""10033"",""1003300""]""",Org1MSP Org2MSP ,VALID,, 10006 10033,,WT,196,19179,0
2022-04-07T17:26:37.565Z,7ab7e68e4d1b00531ed74edef0a20fcfc46388d75ddcf572e5b75da66b53af48,Org1MSP,Func4,"[10029"",""1002900"",""11786"",""1178600""]""",Org1MSP Org2MSP ,VALID,, 10029 11786,,WT,196,19194,0
2022-04-07T17:26:37.569Z,fde77cb71587e28654e8b01af300f13c1351c000715df4d60234618ab93002f2,Org1MSP,Func4,"[19905"",""1990500"",""10940"",""1094000""]""",Org1MSP Org2MSP ,VALID,, 10940 19905,,WT,196,19224,0
2022-04-07T17:26:37.655Z,55258181dcb8c791ec7a66b85794c00a4d9f2c1e3fe4b40eaec3ba322b74c9f9,Org1MSP,Func4,"[10032"",""1003200"",""10529"",""1052900""]""",Org1MSP Org2MSP ,VALID,, 10032 10529,,WT,196,19181,0
2022-04-07T17:26:37.657Z,4989294fcebef212261029796a49cf29959aa39932fb0f5aa4e0014a65334af3,Org1MSP,Func4,"[10042"",""1004200"",""10371"",""1037100""]""",Org1MSP Org2MSP ,VALID,, 10042 10371,,WT,196,19172,0
2022-04-07T17:26:37.658Z,68f923683c0aa349b47fefb4ce63f00426f4dba0b72c983066dcb8d522ba4381,Org1MSP,Func4,"[10692"",""1069200"",""10000"",""1000000""]""",Org1MSP Org2MSP ,VALID,, 10000 10692,,WT,196,19186,0
2022-04-07T17:26:37.662Z,616f4190b0dc7bb69db3dd96ba81b63a3aa58cfeeae4aa89740ae70b06a82210,Org1MSP,Func4,"[13228"",""1322800"",""10054"",""1005400""]""",Org1MSP Org2MSP ,VALID,, 10054 13228,,WT,196,19185,0
2022-04-07T17:26:37.662Z,80ea760b18360bf8275cf488323cd7c35fae54874fe9b95807af2de93d17e22d,Org1MSP,Func4,"[10584"",""1058400"",""10002"",""1000200""]""",Org1MSP Org2MSP ,VALID,, 10002 10584,,WT,196,19195,0
2022-04-07T17:26:37.663Z,4357354eea2004b957873638352a8eb335bd4d63fbb50cc009450369b521388d,Org1MSP,Func4,"[10018"",""1001800"",""19881"",""1988100""]""",Org1MSP Org2MSP ,VALID,, 10018 19881,,WT,196,19169,0
2022-04-07T17:26:37.663Z,71a1f40eaa3fed3ed7bd5bde1ea7b55d2f4e41a6766cd9f0c1f97e511c6a9a5e,Org1MSP,Func7,"[416"",""100"",""608"",""100""]""",Org1MSP Org2MSP ,VALID, 416 608, 416 608,,UT,196,19190,0
2022-04-07T17:26:37.664Z,4bd308b005c353fece3ad1e998e631eee62ac10ea78edb476654fbc390ca6b8a,Org1MSP,Func1,"[13"",""45""]""",Org1MSP Org2MSP ,VALID, 13 45,,,RT,196,19174,0
2022-04-07T17:26:37.667Z,33a71a179a61d5db3d03015d130955f87d7b629f0fcfad9268cae65fd7370635,Org1MSP,Func7,"[20"",""100"",""55"",""100""]""",Org1MSP Org2MSP ,VALID, 20 55, 20 55,,UT,196,19225,0
2022-04-07T17:26:37.755Z,74e3916a0b0b2cbabfa058c4696fcee328c13f1eb7dc4e4c47fe92275e5e6d2a,Org1MSP,Func7,"[1"",""100"",""1"",""100""]""",Org1MSP Org2MSP ,VALID, 1, 1,,UT,196,19233,0
2022-04-07T17:26:37.757Z,0e491b32d654d0faa552a9f5e616f643709bd27b5c6747e51b5a120c663370d6,Org1MSP,Func1,"[118"",""1""]""",Org1MSP Org2MSP ,VALID, 1 118,,,RT,196,19228,0
2022-04-07T17:26:37.759Z,9bc2cbaf1cfbcec693c529b4a179fdbdca1fb74232326e414372e2240c8fec3d,Org1MSP,Func4,"[10018"",""1001800"",""10000"",""1000000""]""",Org1MSP Org2MSP ,VALID,, 10000 10018,,WT,196,19204,0
2022-04-07T17:26:37.760Z,2c9253c3f5b9bd08468610be1b502e722f32b3960744fa2696b71bf59dce347c,Org1MSP,Func1,"[317"",""2278""]""",Org1MSP Org2MSP ,VALID, 2278 317,,,RT,196,19161,0
2022-04-07T17:26:37.760Z,e20874e3f99af536f90933bab63fe802048ff21f853f5fa71c3a8feb3a919c78,Org1MSP,Func4,"[10249"",""1024900"",""12482"",""1248200""]""",Org1MSP Org2MSP ,VALID,, 10249 12482,,WT,196,19216,0
2022-04-07T17:26:37.761Z,136165029dc2d7280dc5c65c8f9f7d47f6e887630ab82e6f9c08fdeca9242248,Org1MSP,Func1,"[63"",""147""]""",Org1MSP Org2MSP ,VALID, 147 63,,,RT,196,19151,0
2022-04-07T17:26:37.762Z,145580ddec1043fa722ffaf22fafb30aaacc1b2b357419e6dd509af9250f197c,Org1MSP,Func4,"[10003"",""1000300"",""10053"",""1005300""]""",Org1MSP Org2MSP ,VALID,, 10003 10053,,WT,196,19153,0
2022-04-07T17:26:37.762Z,553b58a12189bf18e4db119d9fda75d32e06ced21b99b1ef835d56a3ec6b57a1,Org1MSP,Func1,"[97"",""726""]""",Org1MSP Org2MSP ,VALID, 726 97,,,RT,196,19182,0
2022-04-07T17:26:37.764Z,527feacd54ec2890153391234ea536822d626cdac0371dac1a1e691a2aca9937,Org1MSP,Func4,"[19053"",""1905300"",""10001"",""1000100""]""",Org1MSP Org2MSP ,VALID,, 10001 19053,,WT,196,19178,0
2022-04-07T17:26:37.768Z,9f76ad9d0725b79a041f363f46804fe8df5539fd7c039909583addf7cdf363b2,Org1MSP,Func1,"[4103"",""8255""]""",Org1MSP Org2MSP ,VALID, 4103 8255,,,RT,196,19205,0
2022-04-07T17:26:37.855Z,103a0d854e6e540d7692c2cb90d5e11f48389a980650e760f8cb02f06757e371,Org1MSP,Func4,"[10068"",""1006800"",""10010"",""1001000""]""",Org1MSP Org2MSP ,VALID,, 10010 10068,,WT,196,19149,0
2022-04-07T17:26:37.857Z,a9672b9414eb33efc0b1c3038d38550d019ef80ad8bf8e2a94dbac2c0c5138e8,Org1MSP,Func4,"[10550"",""1055000"",""10006"",""1000600""]""",Org1MSP Org2MSP ,VALID,, 10006 10550,,WT,196,19208,0
2022-04-07T17:26:37.859Z,d40614abea5ca288a7c9cf376c6b15306aaab4d7b9f63c416878eddda09dab80,Org1MSP,Func4,"[10244"",""1024400"",""10004"",""1000400""]""",Org1MSP Org2MSP ,VALID,, 10004 10244,,WT,196,19215,0
2022-04-07T17:26:37.861Z,51d107020d26ffb048772a2a6e0a556390dc7d4f6c1bcf7d083875bd43f212d0,Org1MSP,Func4,"[14813"",""1481300"",""12935"",""1293500""]""",Org1MSP Org2MSP ,VALID,, 12935 14813,,WT,196,19177,0
2022-04-07T17:26:37.861Z,a993120253f812df5deea6c78868a6299d8744faf7bd21abc337df4d85153ad5,Org1MSP,Func1,"[169"",""22""]""",Org1MSP Org2MSP ,VALID, 169 22,,,RT,196,19209,0
2022-04-07T17:26:37.862Z,32e6fa7a717997ed7b49e2f5b40d09a7cf0d0d7cf458ec4a65de963c4fef538d,Org1MSP,Func4,"[11531"",""1153100"",""10013"",""1001300""]""",Org1MSP Org2MSP ,VALID,, 10013 11531,,WT,196,19166,0
2022-04-07T17:26:37.862Z,4f5daaebd5c822e4a676f28c992146c3f831ad4c464f7cb79c8bf7822b3eaa50,Org1MSP,Func4,"[12528"",""1252800"",""17773"",""1777300""]""",Org1MSP Org2MSP ,VALID,, 12528 17773,,WT,196,19175,0
2022-04-07T17:26:37.865Z,9ffda453dbf92dfd0486623e15c81b53bc7db07808e4401b0f438ee32d059019,Org1MSP,Func4,"[10037"",""1003700"",""11293"",""1129300""]""",Org1MSP Org2MSP ,VALID,, 10037 11293,,WT,196,19206,0
2022-04-07T17:26:37.868Z,70a87924a559246be52a113494cf36aabe311a8772d65d8ed6309db3165c0d22,Org1MSP,Func4,"[10010"",""1001000"",""10283"",""1028300""]""",Org1MSP Org2MSP ,VALID,, 10010 10283,,WT,196,19189,0
2022-04-07T17:26:37.957Z,2296c1071c9f9f9daea9a24d042db900e7766f4226df49d08ac55173d9c406d4,Org1MSP,Func7,"[17"",""100"",""364"",""100""]""",Org1MSP Org2MSP ,VALID, 17 364, 17 364,,UT,196,19158,0
2022-04-07T17:26:37.960Z,1deb8e09aaebe0fdb4a0ef6fb7e21384953d0089d33070cbad520f29efdd83c7,Org1MSP,Func1,"[232"",""70""]""",Org1MSP Org2MSP ,VALID, 232 70,,,RT,196,19157,0
2022-04-07T17:26:37.960Z,503cfc80c7e98db90317efd73ba26f0d19a7b78faed858b84a0bab114ae9786f,Org1MSP,Func4,"[10136"",""1013600"",""10001"",""1000100""]""",Org1MSP Org2MSP ,VALID,, 10001 10136,,WT,196,19176,0
2022-04-07T17:26:37.960Z,7fa63f8fcafd23b6d8fad0a8c2514a68109b86d55a5f6c95ed55c1dc5a907bff,Org1MSP,Func7,"[127"",""100"",""4"",""100""]""",Org1MSP Org2MSP ,VALID, 127 4, 127 4,,UT,196,19232,0
2022-04-07T17:26:37.961Z,30263186a8b2c629f9af896b0f60d97cdd4015d7b0666eb296dc93e0e707e5a4,Org1MSP,Func1,"[36"",""198""]""",Org1MSP Org2MSP ,VALID, 198 36,,,RT,196,19163,0
2022-04-07T17:26:37.962Z,486580487eeb3923819a18f516335d30b265d140d709754e8971b6782199da56,Org1MSP,Func4,"[10001"",""1000100"",""11339"",""1133900""]""",Org1MSP Org2MSP ,VALID,, 10001 11339,,WT,196,19171,0
2022-04-07T17:26:37.965Z,ede51d5e07e492801700828359c5d06eed0fe2ab765925245d0febb9dd7b6f83,Org1MSP,Func4,"[10687"",""1068700"",""10000"",""1000000""]""",Org1MSP Org2MSP ,VALID,, 10000 10687,,WT,196,19219,0
2022-04-07T17:26:37.966Z,d14d830f1d35816af3e48cf1bbf473194d40d3093fc89a7fe2ccb9a1ce463b85,Org1MSP,Func4,"[10039"",""1003900"",""10031"",""1003100""]""",Org1MSP Org2MSP ,VALID,, 10031 10039,,WT,196,19214,0
2022-04-07T17:26:37.967Z,10248a54602a29935c37b4ada965f9c8601b019c127eaf0f3a061bb1c97abf40,Org1MSP,Func4,"[12702"",""1270200"",""10051"",""1005100""]""",Org1MSP Org2MSP ,VALID,, 10051 12702,,WT,196,19148,0
2022-04-07T17:26:37.969Z,577228c9fb95d2e8913b179fe3445847a309105fd99329621c298176765c1633,Org1MSP,Func4,"[10000"",""1000000"",""10035"",""1003500""]""",Org1MSP Org2MSP ,VALID,, 10000 10035,,WT,196,19183,0
2022-04-07T17:26:38.054Z,579aac23a48a4a6d3fa5a00d997d497abb023c04eeb8490554147db8b8792198,Org1MSP,Func4,"[15444"",""1544400"",""10010"",""1001000""]""",Org1MSP Org2MSP ,VALID,, 10010 15444,,WT,196,19184,0
2022-04-07T17:26:38.057Z,93f827b40c3029c65206adda328e8d4599727add9c200d0c182691b6be7cdc19,Org1MSP,Func4,"[10000"",""1000000"",""10000"",""1000000""]""",Org1MSP Org2MSP ,VALID,, 10000,,WT,196,19201,0
2022-04-07T17:26:38.058Z,24a2bdc559a29677b787de3eeb1d0bb1a9d6ce670d5132bb493f901b722a01b0,Org1MSP,Func4,"[10008"",""1000800"",""10000"",""1000000""]""",Org1MSP Org2MSP ,VALID,, 10000 10008,,WT,196,19160,0
2022-04-07T17:26:38.059Z,0015d175ba496ff44cb2576da5d1dcbb8022c284b3bebdf3541b95f8d7200361,Org1MSP,Func1,"[9362"",""1547""]""",Org1MSP Org2MSP ,VALID, 1547 9362,,,RT,196,19141,0
2022-04-07T17:26:38.061Z,985d2d1e3127acc0aa87612349d0009cde612c1010f7f5a2ae7a3c5ff83a64e5,Org1MSP,Func4,"[10408"",""1040800"",""11055"",""1105500""]""",Org1MSP Org2MSP ,VALID,, 10408 11055,,WT,196,19203,0
2022-04-07T17:26:38.062Z,e7d78422dfd48b655a9032f2d903e5ee9a9213def097a9139628261d37ce5acd,Org1MSP,Func1,"[4"",""1220""]""",Org1MSP Org2MSP ,VALID, 1220 4,,,RT,196,19217,0
2022-04-07T17:26:38.062Z,06904d1c25be3bb181479a04b576a29d330d0722225b16249d1b5af19a0d11d4,Org1MSP,Func1,"[1"",""16""]""",Org1MSP Org2MSP ,VALID, 1 16,,,RT,196,19229,0
2022-04-07T17:26:38.063Z,666f74921d5469980cd4c2ffda610773933d5ade88f59a40a1acd0e3d2042d9e,Org1MSP,Func7,"[53"",""100"",""2"",""100""]""",Org1MSP Org2MSP ,VALID, 2 53, 2 53,,UT,196,19230,0
2022-04-07T17:26:38.064Z,8ac21f4b0c0ae17ec14623b766318392665af6acefaa8b97bb7daa28be6c9f82,Org1MSP,Func4,"[10396"",""1039600"",""10032"",""1003200""]""",Org1MSP Org2MSP ,VALID,, 10032 10396,,WT,196,19198,0
2022-04-07T17:26:38.066Z,2cd1221641ddf6046095134b54ba5a6e8d97fe6212582b5fd6bd2632a52154ab,Org1MSP,Func4,"[10013"",""1001300"",""14815"",""1481500""]""",Org1MSP Org2MSP ,VALID,, 10013 14815,,WT,196,19162,0
2022-04-07T17:26:38.160Z,0132b5b00b9c3502fbf873cbbc4709cb5d725de237fb698c10c12135b39cc7c7,Org1MSP,Func4,"[12057"",""1205700"",""10127"",""1012700""]""",Org1MSP Org2MSP ,VALID,, 10127 12057,,WT,196,19142,0
2022-04-07T17:26:38.160Z,69ade1a1075d020c39c099efc832ff851dd1a02dc1dae4d4a8b9120a8c252fdb,Org1MSP,Func1,"[3470"",""5951""]""",Org1MSP Org2MSP ,VALID, 3470 5951,,,RT,196,19187,0
2022-04-07T17:26:38.160Z,d0c1746b75ba3f76a6de0ec9b93bb80a62d506984455d4abf8e20e103a9f6fad,Org1MSP,Func4,"[10045"",""1004500"",""18111"",""1811100""]""",Org1MSP Org2MSP ,VALID,, 10045 18111,,WT,196,19213,0
2022-04-07T17:26:38.160Z,f91e915b4aa9d6926a2a174c8eb29bfae0fa530e06f0753506857ddebf03b676,Org1MSP,Func4,"[10159"",""1015900"",""10000"",""1000000""]""",Org1MSP Org2MSP ,VALID,, 10000 10159,,WT,196,19222,0
2022-04-07T17:26:38.161Z,13ec396de90a4c1eef7edff9cb6b1c13f04689517f53121e681cf0bf78d421b4,Org1MSP,Func4,"[10000"",""1000000"",""10931"",""1093100""]""",Org1MSP Org2MSP ,VALID,, 10000 10931,,WT,196,19152,0
2022-04-07T17:26:38.162Z,0c8c651c1dc163b14b0b0c8aa692ff5fbfd003e42d5dadf09dc6273b8cec0068,Org1MSP,Func4,"[10002"",""1000200"",""10002"",""1000200""]""",Org1MSP Org2MSP ,VALID,, 10002,,WT,196,19146,0
2022-04-07T17:26:38.164Z,024d54681b71eb36b1eb02d25f6f22fa16b124f864b252ef20518f1b70ee929b,Org1MSP,Func4,"[10008"",""1000800"",""12178"",""1217800""]""",Org1MSP Org2MSP ,VALID,, 10008 12178,,WT,196,19143,0
2022-04-07T17:26:38.164Z,c1e1dd73bbf6ff35362b009d93594498576eb0832eb77cfd2bcf5c725b0b9258,Org1MSP,Func4,"[10003"",""1000300"",""13786"",""1378600""]""",Org1MSP Org2MSP ,VALID,, 10003 13786,,WT,196,19211,0
2022-04-07T17:26:38.166Z,49918133622d411d53e012271fb28bfa2e59222dad9d64ecd31cb1d24141fe8a,Org1MSP,Func4,"[10007"",""1000700"",""10091"",""1009100""]""",Org1MSP Org2MSP ,VALID,, 10007 10091,,WT,196,19173,0
2022-04-07T17:26:38.256Z,063e4908c5d7cd6fcc0dcec4256555c2d4c1777ed7455b4b76663c716e5bd03e,Org1MSP,Func4,"[10000"",""1000000"",""10074"",""1007400""]""",Org1MSP Org2MSP ,VALID,, 10000 10074,,WT,196,19144,0
2022-04-07T17:26:38.257Z,83270cdd68cf82bcdf539d98b9099706aac41e8373fa98dfe67f5744191a7f2b,Org1MSP,Func4,"[10454"",""1045400"",""18569"",""1856900""]""",Org1MSP Org2MSP ,VALID,, 10454 18569,,WT,196,19196,0
2022-04-07T17:26:38.259Z,8a4f14232d8c88f1032073a7bfc2a62649f7aefc1fa42153b6801b4c955e7e2b,Org1MSP,Func4,"[10773"",""1077300"",""10027"",""1002700""]""",Org1MSP Org2MSP ,VALID,, 10027 10773,,WT,196,19197,0
2022-04-07T17:26:38.259Z,31bb3d8d9a0bcdab3acb2131732cfc665b9fa65d92dbd2cb5b307918549100ed,Org1MSP,Func1,"[5544"",""7""]""",Org1MSP Org2MSP ,VALID, 5544 7,,,RT,196,19231,0
2022-04-07T17:26:38.260Z,541dbc6dfbd821684c549864a64bcf88f779d0fc0dd01020c4b611acc00eb3d4,Org1MSP,Func4,"[13503"",""1350300"",""10022"",""1002200""]""",Org1MSP Org2MSP ,VALID,, 10022 13503,,WT,196,19180,0
2022-04-07T17:26:38.262Z,f0c7d7a5853a48e8d372da680a3c639b39a23107d17045c39bd9d25a94f0258e,Org1MSP,Func7,"[80"",""100"",""98"",""100""]""",Org1MSP Org2MSP ,VALID, 80 98, 80 98,,UT,196,19226,0
2022-04-07T17:26:38.263Z,328f0b540b61c1c6d48c22188be0a70e2032fa5f44a2c107e51761856981909d,Org1MSP,Func1,"[50"",""8""]""",Org1MSP Org2MSP ,VALID, 50 8,,,RT,196,19165,0
2022-04-07T17:26:38.263Z,e9a4e51691ea6e4dc5079ba31bae1623205013667a766aebd9cd927d24a6a365,Org1MSP,Func4,"[10033"",""1003300"",""10097"",""1009700""]""",Org1MSP Org2MSP ,VALID,, 10033 10097,,WT,196,19218,0
2022-04-07T17:26:38.265Z,311cb11a15eff9778ac8f2b5fe7ed58cd9e449e42ce6afbd5f23d7b0d514103e,Org1MSP,Func7,"[168"",""100"",""37"",""100""]""",Org1MSP Org2MSP ,VALID, 168 37, 168 37,,UT,196,19164,0
2022-04-07T17:26:38.266Z,37cc63efc2585e69b57a40f750cda747fed1f2c787b559d6737bc2ec5174207d,Org1MSP,Func4,"[10010"",""1001000"",""10040"",""1004000""]""",Org1MSP Org2MSP ,VALID,, 10010 10040,,WT,196,19168,0
2022-04-07T17:26:38.355Z,bacc002262e0760842331042abe54d4bbd1f75ca5a33623e1fd234c98b9e1e81,Org1MSP,Func4,"[10000"",""1000000"",""11704"",""1170400""]""",Org1MSP Org2MSP ,VALID,, 10000 11704,,WT,197,19292,0
2022-04-07T17:26:38.356Z,fb65e850df564952d537b917b4e0419f9118e67276c06edafef298a75c8b9633,Org1MSP,Func4,"[10014"",""1001400"",""10525"",""1052500""]""",Org1MSP Org2MSP ,VALID,, 10014 10525,,WT,197,19305,0
2022-04-07T17:26:38.358Z,aa738124b8c1a2dd63c1f660f18891da0c10dd9323d174bfff9fdff52fe82d34,Org1MSP,Func4,"[11720"",""1172000"",""10000"",""1000000""]""",Org1MSP Org2MSP ,VALID,, 10000 11720,,WT,196,19210,0
2022-04-07T17:26:38.360Z,7f8ffcbcd5337749dbc3c16d295bd61f8bcf8a4c335513e31f5500ab15172a3a,Org1MSP,Func4,"[10003"",""1000300"",""10002"",""1000200""]""",Org1MSP Org2MSP ,VALID,, 10002 10003,,WT,197,19265,0
2022-04-07T17:26:38.362Z,a81e4e802f86bbd5b03e4270e23a1bdb1798fb2d74399157f6112bcfd725a156,Org1MSP,Func4,"[10000"",""1000000"",""10010"",""1001000""]""",Org1MSP Org2MSP ,VALID,, 10000 10010,,WT,197,19284,0
2022-04-07T17:26:38.363Z,1aaffe0788f0e850e7b821ddcd9c43cf59ea2500a65e9fa7c79345b561d83b18,Org1MSP,Func1,"[356"",""131""]""",Org1MSP Org2MSP ,VALID, 131 356,,,RT,196,19155,0
2022-04-07T17:26:38.363Z,eac266d1f3ba58ff3faa1ae284a813233c81d0e09e3e18932af068830eeeab8c,Org1MSP,Func4,"[11738"",""1173800"",""10016"",""1001600""]""",Org1MSP Org2MSP ,VALID,, 10016 11738,,WT,197,19301,0
2022-04-07T17:26:38.366Z,d5b967dd243342e461e80e3856807a46868d1fe39f6f8cfa8767a95f1d88739b,Org1MSP,Func4,"[11795"",""1179500"",""15449"",""1544900""]""",Org1MSP Org2MSP ,VALID,, 11795 15449,,WT,197,19295,0
2022-04-07T17:26:38.367Z,beb6c6fc961a0c864d427d412175ed756fee565121ebf113e280b5c54caf4f30,Org1MSP,Func7,"[591"",""100"",""15"",""100""]""",Org1MSP Org2MSP ,VALID, 15 591, 15 591,,UT,197,19313,0
2022-04-07T17:26:38.370Z,836ad003d648f0edd1ebaab6ea84a16cd57e4a54b56f6046be958d3698a7f541,Org1MSP,Func1,"[245"",""3""]""",Org1MSP Org2MSP ,VALID, 245 3,,,RT,197,19267,0
2022-04-07T17:26:38.455Z,fde064ff355134acc25b2aa9e25fdb4dfead06795f15ffbea3babc65e46bf384,Org1MSP,Func4,"[10000"",""1000000"",""10004"",""1000400""]""",Org1MSP Org2MSP ,VALID,, 10000 10004,,WT,197,19308,0
2022-04-07T17:26:38.457Z,55d554658b65f39b41f69d20d443af516b8048f2f5a5d3fb7bf06c54aadad12b,Org1MSP,Func4,"[10000"",""1000000"",""16643"",""1664300""]""",Org1MSP Org2MSP ,VALID,, 10000 16643,,WT,197,19252,0
2022-04-07T17:26:38.459Z,ae73869398aad3e3d54487ed1a7aba1c52f0f1c4c7a9f0bdfae0f83470c8e701,Org1MSP,Func4,"[10125"",""1012500"",""10035"",""1003500""]""",Org1MSP Org2MSP ,VALID,, 10035 10125,,WT,197,19287,0
2022-04-07T17:26:38.460Z,9c8285c4914fb954bec341a382f698b08f5b36f64a8716cd47ab143d4f958b69,Org1MSP,Func7,"[519"",""100"",""69"",""100""]""",Org1MSP Org2MSP ,VALID, 519 69, 519 69,,UT,197,19278,0
2022-04-07T17:26:38.462Z,7badd1e6b41e12cd5c2cd021d617433031133c22e477a03f4f24f46c59bda083,Org1MSP,Func1,"[141"",""2188""]""",Org1MSP Org2MSP ,VALID, 141 2188,,,RT,197,19262,0
2022-04-07T17:26:38.464Z,22557db532397b3c950057561d0b8165bcf32e8bec03413d0dd5909ac46aea03,Org1MSP,Func4,"[10174"",""1017400"",""11797"",""1179700""]""",Org1MSP Org2MSP ,VALID,, 10174 11797,,WT,197,19239,0
2022-04-07T17:26:38.466Z,a0be6355473241891ffeba68e04b25dc89523ed8ac8d957c8ad30d6ef2095f8b,Org1MSP,Func4,"[10000"",""1000000"",""10144"",""1014400""]""",Org1MSP Org2MSP ,VALID,, 10000 10144,,WT,197,19280,0
2022-04-07T17:26:38.466Z,fbd4eed36461655404d0089e2d5b0ae1b7ad9a88fbd4d2505f3f59d518880497,Org1MSP,Func7,"[18"",""100"",""248"",""100""]""",Org1MSP Org2MSP ,VALID, 18 248, 18 248,,UT,197,19306,0
2022-04-07T17:26:38.554Z,ace0ec014ed745b3b020abc0c22a142e0066d150db0fb9f64d8f4083e810371a,Org1MSP,Func4,"[10002"",""1000200"",""10002"",""1000200""]""",Org1MSP Org2MSP ,VALID,, 10002,,WT,197,19286,0
2022-04-07T17:26:38.557Z,7be4976ef2912fbd02d9cace1885f56ee65124fb2fb62eda496601d3d6c4ddc8,Org1MSP,Func4,"[13254"",""1325400"",""13793"",""1379300""]""",Org1MSP Org2MSP ,VALID,, 13254 13793,,WT,197,19263,0
2022-04-07T17:26:38.559Z,524e77424d3a862507f5e61d2b5513028ea37e3cebc0ea926115b5cf303137f2,Org1MSP,Func4,"[12345"",""1234500"",""10100"",""1010000""]""",Org1MSP Org2MSP ,VALID,, 10100 12345,,WT,197,19250,0
2022-04-07T17:26:38.559Z,e93ae1ea45cba619f62047964b6569d9c669c2748d647dc90588bba5bb7c913d,Org1MSP,Func4,"[10341"",""1034100"",""10383"",""1038300""]""",Org1MSP Org2MSP ,VALID,, 10341 10383,,WT,197,19299,0
2022-04-07T17:26:38.561Z,af06624816c2f6f3c19562b72513d41c41dd84f820f29001e8c4129bac3d6066,Org1MSP,Func1,"[7"",""68""]""",Org1MSP Org2MSP ,VALID, 68 7,,,RT,197,19288,0
2022-04-07T17:26:38.561Z,fef949d9ba0b113d0d7b7f0dfa94ae0586ee6c2efc2036ab88c6852ae1c8b6dd,Org1MSP,Func4,"[10025"",""1002500"",""10064"",""1006400""]""",Org1MSP Org2MSP ,VALID,, 10025 10064,,WT,197,19309,0
2022-04-07T17:26:38.565Z,056fc9eb5e90c285f26c219676d1725a51ae8bc37007f249f25b35e2a34a3d79,Org1MSP,Func4,"[10002"",""1000200"",""10036"",""1003600""]""",Org1MSP Org2MSP ,VALID,, 10002 10036,,WT,197,19234,0
2022-04-07T17:26:38.567Z,c0c27647cc7f2220873c93354190df03150e5023277f18cea6bf0892432cfef1,Org1MSP,Func4,"[10100"",""1010000"",""12255"",""1225500""]""",Org1MSP Org2MSP ,VALID,, 10100 12255,,WT,197,19293,0
2022-04-07T17:26:38.568Z,a4852bdc44b220bd1931c8ad778ee76a4ffbd6811486fb201c2351fc76dff6c0,Org1MSP,Func4,"[10748"",""1074800"",""10011"",""1001100""]""",Org1MSP Org2MSP ,VALID,, 10011 10748,,WT,197,19282,0
2022-04-07T17:26:38.656Z,8c475de1a009233bc70ee1f8335020116ae73b6a158026f6fb718e6c901f220c,Org1MSP,Func4,"[10732"",""1073200"",""15082"",""1508200""]""",Org1MSP Org2MSP ,VALID,, 10732 15082,,WT,197,19270,0
2022-04-07T17:26:38.657Z,5c987f1026193dec0fb43977fbf6d8d5ccd96f9242cc3ed5fccb0029f8d6e0f5,Org1MSP,Func7,"[616"",""100"",""2613"",""100""]""",Org1MSP Org2MSP ,VALID, 2613 616, 2613 616,,UT,197,19254,0
2022-04-07T17:26:38.658Z,f274794fa8439954aca8bfd41f210c3b0eaf7f4bf336239393a99c277cc8d8b0,Org1MSP,Func4,"[10265"",""1026500"",""10000"",""1000000""]""",Org1MSP Org2MSP ,VALID,, 10000 10265,,WT,197,19303,0
2022-04-07T17:26:38.660Z,0a5b5e019566ab5f345da629f698b5cc8c7196b6bd0d9b44bce3e1316a372688,Org1MSP,Func4,"[10551"",""1055100"",""10051"",""1005100""]""",Org1MSP Org2MSP ,VALID,, 10051 10551,,WT,197,19235,0
2022-04-07T17:26:38.660Z,7761e0a6c2235c3fa164a2b778a30c3178ba1192f967c05663b0312f092a4d23,Org1MSP,Func4,"[10008"",""1000800"",""10002"",""1000200""]""",Org1MSP Org2MSP ,VALID,, 10002 10008,,WT,197,19260,0
2022-04-07T17:26:38.662Z,435eb49d95b8ecbd3775d737ccdd242cf8f9e50aaed0bb3ceed9336ddb9a02de,Org1MSP,Func1,"[1"",""5""]""",Org1MSP Org2MSP ,VALID, 1 5,,,RT,197,19245,0
2022-04-07T17:26:38.663Z,73441f140d233259565968b7f3958191d1cfafec8f4d6085b9090ae9521803f2,Org1MSP,Func4,"[14115"",""1411500"",""10000"",""1000000""]""",Org1MSP Org2MSP ,VALID,, 10000 14115,,WT,197,19258,0
2022-04-07T17:26:38.664Z,4d9cbef0c28473232fecadb38d9399d5aa733d29fa0c1468860db8de9790d0b6,Org1MSP,Func4,"[10022"",""1002200"",""10000"",""1000000""]""",Org1MSP Org2MSP ,VALID,, 10000 10022,,WT,197,19248,0
2022-04-07T17:26:38.669Z,8eb381cfc2472880168a60fe94c2a620a14a41eb7d9b2ad726f0a7f93a6ddc3c,Org1MSP,Func1,"[1"",""1""]""",Org1MSP Org2MSP ,VALID, 1,,,RT,197,19272,0
2022-04-07T17:26:38.756Z,1d8dfdb9cecb503306188fb8f48171d668686b98c011f554ca73fa6ffe5bc867,Org1MSP,Func4,"[10001"",""1000100"",""10162"",""1016200""]""",Org1MSP Org2MSP ,VALID,, 10001 10162,,WT,197,19238,0
2022-04-07T17:26:38.758Z,a1299fb8ce788381b90c5f2a8b87f339d6b76ed10bde605c0f9dc239b8fff2d3,Org1MSP,Func7,"[960"",""100"",""2860"",""100""]""",Org1MSP Org2MSP ,VALID, 2860 960, 2860 960,,UT,197,19281,0
2022-04-07T17:26:38.760Z,a94a3ec57120d486c80e5670898337cae123475818d9cb0951cb42064fd772fb,Org1MSP,Func4,"[10790"",""1079000"",""10027"",""1002700""]""",Org1MSP Org2MSP ,VALID,, 10027 10790,,WT,197,19285,0
2022-04-07T17:26:38.760Z,f818529ae1f3de44a472e055bf372a61e101feb43052eb22939535f398dc9766,Org1MSP,Func4,"[10030"",""1003000"",""10003"",""1000300""]""",Org1MSP Org2MSP ,VALID,, 10003 10030,,WT,197,19304,0
2022-04-07T17:26:38.761Z,7e105d7e357c653ae20acbcb47212491130456515a158c06626c1b5494067a1c,Org1MSP,Func4,"[17677"",""1767700"",""14117"",""1411700""]""",Org1MSP Org2MSP ,VALID,, 14117 17677,,WT,197,19264,0
2022-04-07T17:26:38.762Z,48525f1ef668c7ffcec8fa5a5c5ba76fbc9522d6a849ed595bcb615ab1771f57,Org1MSP,Func7,"[4736"",""100"",""6"",""100""]""",Org1MSP Org2MSP ,VALID, 4736 6, 4736 6,,UT,197,19246,0
2022-04-07T17:26:38.762Z,b0c853d9692db63ff692dd517cb77571d6f1f7f601f99783dc7908b6d1ea566b,Org1MSP,Func7,"[20"",""100"",""374"",""100""]""",Org1MSP Org2MSP ,VALID, 20 374, 20 374,,UT,197,19289,0
2022-04-07T17:26:38.764Z,5887f1de9abb6024140a7caafafaeab1e641795186c1ae3d8c193fa4f9ae999d,Org1MSP,Func7,"[86"",""100"",""2"",""100""]""",Org1MSP Org2MSP ,VALID, 2 86, 2 86,,UT,197,19253,0
2022-04-07T17:26:38.765Z,e1ec940c8996643a9b9056c3c53337271260b670f72b5c5eaa40932184295828,Org1MSP,Func4,"[11459"",""1145900"",""10228"",""1022800""]""",Org1MSP Org2MSP ,VALID,, 10228 11459,,WT,197,19296,0
2022-04-07T17:26:38.768Z,e912b83ec14341c2710aacb96ef482d08ae229d2a42b50d045b38bff364a0b12,Org1MSP,Func1,"[9"",""710""]""",Org1MSP Org2MSP ,VALID, 710 9,,,RT,197,19298,0
2022-04-07T17:26:38.855Z,78b69c99b90dd40e1cee83376daf05335ec84cf822ef9169ed79d3a824f61ef4,Org1MSP,Func4,"[11551"",""1155100"",""10943"",""1094300""]""",Org1MSP Org2MSP ,VALID,, 10943 11551,,WT,197,19261,0
2022-04-07T17:26:38.858Z,3f6240549f1914b99e9b18f963ea9e9c532be31d828dff3124a95f3baa21ca4a,Org1MSP,Func4,"[10091"",""1009100"",""10098"",""1009800""]""",Org1MSP Org2MSP ,VALID,, 10091 10098,,WT,197,19244,0
2022-04-07T17:26:38.860Z,e99991f6d4e1a4432552908f0aa9b83ec7397fe433438b04ff4c8b3272e06ae5,Org1MSP,Func4,"[12402"",""1240200"",""10014"",""1001400""]""",Org1MSP Org2MSP ,VALID,, 10014 12402,,WT,197,19300,0
2022-04-07T17:26:38.860Z,341d09f4ce1d9bc3e520363e7752aa704b8b9e0587b7d4a2f698350c0bed23fa,Org1MSP,Func1,"[1"",""3""]""",Org1MSP Org2MSP ,VALID, 1 3,,,RT,197,19311,0
2022-04-07T17:26:38.861Z,98248c124e14dda8312bc0c625cdd96c29f00f8b625b2856c390d5ab429fb596,Org1MSP,Func1,"[193"",""3""]""",Org1MSP Org2MSP ,VALID, 193 3,,,RT,197,19276,0
2022-04-07T17:26:38.861Z,e1ed787265ccb3bfc2e8ac31ffb04bc042779f23d9fc082fde24d152adadec52,Org1MSP,Func1,"[57"",""3120""]""",Org1MSP Org2MSP ,VALID, 3120 57,,,RT,197,19297,0
2022-04-07T17:26:38.863Z,c1fa9ecaa5d7f7b9d174e0c851f2a63af78e854a21d4f0d856a5b3150a1cf840,Org1MSP,Func4,"[15284"",""1528400"",""10435"",""1043500""]""",Org1MSP Org2MSP ,VALID,, 10435 15284,,WT,197,19294,0
2022-04-07T17:26:38.864Z,12e3a93f6ad8101bf54191b26b006c6378528bd86f22e712dfc45ce75346fac3,Org1MSP,Func4,"[10850"",""1085000"",""10643"",""1064300""]""",Org1MSP Org2MSP ,VALID,, 10643 10850,,WT,197,19237,0
2022-04-07T17:26:38.864Z,2b1715a117928be2e324d8bfbfcefe7b336050d3e8faf8258eb1e0ee6242f6ec,Org1MSP,Func4,"[17543"",""1754300"",""13125"",""1312500""]""",Org1MSP Org2MSP ,VALID,, 13125 17543,,WT,197,19240,0
2022-04-07T17:26:38.868Z,fdd03cf94ade3e78e0b4309434bcb6c0216583335707cd24d217a5099703cd7d,Org1MSP,Func4,"[10158"",""1015800"",""10039"",""1003900""]""",Org1MSP Org2MSP ,VALID,, 10039 10158,,WT,197,19307,0
2022-04-07T17:26:38.955Z,3d8eba44a99bd72b049233d6a0fa19dc9aaad94ab09b8340090e26fde6ee65c8,Org1MSP,Func7,"[1799"",""100"",""5151"",""100""]""",Org1MSP Org2MSP ,VALID, 1799 5151, 1799 5151,,UT,197,19243,0
2022-04-07T17:26:38.957Z,525e1b4e3f00394fdf694ee4af2344111b46398e98738ab0521a672918d22282,Org1MSP,Func1,"[1"",""43""]""",Org1MSP Org2MSP ,VALID, 1 43,,,RT,197,19312,0
2022-04-07T17:26:38.958Z,67d76c3baef8a97be12f2db246fc2d89b8176e5a9f7d75ca20b3382a663afd21,Org1MSP,Func4,"[10000"",""1000000"",""10375"",""1037500""]""",Org1MSP Org2MSP ,VALID,, 10000 10375,,WT,197,19257,0
2022-04-07T17:26:38.959Z,4bc5e22695811b85c71513d3e1d02a7fedc872bfdf6bce798bc2cccb81482ad0,Org1MSP,Func4,"[10032"",""1003200"",""10249"",""1024900""]""",Org1MSP Org2MSP ,VALID,, 10032 10249,,WT,197,19247,0
2022-04-07T17:26:38.961Z,535ac93652f739156e568364166c59a0e138d6fdfb2d9748a4bffec9c4254592,Org1MSP,Func4,"[10288"",""1028800"",""10033"",""1003300""]""",Org1MSP Org2MSP ,VALID,, 10033 10288,,WT,197,19251,0
2022-04-07T17:26:38.962Z,679fba51e669224377e4534352ba327573537eb89e23073541cd1f5bbc7b68d7,Org1MSP,Func7,"[889"",""100"",""61"",""100""]""",Org1MSP Org2MSP ,VALID, 61 889, 61 889,,UT,197,19256,0
2022-04-07T17:26:38.962Z,0b6390038bca6c0d1c7b37f3d41eb44aeeffcc7c07f467dc6c4e82f5750f2626,Org1MSP,Func7,"[765"",""100"",""9"",""100""]""",Org1MSP Org2MSP ,VALID, 765 9, 765 9,,UT,197,19314,0
2022-04-07T17:26:38.964Z,f94cd21b3b9bd2e2041a668e0878334854a906fe4ed6b9a2c1bacc360284a6b8,Org1MSP,Func7,"[792"",""100"",""1"",""100""]""",Org1MSP Org2MSP ,VALID, 1 792, 1 792,,UT,197,19316,0
2022-04-07T17:26:38.966Z,8922dd55ace00d8b576b74bc11fc938ee6710f984827be57c65eab0555381bd8,Org1MSP,Func7,"[290"",""100"",""75"",""100""]""",Org1MSP Org2MSP ,VALID, 290 75, 290 75,,UT,197,19269,0
2022-04-07T17:26:38.970Z,32be9921ed68eaefb3c87f2c648e50b73d36cbbfd8800c0f99d80f8433d1968a,Org1MSP,Func1,"[5"",""5139""]""",Org1MSP Org2MSP ,VALID, 5 5139,,,RT,197,19241,0
2022-04-07T17:26:39.055Z,e9761c3fba4d118b41fc9c36b6c9ac867a8d975e6052ef5850aa0a1c124fb3fb,Org1MSP,Func1,"[3"",""1""]""",Org1MSP Org2MSP ,VALID, 1 3,,,RT,197,19310,0
2022-04-07T17:26:39.057Z,92802dc9e4e5a9928edd5e735263c9cbbc25f148901a2ec449589c0ac5d3362d,Org1MSP,Func7,"[3884"",""100"",""570"",""100""]""",Org1MSP Org2MSP ,VALID, 3884 570, 3884 570,,UT,197,19274,0
2022-04-07T17:26:39.058Z,9be5f502b31aeccae8438339a79c5b105c6cec29d48a9dbd8c0a55e6cca72654,Org1MSP,Func7,"[7576"",""100"",""10"",""100""]""",Org1MSP Org2MSP ,VALID, 10 7576, 10 7576,,UT,197,19277,0
2022-04-07T17:26:39.059Z,a5ec0cd321e5f90e028a556ef38a8b65309f8380929180e05a95cbf187d3490a,Org1MSP,Func1,"[124"",""167""]""",Org1MSP Org2MSP ,VALID, 124 167,,,RT,197,19283,0
2022-04-07T17:26:39.060Z,8d0302a23c053d8c83e02e8cfa53462bb4c1f8bcf5f2dbb8556f2e632f13cb8f,Org1MSP,Func4,"[10001"",""1000100"",""10138"",""1013800""]""",Org1MSP Org2MSP ,VALID,, 10001 10138,,WT,197,19271,0
2022-04-07T17:26:39.062Z,8faa11bdd480ddfc782bfe6bfa1b631792c0be5ecf56c0b44ad613015d515d41,Org1MSP,Func1,"[15"",""2359""]""",Org1MSP Org2MSP ,VALID, 15 2359,,,RT,197,19273,0
2022-04-07T17:26:39.063Z,74655e03b85ef3e1b6d39205fc2c9d949619301937d426433193c66718eef086,Org1MSP,Func4,"[10001"",""1000100"",""10012"",""1001200""]""",Org1MSP Org2MSP ,VALID,, 10001 10012,,WT,197,19259,0
2022-04-07T17:26:39.063Z,eba91a0cad6f84d980173c8f30d0b7da89b309aed92aa772829d8a8ce57aa918,Org1MSP,Func7,"[3"",""100"",""3"",""100""]""",Org1MSP Org2MSP ,VALID, 3, 3,,UT,197,19315,0
2022-04-07T17:26:39.064Z,b6a307bd901cd3a6b656c67803ecd697611e2782a792423ca5ba5507cb0da2b6,Org1MSP,Func7,"[899"",""100"",""74"",""100""]""",Org1MSP Org2MSP ,VALID, 74 899, 74 899,,UT,197,19290,0
2022-04-07T17:26:39.071Z,972b3d760b64bf2160fc2ea8b1bbb8e7fb11b94aaf3c45ce57e23b93fa5e1ab7,Org1MSP,Func1,"[23"",""1030""]""",Org1MSP Org2MSP ,VALID, 1030 23,,,RT,197,19275,0
2022-04-07T17:26:39.156Z,b75e113282eb2d82819e560b1c0e53a883518c9f71bf879c52484b961a3b89c3,Org1MSP,Func4,"[12927"",""1292700"",""10147"",""1014700""]""",Org1MSP Org2MSP ,VALID,, 10147 12927,,WT,197,19291,0
2022-04-07T17:26:39.157Z,3cc5cc13c18e30811526ae7459669d9e0a8c09d408a2b6eea58a1a50f38c5035,Org1MSP,Func4,"[10256"",""1025600"",""10003"",""1000300""]""",Org1MSP Org2MSP ,VALID,, 10003 10256,,WT,197,19242,0
2022-04-07T17:26:39.158Z,521992bb1b9492845ce95942ae86c764868537690d88167760a415bdfe104522,Org1MSP,Func4,"[18936"",""1893600"",""18409"",""1840900""]""",Org1MSP Org2MSP ,VALID,, 18409 18936,,WT,197,19249,0
2022-04-07T17:26:39.158Z,7f914a7450fb1e54348e9ce159f9d47002cb99d46d24a7142d03073685a9e932,Org1MSP,Func4,"[10000"",""1000000"",""10023"",""1002300""]""",Org1MSP Org2MSP ,VALID,, 10000 10023,,WT,197,19266,0
2022-04-07T17:26:39.160Z,eb6e79e65d914f076871443e4b8fa70d421ce54162c88592aea4e6ee473fe791,Org1MSP,Func1,"[8"",""8""]""",Org1MSP Org2MSP ,VALID, 8,,,RT,197,19302,0
2022-04-07T17:26:39.162Z,649e55a0debaf82ea3eac1d9e35c3d3f589e6e4719c9e3e43057f46e1d6af8c9,Org1MSP,Func4,"[10797"",""1079700"",""12452"",""1245200""]""",Org1MSP Org2MSP ,VALID,, 10797 12452,,WT,197,19255,0
2022-04-07T17:26:39.162Z,853df7b0a21ed015d8d961c39acab69636bc9d0be0aedc1e54662307467c79be,Org1MSP,Func4,"[10047"",""1004700"",""10024"",""1002400""]""",Org1MSP Org2MSP ,VALID,, 10024 10047,,WT,197,19268,0
2022-04-07T17:26:39.164Z,0baf04808123cc83601410f66d456fecfbbd33f4e2bc11feb0443ae9236efd9e,Org1MSP,Func4,"[11095"",""1109500"",""10000"",""1000000""]""",Org1MSP Org2MSP ,VALID,, 10000 11095,,WT,197,19236,0
2022-04-07T17:26:39.166Z,a05e3435c56e1faa6c03abec557f76eabd6a78432a3eabf2ceadb7c1c8de4801,Org1MSP,Func4,"[11828"",""1182800"",""10034"",""1003400""]""",Org1MSP Org2MSP ,VALID,, 10034 11828,,WT,197,19279,0
